t_ms,V_mV,m,h,n,Iinj_uAcm2,INa_uAcm2,IK_uAcm2,IL_uAcm2
0,-65,0.05293248526,0.5961207535,0.3176769141,0,-1.220057176,4.399733467,-3.1839
0.01,-64.9999579,0.05293249073,0.5961207526,0.3176769147,0,-1.220057107,4.399748934,-3.183887371
0.02,-64.99991609,0.05293250681,0.5961207501,0.3176769164,0,-1.22005777,4.399764364,-3.183874826
0.03,-64.99987454,0.05293253299,0.5961207458,0.3176769194,0,-1.22005913,4.399779761,-3.183862361
0.04,-64.99983325,0.05293256877,0.5961207398,0.3176769234,0,-1.220061154,4.399795125,-3.183849975
0.05,-64.99979221,0.05293261369,0.5961207321,0.3176769287,0,-1.220063809,4.39981046,-3.183837664
0.06,-64.99975143,0.05293266732,0.5961207228,0.3176769351,0,-1.220067066,4.399825768,-3.183825428
0.07,-64.99971088,0.05293272922,0.5961207118,0.3176769426,0,-1.220070894,4.399841051,-3.183813263
0.08,-64.99967056,0.05293279901,0.5961206991,0.3176769512,0,-1.220075265,4.39985631,-3.183801169
0.09,-64.99963047,0.05293287628,0.5961206848,0.3176769609,0,-1.220080154,4.399871548,-3.183789142
0.1,-64.99959061,0.05293296067,0.5961206689,0.3176769718,0,-1.220085534,4.399886766,-3.183777182
0.11,-64.99955095,0.05293305184,0.5961206514,0.3176769837,0,-1.220091382,4.399901965,-3.183765286
0.12,-64.99951151,0.05293314944,0.5961206323,0.3176769967,0,-1.220097673,4.399917148,-3.183753453
0.13,-64.99947227,0.05293325316,0.5961206116,0.3176770108,0,-1.220104387,4.399932316,-3.183741681
0.14,-64.99943323,0.0529333627,0.5961205893,0.317677026,0,-1.220111501,4.39994747,-3.18372997
0.15,-64.99939439,0.05293347775,0.5961205654,0.3176770422,0,-1.220118996,4.399962611,-3.183718317
0.16,-64.99935574,0.05293359805,0.59612054,0.3176770595,0,-1.220126853,4.399977741,-3.183706721
0.17,-64.99931727,0.05293372332,0.596120513,0.3176770779,0,-1.220135052,4.39999286,-3.183695182
0.18,-64.99927899,0.05293385332,0.5961204845,0.3176770972,0,-1.220143577,4.400007971,-3.183683697
0.19,-64.99924088,0.05293398781,0.5961204544,0.3176771177,0,-1.220152411,4.400023073,-3.183672265
0.2,-64.99920296,0.05293412654,0.5961204228,0.3176771391,0,-1.220161538,4.400038168,-3.183660887
0.21,-64.9991652,0.0529342693,0.5961203897,0.3176771616,0,-1.220170941,4.400053257,-3.183649559
0.22,-64.99912761,0.05293441588,0.5961203551,0.3176771851,0,-1.220180608,4.40006834,-3.183638283
0.23,-64.99909019,0.05293456609,0.596120319,0.3176772096,0,-1.220190524,4.400083418,-3.183627056
0.24,-64.99905293,0.05293471971,0.5961202814,0.3176772351,0,-1.220200676,4.400098493,-3.183615878
0.25,-64.99901582,0.05293487659,0.5961202423,0.3176772616,0,-1.22021105,4.400113564,-3.183604747
0.26,-64.99897888,0.05293503653,0.5961202018,0.3176772891,0,-1.220221636,4.400128632,-3.183593664
0.27,-64.99894209,0.05293519937,0.5961201598,0.3176773175,0,-1.220232421,4.400143698,-3.183582627
0.28,-64.99890545,0.05293536496,0.5961201163,0.317677347,0,-1.220243394,4.400158763,-3.183571636
0.29,-64.99886896,0.05293553313,0.5961200714,0.3176773774,0,-1.220254545,4.400173827,-3.183560689
0.3,-64.99883262,0.05293570375,0.596120025,0.3176774088,0,-1.220265864,4.40018889,-3.183549787
0.31,-64.99879643,0.05293587667,0.5961199772,0.3176774411,0,-1.22027734,4.400203953,-3.183538928
0.32,-64.99876038,0.05293605177,0.596119928,0.3176774744,0,-1.220288966,4.400219016,-3.183528113
0.33,-64.99872447,0.05293622892,0.5961198773,0.3176775087,0,-1.220300732,4.40023408,-3.18351734
0.34,-64.9986887,0.05293640798,0.5961198253,0.3176775439,0,-1.22031263,4.400249145,-3.183506609
0.35,-64.99865306,0.05293658886,0.5961197718,0.31767758,0,-1.220324651,4.400264211,-3.183495919
0.36,-64.99861757,0.05293677144,0.5961197169,0.3176776171,0,-1.220336789,4.400279279,-3.18348527
0.37,-64.99858221,0.05293695562,0.5961196607,0.317677655,0,-1.220349036,4.400294348,-3.183474662
0.38,-64.99854698,0.05293714128,0.5961196031,0.317677694,0,-1.220361385,4.400309419,-3.183464094
0.39,-64.99851189,0.05293732835,0.5961195441,0.3176777338,0,-1.220373829,4.400324493,-3.183453566
0.4,-64.99847692,0.05293751672,0.5961194837,0.3176777745,0,-1.220386362,4.400339569,-3.183443077
0.41,-64.99844209,0.05293770631,0.5961194219,0.3176778161,0,-1.220398978,4.400354648,-3.183432626
0.42,-64.99840738,0.05293789703,0.5961193589,0.3176778587,0,-1.220411671,4.400369729,-3.183422215
0.43,-64.9983728,0.05293808881,0.5961192944,0.3176779021,0,-1.220424436,4.400384813,-3.183411841
0.44,-64.99833835,0.05293828157,0.5961192286,0.3176779464,0,-1.220437267,4.400399901,-3.183401506
0.45,-64.99830403,0.05293847523,0.5961191615,0.3176779916,0,-1.220450159,4.400414991,-3.183391208
0.46,-64.99826983,0.05293866973,0.5961190931,0.3176780377,0,-1.220463108,4.400430084,-3.183380948
0.47,-64.99823575,0.052938865,0.5961190233,0.3176780846,0,-1.220476109,4.40044518,-3.183370724
0.48,-64.99820179,0.05293906097,0.5961189522,0.3176781325,0,-1.220489157,4.400460279,-3.183360538
0.49,-64.99816796,0.05293925759,0.5961188798,0.3176781811,0,-1.220502249,4.400475381,-3.183350388
0.5,-64.99813425,0.05293945479,0.5961188062,0.3176782307,0,-1.22051538,4.400490487,-3.183340274
0.51,-64.99810065,0.05293965253,0.5961187312,0.3176782811,0,-1.220528546,4.400505596,-3.183330196
0.52,-64.99806718,0.05293985075,0.5961186549,0.3176783323,0,-1.220541745,4.400520707,-3.183320155
0.53,-64.99803383,0.05294004939,0.5961185773,0.3176783844,0,-1.220554971,4.400535822,-3.183310149
0.54,-64.9980006,0.05294024841,0.5961184985,0.3176784373,0,-1.220568223,4.40055094,-3.183300179
0.55,-64.99796748,0.05294044777,0.5961184184,0.3176784911,0,-1.220581496,4.40056606,-3.183290244
0.56,-64.99793448,0.05294064741,0.5961183371,0.3176785457,0,-1.220594788,4.400581184,-3.183280345
0.57,-64.9979016,0.05294084731,0.5961182544,0.3176786011,0,-1.220608096,4.40059631,-3.183270481
0.58,-64.99786884,0.0529410474,0.5961181706,0.3176786573,0,-1.220621417,4.400611439,-3.183260651
0.59,-64.99783619,0.05294124767,0.5961180855,0.3176787144,0,-1.220634749,4.40062657,-3.183250857
0.6,-64.99780366,0.05294144807,0.5961179991,0.3176787722,0,-1.220648088,4.400641704,-3.183241097
0.61,-64.99777124,0.05294164856,0.5961179115,0.3176788309,0,-1.220661433,4.40065684,-3.183231372
0.62,-64.99773894,0.05294184912,0.5961178227,0.3176788903,0,-1.22067478,4.400671979,-3.183221681
0.63,-64.99770675,0.0529420497,0.5961177327,0.3176789506,0,-1.220688129,4.400687119,-3.183212025
0.64,-64.99767468,0.05294225029,0.5961176415,0.3176790116,0,-1.220701477,4.400702261,-3.183202403
0.65,-64.99764272,0.05294245084,0.596117549,0.3176790735,0,-1.220714821,4.400717406,-3.183192815
0.66,-64.99761087,0.05294265134,0.5961174554,0.3176791361,0,-1.22072816,4.400732551,-3.183183262
0.67,-64.99757914,0.05294285175,0.5961173605,0.3176791995,0,-1.220741492,4.400747699,-3.183173742
0.68,-64.99754752,0.05294305206,0.5961172645,0.3176792636,0,-1.220754815,4.400762847,-3.183164256
0.69,-64.99751602,0.05294325222,0.5961171673,0.3176793286,0,-1.220768128,4.400777997,-3.183154805
0.7,-64.99748462,0.05294345223,0.5961170689,0.3176793943,0,-1.220781428,4.400793148,-3.183145387
0.71,-64.99745334,0.05294365205,0.5961169693,0.3176794607,0,-1.220794715,4.400808299,-3.183136003
0.72,-64.99742217,0.05294385168,0.5961168686,0.3176795279,0,-1.220807987,4.400823451,-3.183126652
0.73,-64.99739112,0.05294405108,0.5961167667,0.3176795959,0,-1.220821243,4.400838604,-3.183117336
0.74,-64.99736017,0.05294425023,0.5961166637,0.3176796646,0,-1.22083448,4.400853757,-3.183108052
0.75,-64.99732934,0.05294444913,0.5961165595,0.317679734,0,-1.220847698,4.400868909,-3.183098803
0.76,-64.99729862,0.05294464774,0.5961164542,0.3176798042,0,-1.220860896,4.400884062,-3.183089587
0.77,-64.99726801,0.05294484606,0.5961163477,0.3176798751,0,-1.220874072,4.400899214,-3.183080404
0.78,-64.99723752,0.05294504406,0.5961162401,0.3176799468,0,-1.220887225,4.400914366,-3.183071255
0.79,-64.99720713,0.05294524173,0.5961161314,0.3176800191,0,-1.220900355,4.400929517,-3.18306214
0.8,-64.99717686,0.05294543906,0.5961160216,0.3176800922,0,-1.22091346,4.400944667,-3.183053057
0.81,-64.99714669,0.05294563603,0.5961159106,0.317680166,0,-1.220926538,4.400959815,-3.183044008
0.82,-64.99711664,0.05294583263,0.5961157986,0.3176802405,0,-1.220939591,4.400974963,-3.183034993
0.83,-64.9970867,0.05294602884,0.5961156854,0.3176803157,0,-1.220952615,4.400990108,-3.183026011
0.84,-64.99705687,0.05294622465,0.5961155712,0.3176803916,0,-1.220965611,4.401005252,-3.183017062
0.85,-64.99702715,0.05294642005,0.5961154559,0.3176804682,0,-1.220978577,4.401020394,-3.183008146
0.86,-64.99699755,0.05294661503,0.5961153395,0.3176805455,0,-1.220991513,4.401035533,-3.182999264
0.87,-64.99696805,0.05294680958,0.596115222,0.3176806235,0,-1.221004419,4.40105067,-3.182990415
0.88,-64.99693866,0.05294700368,0.5961151034,0.3176807022,0,-1.221017292,4.401065804,-3.182981599
0.89,-64.99690939,0.05294719732,0.5961149838,0.3176807815,0,-1.221030134,4.401080936,-3.182972816
0.9,-64.99688022,0.05294739051,0.5961148631,0.3176808615,0,-1.221042942,4.401096064,-3.182964067
0.91,-64.99685117,0.05294758321,0.5961147414,0.3176809422,0,-1.221055717,4.401111188,-3.182955351
0.92,-64.99682223,0.05294777544,0.5961146186,0.3176810236,0,-1.221068457,4.401126309,-3.182946668
0.93,-64.99679339,0.05294796718,0.5961144948,0.3176811056,0,-1.221081162,4.401141426,-3.182938018
0.94,-64.99676467,0.05294815841,0.5961143699,0.3176811883,0,-1.221093832,4.401156539,-3.182929401
0.95,-64.99673606,0.05294834914,0.596114244,0.3176812716,0,-1.221106466,4.401171648,-3.182920818
0.96,-64.99670756,0.05294853935,0.5961141171,0.3176813556,0,-1.221119064,4.401186752,-3.182912267
0.97,-64.99667917,0.05294872904,0.5961139892,0.3176814402,0,-1.221131625,4.401201851,-3.18290375
0.98,-64.99665089,0.05294891821,0.5961138602,0.3176815255,0,-1.221144148,4.401216945,-3.182895266
0.99,-64.99662272,0.05294910683,0.5961137303,0.3176816114,0,-1.221156634,4.401232034,-3.182886815
1,-64.99659466,0.05294929492,0.5961135993,0.3176816979,0,-1.221169081,4.401247117,-3.182878398
1.01,-64.99656671,0.05294948245,0.5961134674,0.3176817851,0,-1.221181489,4.401262195,-3.182870013
1.02,-64.99653887,0.05294966944,0.5961133344,0.3176818728,0,-1.221193858,4.401277267,-3.182861662
1.03,-64.99651115,0.05294985586,0.5961132005,0.3176819612,0,-1.221206188,4.401292332,-3.182853344
1.04,-64.99648353,0.05295004172,0.5961130656,0.3176820502,0,-1.221218478,4.401307391,-3.182845059
1.05,-64.99645602,0.05295022701,0.5961129297,0.3176821399,0,-1.221230728,4.401322443,-3.182836807
1.06,-64.99642863,0.05295041172,0.5961127929,0.3176822301,0,-1.221242937,4.401337489,-3.182828588
1.07,-64.99640134,0.05295059585,0.5961126551,0.3176823209,0,-1.221255106,4.401352527,-3.182820402
1.08,-64.99637417,0.0529507794,0.5961125163,0.3176824123,0,-1.221267233,4.401367558,-3.18281225
1.09,-64.9963471,0.05295096236,0.5961123766,0.3176825044,0,-1.221279319,4.401382581,-3.182804131
1.1,-64.99632015,0.05295114473,0.5961122359,0.317682597,0,-1.221291363,4.401397596,-3.182796045
1.11,-64.99629331,0.0529513265,0.5961120943,0.3176826902,0,-1.221303365,4.401412603,-3.182787992
1.12,-64.99626657,0.05295150767,0.5961119518,0.3176827839,0,-1.221315325,4.401427602,-3.182779972
1.13,-64.99623995,0.05295168824,0.5961118083,0.3176828783,0,-1.221327243,4.401442592,-3.182771986
1.14,-64.99621344,0.05295186819,0.596111664,0.3176829732,0,-1.221339118,4.401457574,-3.182764033
1.15,-64.99618704,0.05295204754,0.5961115187,0.3176830687,0,-1.22135095,4.401472546,-3.182756112
1.16,-64.99616075,0.05295222627,0.5961113725,0.3176831648,0,-1.221362738,4.40148751,-3.182748225
1.17,-64.99613457,0.05295240439,0.5961112253,0.3176832614,0,-1.221374484,4.401502463,-3.182740372
1.18,-64.9961085,0.05295258188,0.5961110773,0.3176833586,0,-1.221386186,4.401517407,-3.182732551
1.19,-64.99608255,0.05295275875,0.5961109284,0.3176834563,0,-1.221397844,4.401532342,-3.182724764
1.2,-64.9960567,0.05295293499,0.5961107786,0.3176835546,0,-1.221409458,4.401547265,-3.182717009
1.21,-64.99603096,0.05295311061,0.596110628,0.3176836534,0,-1.221421028,4.401562179,-3.182709288
1.22,-64.99600534,0.05295328559,0.5961104764,0.3176837527,0,-1.221432554,4.401577082,-3.182701601
1.23,-64.99597982,0.05295345994,0.596110324,0.3176838526,0,-1.221444035,4.401591974,-3.182693946
1.24,-64.99595442,0.05295363365,0.5961101707,0.317683953,0,-1.221455472,4.401606855,-3.182686325
1.25,-64.99592912,0.05295380673,0.5961100165,0.317684054,0,-1.221466864,4.401621724,-3.182678736
1.26,-64.99590394,0.05295397916,0.5961098615,0.3176841555,0,-1.221478212,4.401636582,-3.182671181
1.27,-64.99587887,0.05295415095,0.5961097057,0.3176842575,0,-1.221489514,4.401651428,-3.18266366
1.28,-64.9958539,0.0529543221,0.596109549,0.31768436,0,-1.221500771,4.401666262,-3.182656171
1.29,-64.99582905,0.0529544926,0.5961093914,0.317684463,0,-1.221511983,4.401681084,-3.182648715
1.3,-64.99580431,0.05295466245,0.596109233,0.3176845665,0,-1.22152315,4.401695894,-3.182641293
1.31,-64.99577968,0.05295483165,0.5961090738,0.3176846705,0,-1.221534271,4.401710691,-3.182633904
1.32,-64.99575516,0.0529550002,0.5961089138,0.3176847751,0,-1.221545347,4.401725475,-3.182626548
1.33,-64.99573075,0.0529551681,0.596108753,0.3176848801,0,-1.221556377,4.401740246,-3.182619226
1.34,-64.99570645,0.05295533534,0.5961085913,0.3176849856,0,-1.221567361,4.401755003,-3.182611936
1.35,-64.99568227,0.05295550192,0.5961084289,0.3176850916,0,-1.2215783,4.401769747,-3.18260468
1.36,-64.99565819,0.05295566785,0.5961082656,0.3176851981,0,-1.221589192,4.401784478,-3.182597457
1.37,-64.99563422,0.05295583312,0.5961081016,0.317685305,0,-1.221600039,4.401799194,-3.182590267
1.38,-64.99561037,0.05295599773,0.5961079367,0.3176854125,0,-1.221610839,4.401813896,-3.18258311
1.39,-64.99558662,0.05295616167,0.5961077711,0.3176855204,0,-1.221621593,4.401828584,-3.182575987
1.4,-64.99556299,0.05295632495,0.5961076047,0.3176856288,0,-1.221632301,4.401843257,-3.182568896
1.41,-64.99553946,0.05295648757,0.5961074375,0.3176857376,0,-1.221642963,4.401857915,-3.182561839
1.42,-64.99551605,0.05295664953,0.5961072696,0.3176858469,0,-1.221653579,4.401872558,-3.182554815
1.43,-64.99549275,0.05295681082,0.5961071009,0.3176859567,0,-1.221664147,4.401887186,-3.182547824
1.44,-64.99546955,0.05295697144,0.5961069314,0.3176860669,0,-1.22167467,4.401901798,-3.182540866
1.45,-64.99544647,0.05295713139,0.5961067612,0.3176861775,0,-1.221685146,4.401916395,-3.182533941
1.46,-64.9954235,0.05295729067,0.5961065902,0.3176862886,0,-1.221695575,4.401930976,-3.18252705
1.47,-64.99540064,0.05295744929,0.5961064185,0.3176864001,0,-1.221705958,4.401945541,-3.182520192
1.48,-64.99537789,0.05295760723,0.5961062461,0.3176865121,0,-1.221716294,4.401960089,-3.182513366
1.49,-64.99535525,0.05295776451,0.596106073,0.3176866245,0,-1.221726583,4.401974621,-3.182506574
1.5,-64.99533272,0.05295792111,0.5961058991,0.3176867373,0,-1.221736826,4.401989136,-3.182499815
1.51,-64.9953103,0.05295807704,0.5961057245,0.3176868506,0,-1.221747022,4.402003634,-3.182493089
1.52,-64.99528799,0.05295823229,0.5961055492,0.3176869643,0,-1.221757171,4.402018116,-3.182486396
1.53,-64.99526579,0.05295838687,0.5961053731,0.3176870784,0,-1.221767273,4.402032579,-3.182479736
1.54,-64.9952437,0.05295854078,0.5961051964,0.3176871929,0,-1.221777328,4.402047026,-3.18247311
1.55,-64.99522172,0.05295869401,0.596105019,0.3176873078,0,-1.221787336,4.402061454,-3.182466516
1.56,-64.99519985,0.05295884657,0.5961048409,0.3176874231,0,-1.221797297,4.402075865,-3.182459955
1.57,-64.99517809,0.05295899845,0.5961046621,0.3176875388,0,-1.221807212,4.402090258,-3.182453428
1.58,-64.99515644,0.05295914965,0.5961044826,0.3176876549,0,-1.221817079,4.402104632,-3.182446933
1.59,-64.9951349,0.05295930018,0.5961043024,0.3176877714,0,-1.221826899,4.402118988,-3.182440471
1.6,-64.99511348,0.05295945003,0.5961041216,0.3176878883,0,-1.221836673,4.402133325,-3.182434043
1.61,-64.99509216,0.0529595992,0.5961039401,0.3176880056,0,-1.221846399,4.402147643,-3.182427647
1.62,-64.99507095,0.0529597477,0.5961037579,0.3176881233,0,-1.221856078,4.402161942,-3.182421284
1.63,-64.99504985,0.05295989551,0.5961035751,0.3176882413,0,-1.22186571,4.402176222,-3.182414954
1.64,-64.99502886,0.05296004265,0.5961033917,0.3176883597,0,-1.221875295,4.402190482,-3.182408658
1.65,-64.99500798,0.05296018911,0.5961032076,0.3176884785,0,-1.221884833,4.402204723,-3.182402394
1.66,-64.99498721,0.05296033489,0.5961030228,0.3176885977,0,-1.221894324,4.402218943,-3.182396162
1.67,-64.99496655,0.05296047999,0.5961028375,0.3176887172,0,-1.221903768,4.402233144,-3.182389964
1.68,-64.994946,0.05296062441,0.5961026515,0.317688837,0,-1.221913164,4.402247325,-3.182383799
1.69,-64.99492555,0.05296076815,0.5961024648,0.3176889573,0,-1.221922514,4.402261485,-3.182377666
1.7,-64.99490522,0.05296091121,0.5961022776,0.3176890779,0,-1.221931816,4.402275625,-3.182371567
1.71,-64.994885,0.0529610536,0.5961020897,0.3176891988,0,-1.221941072,4.402289743,-3.1823655
1.72,-64.99486489,0.0529611953,0.5961019013,0.3176893201,0,-1.22195028,4.402303841,-3.182359466
1.73,-64.99484488,0.05296133632,0.5961017122,0.3176894417,0,-1.221959441,4.402317918,-3.182353464
1.74,-64.99482499,0.05296147666,0.5961015225,0.3176895636,0,-1.221968555,4.402331973,-3.182347496
1.75,-64.9948052,0.05296161632,0.5961013323,0.3176896859,0,-1.221977622,4.402346007,-3.18234156
1.76,-64.99478552,0.0529617553,0.5961011414,0.3176898085,0,-1.221986642,4.40236002,-3.182335657
1.77,-64.99476595,0.05296189361,0.59610095,0.3176899315,0,-1.221995614,4.40237401,-3.182329786
1.78,-64.99474649,0.05296203123,0.596100758,0.3176900547,0,-1.22200454,4.402387978,-3.182323948
1.79,-64.99472714,0.05296216817,0.5961005655,0.3176901783,0,-1.222013419,4.402401925,-3.182318143
1.8,-64.9947079,0.05296230443,0.5961003723,0.3176903022,0,-1.22202225,4.402415849,-3.182312371
1.81,-64.99468877,0.05296244001,0.5961001786,0.3176904264,0,-1.222031035,4.40242975,-3.182306631
1.82,-64.99466974,0.05296257491,0.5960999844,0.317690551,0,-1.222039772,4.402443629,-3.182300923
1.83,-64.99465083,0.05296270913,0.5960997896,0.3176906758,0,-1.222048463,4.402457484,-3.182295248
1.84,-64.99463202,0.05296284268,0.5960995942,0.3176908009,0,-1.222057107,4.402471317,-3.182289606
1.85,-64.99461332,0.05296297554,0.5960993983,0.3176909263,0,-1.222065703,4.402485127,-3.182283996
1.86,-64.99459473,0.05296310772,0.5960992019,0.317691052,0,-1.222074253,4.402498913,-3.182278418
1.87,-64.99457624,0.05296323923,0.5960990049,0.317691178,0,-1.222082756,4.402512675,-3.182272873
1.88,-64.99455787,0.05296337005,0.5960988075,0.3176913043,0,-1.222091212,4.402526414,-3.182267361
1.89,-64.9945396,0.0529635002,0.5960986095,0.3176914309,0,-1.222099621,4.402540129,-3.18226188
1.9,-64.99452144,0.05296362967,0.5960984109,0.3176915577,0,-1.222107983,4.40255382,-3.182256432
1.91,-64.99450339,0.05296375845,0.5960982119,0.3176916849,0,-1.222116298,4.402567487,-3.182251017
1.92,-64.99448544,0.05296388657,0.5960980124,0.3176918123,0,-1.222124567,4.40258113,-3.182245633
1.93,-64.99446761,0.052964014,0.5960978123,0.3176919399,0,-1.222132789,4.402594748,-3.182240282
1.94,-64.99444988,0.05296414076,0.5960976118,0.3176920679,0,-1.222140964,4.402608341,-3.182234963
1.95,-64.99443226,0.05296426684,0.5960974108,0.3176921961,0,-1.222149092,4.402621909,-3.182229677
1.96,-64.99441474,0.05296439224,0.5960972093,0.3176923245,0,-1.222157174,4.402635453,-3.182224422
1.97,-64.99439733,0.05296451696,0.5960970073,0.3176924532,0,-1.222165209,4.402648971,-3.1822192
1.98,-64.99438003,0.05296464101,0.5960968048,0.3176925822,0,-1.222173198,4.402662464,-3.18221401
1.99,-64.99436284,0.05296476439,0.5960966019,0.3176927114,0,-1.222181139,4.402675932,-3.182208851
2,-64.99434575,0.05296488709,0.5960963985,0.3176928408,0,-1.222189035,4.402689374,-3.182203725
2.01,-64.99432877,0.05296500911,0.5960961947,0.3176929705,0,-1.222196884,4.402702791,-3.182198631
2.02,-64.9943119,0.05296513046,0.5960959903,0.3176931005,0,-1.222204686,4.402716181,-3.182193569
2.03,-64.99429513,0.05296525113,0.5960957856,0.3176932306,0,-1.222212442,4.402729545,-3.182188539
2.04,-64.99427847,0.05296537113,0.5960955804,0.317693361,0,-1.222220151,4.402742884,-3.18218354
2.05,-64.99426191,0.05296549046,0.5960953747,0.3176934917,0,-1.222227814,4.402756196,-3.182178574
2.06,-64.99424546,0.05296560912,0.5960951686,0.3176936225,0,-1.222235431,4.402769481,-3.182173639
2.07,-64.99422912,0.0529657271,0.5960949621,0.3176937536,0,-1.222243002,4.40278274,-3.182168736
2.08,-64.99421288,0.05296584441,0.5960947552,0.3176938848,0,-1.222250526,4.402795972,-3.182163865
2.09,-64.99419675,0.05296596104,0.5960945478,0.3176940163,0,-1.222258004,4.402809177,-3.182159026
2.1,-64.99418073,0.05296607701,0.59609434,0.3176941481,0,-1.222265436,4.402822355,-3.182154218
2.11,-64.99416481,0.05296619231,0.5960941318,0.31769428,0,-1.222272822,4.402835506,-3.182149442
2.12,-64.99414899,0.05296630693,0.5960939232,0.3176944121,0,-1.222280161,4.40284863,-3.182144697
2.13,-64.99413328,0.05296642089,0.5960937142,0.3176945444,0,-1.222287455,4.402861726,-3.182139985
2.14,-64.99411768,0.05296653418,0.5960935048,0.3176946769,0,-1.222294703,4.402874795,-3.182135303
2.15,-64.99410218,0.0529666468,0.596093295,0.3176948096,0,-1.222301904,4.402887836,-3.182130653
2.16,-64.99408678,0.05296675875,0.5960930848,0.3176949425,0,-1.22230906,4.402900849,-3.182126035
2.17,-64.99407149,0.05296687003,0.5960928743,0.3176950756,0,-1.22231617,4.402913834,-3.182121448
2.18,-64.99405631,0.05296698065,0.5960926633,0.3176952089,0,-1.222323234,4.402926791,-3.182116892
2.19,-64.99404123,0.0529670906,0.596092452,0.3176953423,0,-1.222330253,4.40293972,-3.182112368
2.2,-64.99402625,0.05296719989,0.5960922403,0.317695476,0,-1.222337226,4.40295262,-3.182107875
2.21,-64.99401138,0.05296730851,0.5960920283,0.3176956098,0,-1.222344153,4.402965492,-3.182103413
2.22,-64.99399661,0.05296741646,0.5960918159,0.3176957437,0,-1.222351034,4.402978335,-3.182098982
2.23,-64.99398194,0.05296752376,0.5960916031,0.3176958779,0,-1.22235787,4.402991149,-3.182094583
2.24,-64.99396738,0.05296763039,0.59609139,0.3176960122,0,-1.222364661,4.403003935,-3.182090214
2.25,-64.99395292,0.05296773635,0.5960911765,0.3176961467,0,-1.222371406,4.403016691,-3.182085877
2.26,-64.99393857,0.05296784166,0.5960909627,0.3176962813,0,-1.222378105,4.403029419,-3.182081571
2.27,-64.99392432,0.0529679463,0.5960907486,0.3176964161,0,-1.22238476,4.403042117,-3.182077296
2.28,-64.99391017,0.05296805029,0.5960905341,0.317696551,0,-1.222391369,4.403054785,-3.182073051
2.29,-64.99389613,0.05296815361,0.5960903193,0.3176966861,0,-1.222397932,4.403067425,-3.182068838
2.3,-64.99388218,0.05296825628,0.5960901042,0.3176968213,0,-1.222404451,4.403080034,-3.182064655
2.31,-64.99386834,0.05296835829,0.5960898888,0.3176969567,0,-1.222410925,4.403092614,-3.182060503
2.32,-64.99385461,0.05296845964,0.596089673,0.3176970922,0,-1.222417353,4.403105164,-3.182056382
2.33,-64.99384097,0.05296856033,0.596089457,0.3176972278,0,-1.222423736,4.403117684,-3.182052292
2.34,-64.99382744,0.05296866037,0.5960892406,0.3176973636,0,-1.222430075,4.403130174,-3.182048232
2.35,-64.99381401,0.05296875975,0.596089024,0.3176974995,0,-1.222436369,4.403142634,-3.182044203
2.36,-64.99380068,0.05296885848,0.596088807,0.3176976355,0,-1.222442618,4.403155063,-3.182040204
2.37,-64.99378745,0.05296895655,0.5960885898,0.3176977717,0,-1.222448822,4.403167462,-3.182036236
2.38,-64.99377433,0.05296905398,0.5960883722,0.3176979079,0,-1.222454981,4.403179831,-3.182032299
2.39,-64.99376131,0.05296915075,0.5960881544,0.3176980443,0,-1.222461096,4.403192168,-3.182028392
2.4,-64.99374838,0.05296924686,0.5960879363,0.3176981808,0,-1.222467166,4.403204475,-3.182024515
2.41,-64.99373556,0.05296934233,0.596087718,0.3176983175,0,-1.222473192,4.403216751,-3.182020668
2.42,-64.99372284,0.05296943715,0.5960874993,0.3176984542,0,-1.222479173,4.403228997,-3.182016852
2.43,-64.99371022,0.05296953132,0.5960872804,0.317698591,0,-1.22248511,4.403241211,-3.182013066
2.44,-64.9936977,0.05296962484,0.5960870613,0.317698728,0,-1.222491003,4.403253394,-3.18200931
2.45,-64.99368528,0.05296971772,0.5960868419,0.317698865,0,-1.222496851,4.403265545,-3.182005585
2.46,-64.99367296,0.05296980995,0.5960866222,0.3176990021,0,-1.222502656,4.403277666,-3.182001889
2.47,-64.99366074,0.05296990153,0.5960864023,0.3176991393,0,-1.222508416,4.403289754,-3.181998223
2.48,-64.99364863,0.05296999247,0.5960861822,0.3176992766,0,-1.222514132,4.403301811,-3.181994588
2.49,-64.99363661,0.05297008276,0.5960859618,0.317699414,0,-1.222519804,4.403313837,-3.181990982
2.5,-64.99362469,0.05297017242,0.5960857412,0.3176995515,0,-1.222525432,4.403325831,-3.181987406
2.51,-64.99361287,0.05297026143,0.5960855203,0.3176996891,0,-1.222531016,4.403337792,-3.18198386
2.52,-64.99360115,0.0529703498,0.5960852992,0.3176998267,0,-1.222536557,4.403349722,-3.181980344
2.53,-64.99358952,0.05297043753,0.5960850779,0.3176999645,0,-1.222542054,4.40336162,-3.181976857
2.54,-64.993578,0.05297052462,0.5960848564,0.3177001022,0,-1.222547507,4.403373485,-3.1819734
2.55,-64.99356657,0.05297061107,0.5960846347,0.3177002401,0,-1.222552917,4.403385319,-3.181969972
2.56,-64.99355525,0.05297069689,0.5960844128,0.317700378,0,-1.222558283,4.403397119,-3.181966574
2.57,-64.99354402,0.05297078207,0.5960841907,0.317700516,0,-1.222563606,4.403408888,-3.181963206
2.58,-64.99353289,0.05297086661,0.5960839684,0.3177006541,0,-1.222568886,4.403420624,-3.181959867
2.59,-64.99352186,0.05297095052,0.5960837458,0.3177007922,0,-1.222574122,4.403432327,-3.181956557
2.6,-64.99351092,0.0529710338,0.5960835231,0.3177009304,0,-1.222579315,4.403443997,-3.181953277
2.61,-64.99350008,0.05297111644,0.5960833002,0.3177010686,0,-1.222584465,4.403455635,-3.181950025
2.62,-64.99348934,0.05297119846,0.5960830772,0.3177012068,0,-1.222589572,4.40346724,-3.181946803
2.63,-64.9934787,0.05297127984,0.5960828539,0.3177013452,0,-1.222594636,4.403478812,-3.181943611
2.64,-64.99346816,0.05297136059,0.5960826305,0.3177014835,0,-1.222599657,4.40349035,-3.181940447
2.65,-64.99345771,0.05297144072,0.5960824069,0.3177016219,0,-1.222604636,4.403501856,-3.181937312
2.66,-64.99344735,0.05297152022,0.5960821832,0.3177017604,0,-1.222609571,4.403513328,-3.181934206
2.67,-64.9934371,0.05297159909,0.5960819592,0.3177018988,0,-1.222614464,4.403524767,-3.181931129
2.68,-64.99342694,0.05297167734,0.5960817352,0.3177020373,0,-1.222619315,4.403536173,-3.181928081
2.69,-64.99341687,0.05297175496,0.5960815109,0.3177021759,0,-1.222624122,4.403547545,-3.181925062
2.7,-64.9934069,0.05297183196,0.5960812866,0.3177023144,0,-1.222628888,4.403558883,-3.181922071
2.71,-64.99339703,0.05297190834,0.596081062,0.317702453,0,-1.222633611,4.403570188,-3.18191911
2.72,-64.99338725,0.0529719841,0.5960808374,0.3177025917,0,-1.222638292,4.403581459,-3.181916176
2.73,-64.99337757,0.05297205924,0.5960806126,0.3177027303,0,-1.222642931,4.403592697,-3.181913271
2.74,-64.99336798,0.05297213376,0.5960803877,0.3177028689,0,-1.222647527,4.4036039,-3.181910395
2.75,-64.99335849,0.05297220766,0.5960801626,0.3177030076,0,-1.222652082,4.403615069,-3.181907547
2.76,-64.99334909,0.05297228094,0.5960799374,0.3177031463,0,-1.222656595,4.403626205,-3.181904728
2.77,-64.99333979,0.05297235361,0.5960797121,0.3177032849,0,-1.222661066,4.403637306,-3.181901937
2.78,-64.99333058,0.05297242567,0.5960794867,0.3177034236,0,-1.222665495,4.403648373,-3.181899174
2.79,-64.99332146,0.05297249711,0.5960792612,0.3177035623,0,-1.222669882,4.403659406,-3.181896439
2.8,-64.99331244,0.05297256794,0.5960790356,0.317703701,0,-1.222674228,4.403670405,-3.181893732
2.81,-64.99330351,0.05297263816,0.5960788098,0.3177038397,0,-1.222678532,4.403681369,-3.181891053
2.82,-64.99329468,0.05297270777,0.596078584,0.3177039784,0,-1.222682795,4.403692299,-3.181888403
2.83,-64.99328593,0.05297277677,0.5960783581,0.3177041171,0,-1.222687017,4.403703194,-3.18188578
2.84,-64.99327728,0.05297284517,0.5960781321,0.3177042557,0,-1.222691197,4.403714055,-3.181883185
2.85,-64.99326873,0.05297291296,0.596077906,0.3177043944,0,-1.222695336,4.403724881,-3.181880618
2.86,-64.99326026,0.05297298014,0.5960776798,0.317704533,0,-1.222699434,4.403735672,-3.181878079
2.87,-64.99325189,0.05297304672,0.5960774535,0.3177046716,0,-1.222703491,4.403746429,-3.181875567
2.88,-64.99324361,0.05297311269,0.5960772271,0.3177048102,0,-1.222707507,4.403757151,-3.181873083
2.89,-64.99323542,0.05297317807,0.5960770007,0.3177049488,0,-1.222711483,4.403767838,-3.181870626
2.9,-64.99322732,0.05297324284,0.5960767742,0.3177050874,0,-1.222715417,4.403778489,-3.181868197
2.91,-64.99321932,0.05297330702,0.5960765477,0.3177052259,0,-1.222719311,4.403789106,-3.181865796
2.92,-64.9932114,0.0529733706,0.5960763211,0.3177053644,0,-1.222723165,4.403799688,-3.181863421
2.93,-64.99320358,0.05297343358,0.5960760944,0.3177055029,0,-1.222726978,4.403810235,-3.181861074
2.94,-64.99319585,0.05297349596,0.5960758677,0.3177056413,0,-1.22273075,4.403820746,-3.181858754
2.95,-64.99318821,0.05297355775,0.5960756409,0.3177057797,0,-1.222734483,4.403831222,-3.181856462
2.96,-64.99318065,0.05297361895,0.5960754141,0.317705918,0,-1.222738175,4.403841663,-3.181854196
2.97,-64.99317319,0.05297367956,0.5960751872,0.3177060563,0,-1.222741827,4.403852068,-3.181851957
2.98,-64.99316582,0.05297373957,0.5960749603,0.3177061946,0,-1.222745439,4.403862438,-3.181849746
2.99,-64.99315854,0.052973799,0.5960747333,0.3177063328,0,-1.222749011,4.403872773,-3.181847561
3,-64.99315134,0.05297385784,0.5960745064,0.317706471,0,-1.222752543,4.403883072,-3.181845403
3.01,-64.99314424,0.05297391609,0.5960742794,0.3177066091,0,-1.222756036,4.403893336,-3.181843272
3.02,-64.99313722,0.05297397375,0.5960740524,0.3177067472,0,-1.222759489,4.403903563,-3.181841167
3.03,-64.9931303,0.05297403084,0.5960738253,0.3177068852,0,-1.222762902,4.403913756,-3.181839089
3.04,-64.99312346,0.05297408734,0.5960735983,0.3177070231,0,-1.222766276,4.403923912,-3.181837037
3.05,-64.99311671,0.05297414325,0.5960733712,0.317707161,0,-1.22276961,4.403934033,-3.181835013
3.06,-64.99311005,0.05297419859,0.5960731441,0.3177072988,0,-1.222772906,4.403944118,-3.181833014
3.07,-64.99310347,0.05297425335,0.5960729171,0.3177074365,0,-1.222776162,4.403954167,-3.181831042
3.08,-64.99309699,0.05297430753,0.59607269,0.3177075742,0,-1.222779379,4.40396418,-3.181829096
3.09,-64.99309059,0.05297436113,0.5960724629,0.3177077118,0,-1.222782557,4.403974157,-3.181827176
3.1,-64.99308427,0.05297441416,0.5960722358,0.3177078494,0,-1.222785696,4.403984098,-3.181825282
3.11,-64.99307805,0.05297446662,0.5960720088,0.3177079868,0,-1.222788797,4.403994003,-3.181823415
3.12,-64.99307191,0.0529745185,0.5960717817,0.3177081242,0,-1.222791858,4.404003872,-3.181821573
3.13,-64.99306586,0.05297456981,0.5960715547,0.3177082615,0,-1.222794882,4.404013705,-3.181819757
3.14,-64.99305989,0.05297462055,0.5960713276,0.3177083987,0,-1.222797866,4.404023502,-3.181817967
3.15,-64.99305401,0.05297467073,0.5960711007,0.3177085358,0,-1.222800812,4.404033262,-3.181816203
3.16,-64.99304822,0.05297472034,0.5960708737,0.3177086729,0,-1.22280372,4.404042986,-3.181814465
3.17,-64.99304251,0.05297476938,0.5960706468,0.3177088098,0,-1.22280659,4.404052674,-3.181812752
3.18,-64.99303688,0.05297481785,0.5960704198,0.3177089467,0,-1.222809422,4.404062326,-3.181811065
3.19,-64.99303134,0.05297486577,0.596070193,0.3177090835,0,-1.222812215,4.404071941,-3.181809403
3.2,-64.99302589,0.05297491312,0.5960699662,0.3177092202,0,-1.222814971,4.40408152,-3.181807767
3.21,-64.99302052,0.05297495991,0.5960697394,0.3177093567,0,-1.222817689,4.404091063,-3.181806156
3.22,-64.99301523,0.05297500614,0.5960695126,0.3177094932,0,-1.222820369,4.404100569,-3.18180457
3.23,-64.99301003,0.05297505182,0.596069286,0.3177096296,0,-1.222823012,4.404110038,-3.181803009
3.24,-64.99300491,0.05297509694,0.5960690593,0.3177097658,0,-1.222825617,4.404119471,-3.181801474
3.25,-64.99299988,0.0529751415,0.5960688328,0.317709902,0,-1.222828185,4.404128868,-3.181799964
3.26,-64.99299493,0.05297518551,0.5960686063,0.3177100381,0,-1.222830715,4.404138228,-3.181798478
3.27,-64.99299006,0.05297522897,0.5960683798,0.317710174,0,-1.222833209,4.404147551,-3.181797018
3.28,-64.99298527,0.05297527188,0.5960681534,0.3177103098,0,-1.222835665,4.404156838,-3.181795582
3.29,-64.99298057,0.05297531424,0.5960679271,0.3177104455,0,-1.222838084,4.404166088,-3.181794171
3.3,-64.99297595,0.05297535606,0.5960677009,0.3177105811,0,-1.222840466,4.404175301,-3.181792785
3.31,-64.99297141,0.05297539732,0.5960674747,0.3177107166,0,-1.222842812,4.404184478,-3.181791424
3.32,-64.99296696,0.05297543804,0.5960672487,0.317710852,0,-1.22284512,4.404193618,-3.181790087
3.33,-64.99296258,0.05297547822,0.5960670227,0.3177109872,0,-1.222847392,4.404202721,-3.181788774
3.34,-64.99295829,0.05297551786,0.5960667968,0.3177111223,0,-1.222849628,4.404211787,-3.181787486
3.35,-64.99295407,0.05297555696,0.596066571,0.3177112573,0,-1.222851827,4.404220816,-3.181786222
3.36,-64.99294994,0.05297559551,0.5960663452,0.3177113921,0,-1.222853991,4.404229809,-3.181784982
3.37,-64.99294589,0.05297563353,0.5960661196,0.3177115268,0,-1.222856117,4.404238765,-3.181783767
3.38,-64.99294192,0.05297567101,0.5960658941,0.3177116614,0,-1.222858208,4.404247684,-3.181782576
3.39,-64.99293803,0.05297570796,0.5960656687,0.3177117958,0,-1.222860263,4.404256566,-3.181781408
3.4,-64.99293422,0.05297574438,0.5960654434,0.3177119301,0,-1.222862282,4.404265411,-3.181780265
3.41,-64.99293049,0.05297578026,0.5960652182,0.3177120643,0,-1.222864265,4.404274219,-3.181779146
3.42,-64.99292683,0.05297581562,0.5960649931,0.3177121983,0,-1.222866213,4.40428299,-3.18177805
3.43,-64.99292326,0.05297585044,0.5960647681,0.3177123322,0,-1.222868125,4.404291724,-3.181776978
3.44,-64.99291977,0.05297588474,0.5960645432,0.3177124659,0,-1.222870002,4.404300422,-3.18177593
3.45,-64.99291635,0.05297591851,0.5960643185,0.3177125995,0,-1.222871843,4.404309082,-3.181774905
3.46,-64.99291301,0.05297595176,0.5960640939,0.317712733,0,-1.222873649,4.404317705,-3.181773904
3.47,-64.99290975,0.05297598448,0.5960638694,0.3177128662,0,-1.22287542,4.404326291,-3.181772926
3.48,-64.99290657,0.05297601668,0.5960636451,0.3177129994,0,-1.222877156,4.40433484,-3.181771971
3.49,-64.99290347,0.05297604837,0.5960634209,0.3177131323,0,-1.222878857,4.404343353,-3.18177104
3.5,-64.99290044,0.05297607953,0.5960631968,0.3177132652,0,-1.222880523,4.404351828,-3.181770132
3.51,-64.99289749,0.05297611018,0.5960629728,0.3177133978,0,-1.222882155,4.404360265,-3.181769247
3.52,-64.99289462,0.05297614031,0.596062749,0.3177135303,0,-1.222883752,4.404368666,-3.181768385
3.53,-64.99289182,0.05297616993,0.5960625254,0.3177136626,0,-1.222885315,4.40437703,-3.181767546
3.54,-64.9928891,0.05297619904,0.5960623019,0.3177137948,0,-1.222886843,4.404385357,-3.18176673
3.55,-64.99288646,0.05297622763,0.5960620786,0.3177139268,0,-1.222888337,4.404393646,-3.181765937
3.56,-64.99288389,0.05297625572,0.5960618554,0.3177140586,0,-1.222889796,4.404401899,-3.181765166
3.57,-64.99288139,0.0529762833,0.5960616323,0.3177141903,0,-1.222891222,4.404410114,-3.181764418
3.58,-64.99287898,0.05297631037,0.5960614095,0.3177143218,0,-1.222892614,4.404418292,-3.181763693
3.59,-64.99287663,0.05297633694,0.5960611868,0.3177144531,0,-1.222893972,4.404426433,-3.18176299
3.6,-64.99287437,0.052976363,0.5960609642,0.3177145843,0,-1.222895296,4.404434537,-3.18176231
3.61,-64.99287217,0.05297638856,0.5960607418,0.3177147152,0,-1.222896587,4.404442604,-3.181761652
3.62,-64.99287005,0.05297641363,0.5960605196,0.317714846,0,-1.222897844,4.404450633,-3.181761016
3.63,-64.99286801,0.05297643819,0.5960602976,0.3177149766,0,-1.222899068,4.404458626,-3.181760402
3.64,-64.99286604,0.05297646226,0.5960600758,0.317715107,0,-1.222900259,4.404466581,-3.181759811
3.65,-64.99286414,0.05297648583,0.5960598541,0.3177152373,0,-1.222901416,4.404474499,-3.181759242
3.66,-64.99286231,0.05297650891,0.5960596326,0.3177153673,0,-1.22290254,4.40448238,-3.181758694
3.67,-64.99286056,0.05297653149,0.5960594113,0.3177154972,0,-1.222903632,4.404490224,-3.181758168
3.68,-64.99285888,0.05297655359,0.5960591902,0.3177156268,0,-1.222904691,4.404498031,-3.181757665
3.69,-64.99285727,0.05297657519,0.5960589693,0.3177157563,0,-1.222905716,4.4045058,-3.181757182
3.7,-64.99285574,0.05297659631,0.5960587486,0.3177158856,0,-1.22290671,4.404513532,-3.181756722
3.71,-64.99285428,0.05297661694,0.5960585281,0.3177160147,0,-1.222907671,4.404521228,-3.181756283
3.72,-64.99285289,0.05297663709,0.5960583078,0.3177161436,0,-1.222908599,4.404528886,-3.181755866
3.73,-64.99285156,0.05297665676,0.5960580876,0.3177162723,0,-1.222909495,4.404536507,-3.181755469
3.74,-64.99285032,0.05297667594,0.5960578677,0.3177164008,0,-1.222910359,4.40454409,-3.181755095
3.75,-64.99284914,0.05297669464,0.596057648,0.3177165291,0,-1.222911191,4.404551637,-3.181754741
3.76,-64.99284803,0.05297671287,0.5960574285,0.3177166572,0,-1.222911991,4.404559147,-3.181754409
3.77,-64.99284699,0.05297673062,0.5960572093,0.3177167851,0,-1.222912759,4.404566619,-3.181754098
3.78,-64.99284603,0.05297674789,0.5960569902,0.3177169128,0,-1.222913496,4.404574055,-3.181753808
3.79,-64.99284513,0.05297676469,0.5960567713,0.3177170402,0,-1.222914201,4.404581453,-3.181753538
3.8,-64.9928443,0.05297678102,0.5960565527,0.3177171675,0,-1.222914874,4.404588814,-3.18175329
3.81,-64.99284354,0.05297679688,0.5960563343,0.3177172946,0,-1.222915516,4.404596138,-3.181753062
3.82,-64.99284285,0.05297681227,0.5960561162,0.3177174214,0,-1.222916127,4.404603425,-3.181752855
3.83,-64.99284223,0.05297682719,0.5960558982,0.3177175481,0,-1.222916707,4.404610675,-3.181752669
3.84,-64.99284168,0.05297684165,0.5960556805,0.3177176745,0,-1.222917255,4.404617888,-3.181752503
3.85,-64.99284119,0.05297685564,0.596055463,0.3177178007,0,-1.222917773,4.404625064,-3.181752357
3.86,-64.99284077,0.05297686917,0.5960552458,0.3177179267,0,-1.22291826,4.404632203,-3.181752232
3.87,-64.99284043,0.05297688224,0.5960550288,0.3177180524,0,-1.222918716,4.404639305,-3.181752128
3.88,-64.99284014,0.05297689485,0.596054812,0.317718178,0,-1.222919142,4.40464637,-3.181752043
3.89,-64.99283993,0.05297690701,0.5960545955,0.3177183033,0,-1.222919537,4.404653398,-3.181751979
3.9,-64.99283978,0.05297691871,0.5960543792,0.3177184284,0,-1.222919902,4.404660389,-3.181751934
3.91,-64.9928397,0.05297692995,0.5960541632,0.3177185532,0,-1.222920237,4.404667344,-3.18175191
3.92,-64.99283969,0.05297694074,0.5960539475,0.3177186779,0,-1.222920541,4.404674261,-3.181751906
3.93,-64.99283974,0.05297695108,0.5960537319,0.3177188023,0,-1.222920816,4.404681141,-3.181751921
3.94,-64.99283985,0.05297696098,0.5960535167,0.3177189265,0,-1.22292106,4.404687985,-3.181751956
3.95,-64.99284004,0.05297697042,0.5960533017,0.3177190504,0,-1.222921275,4.404694791,-3.181752011
3.96,-64.99284028,0.05297697942,0.5960530869,0.3177191741,0,-1.22292146,4.404701561,-3.181752085
3.97,-64.9928406,0.05297698797,0.5960528725,0.3177192976,0,-1.222921616,4.404708294,-3.181752179
3.98,-64.99284097,0.05297699608,0.5960526583,0.3177194209,0,-1.222921742,4.40471499,-3.181752292
3.99,-64.99284141,0.05297700375,0.5960524443,0.3177195439,0,-1.222921839,4.404721649,-3.181752424
4,-64.99284192,0.05297701098,0.5960522307,0.3177196666,0,-1.222921907,4.404728272,-3.181752576
4.01,-64.99284249,0.05297701777,0.5960520173,0.3177197892,0,-1.222921945,4.404734858,-3.181752747
4.02,-64.99284312,0.05297702413,0.5960518041,0.3177199115,0,-1.222921955,4.404741407,-3.181752937
4.03,-64.99284382,0.05297703005,0.5960515913,0.3177200335,0,-1.222921936,4.40474792,-3.181753146
4.04,-64.99284458,0.05297703554,0.5960513787,0.3177201553,0,-1.222921888,4.404754395,-3.181753374
4.05,-64.9928454,0.0529770406,0.5960511664,0.3177202769,0,-1.222921811,4.404760835,-3.181753621
4.06,-64.99284629,0.05297704523,0.5960509545,0.3177203982,0,-1.222921706,4.404767237,-3.181753887
4.07,-64.99284724,0.05297704943,0.5960507427,0.3177205193,0,-1.222921573,4.404773603,-3.181754171
4.08,-64.99284825,0.0529770532,0.5960505313,0.3177206401,0,-1.222921411,4.404779933,-3.181754474
4.09,-64.99284932,0.05297705655,0.5960503202,0.3177207606,0,-1.222921221,4.404786226,-3.181754795
4.1,-64.99285045,0.05297705947,0.5960501093,0.3177208809,0,-1.222921003,4.404792482,-3.181755135
4.11,-64.99285164,0.05297706198,0.5960498988,0.317721001,0,-1.222920757,4.404798702,-3.181755493
4.12,-64.9928529,0.05297706406,0.5960496886,0.3177211208,0,-1.222920484,4.404804885,-3.18175587
4.13,-64.99285421,0.05297706573,0.5960494786,0.3177212404,0,-1.222920182,4.404811033,-3.181756264
4.14,-64.99285559,0.05297706698,0.596049269,0.3177213597,0,-1.222919853,4.404817143,-3.181756677
4.15,-64.99285703,0.05297706781,0.5960490596,0.3177214787,0,-1.222919497,4.404823218,-3.181757108
4.16,-64.99285852,0.05297706823,0.5960488506,0.3177215975,0,-1.222919113,4.404829256,-3.181757557
4.17,-64.99286008,0.05297706825,0.5960486419,0.317721716,0,-1.222918702,4.404835257,-3.181758023
4.18,-64.99286169,0.05297706785,0.5960484334,0.3177218342,0,-1.222918264,4.404841223,-3.181758508
4.19,-64.99286337,0.05297706704,0.5960482253,0.3177219522,0,-1.222917799,4.404847152,-3.18175901
4.2,-64.9928651,0.05297706582,0.5960480175,0.31772207,0,-1.222917307,4.404853045,-3.18175953
4.21,-64.99286689,0.0529770642,0.5960478101,0.3177221874,0,-1.222916788,4.404858902,-3.181760067
4.22,-64.99286874,0.05297706218,0.5960476029,0.3177223046,0,-1.222916243,4.404864723,-3.181760622
4.23,-64.99287065,0.05297705976,0.5960473961,0.3177224216,0,-1.222915671,4.404870508,-3.181761194
4.24,-64.99287261,0.05297705694,0.5960471896,0.3177225382,0,-1.222915073,4.404876257,-3.181761784
4.25,-64.99287464,0.05297705371,0.5960469834,0.3177226546,0,-1.222914448,4.404881969,-3.181762391
4.26,-64.99287672,0.0529770501,0.5960467775,0.3177227708,0,-1.222913797,4.404887646,-3.181763015
4.27,-64.99287885,0.05297704608,0.596046572,0.3177228866,0,-1.22291312,4.404893287,-3.181763656
4.28,-64.99288105,0.05297704168,0.5960463668,0.3177230022,0,-1.222912417,4.404898892,-3.181764314
4.29,-64.9928833,0.05297703688,0.5960461619,0.3177231175,0,-1.222911689,4.404904461,-3.181764989
4.3,-64.9928856,0.05297703169,0.5960459574,0.3177232325,0,-1.222910934,4.404909994,-3.181765681
4.31,-64.99288796,0.05297702611,0.5960457532,0.3177233473,0,-1.222910154,4.404915491,-3.181766389
4.32,-64.99289038,0.05297702015,0.5960455493,0.3177234617,0,-1.222909349,4.404920953,-3.181767114
4.33,-64.99289285,0.0529770138,0.5960453458,0.3177235759,0,-1.222908518,4.404926379,-3.181767856
4.34,-64.99289538,0.05297700707,0.5960451426,0.3177236899,0,-1.222907662,4.404931769,-3.181768614
4.35,-64.99289796,0.05297699996,0.5960449397,0.3177238035,0,-1.222906781,4.404937124,-3.181769389
4.36,-64.9929006,0.05297699247,0.5960447372,0.3177239169,0,-1.222905875,4.404942443,-3.18177018
4.37,-64.99290329,0.0529769846,0.5960445351,0.3177240299,0,-1.222904943,4.404947726,-3.181770987
4.38,-64.99290604,0.05297697635,0.5960443333,0.3177241427,0,-1.222903987,4.404952974,-3.181771811
4.39,-64.99290883,0.05297696773,0.5960441318,0.3177242552,0,-1.222903007,4.404958187,-3.18177265
4.4,-64.99291169,0.05297695874,0.5960439307,0.3177243675,0,-1.222902002,4.404963364,-3.181773506
4.41,-64.99291459,0.05297694937,0.59604373,0.3177244794,0,-1.222900972,4.404968506,-3.181774377
4.42,-64.99291755,0.05297693963,0.5960435296,0.317724591,0,-1.222899918,4.404973613,-3.181775265
4.43,-64.99292056,0.05297692953,0.5960433296,0.3177247024,0,-1.22289884,4.404978684,-3.181776168
4.44,-64.99292362,0.05297691906,0.5960431299,0.3177248135,0,-1.222897738,4.40498372,-3.181777087
4.45,-64.99292674,0.05297690822,0.5960429306,0.3177249243,0,-1.222896612,4.404988721,-3.181778021
4.46,-64.9929299,0.05297689703,0.5960427317,0.3177250348,0,-1.222895462,4.404993687,-3.181778971
4.47,-64.99293312,0.05297688547,0.5960425331,0.317725145,0,-1.222894288,4.404998617,-3.181779937
4.48,-64.99293639,0.05297687355,0.5960423349,0.3177252549,0,-1.222893091,4.405003513,-3.181780918
4.49,-64.99293971,0.05297686127,0.596042137,0.3177253645,0,-1.22289187,4.405008374,-3.181781914
4.5,-64.99294308,0.05297684863,0.5960419395,0.3177254738,0,-1.222890626,4.405013199,-3.181782925
4.51,-64.99294651,0.05297683565,0.5960417424,0.3177255828,0,-1.222889358,4.40501799,-3.181783952
4.52,-64.99294998,0.0529768223,0.5960415457,0.3177256916,0,-1.222888067,4.405022746,-3.181784993
4.53,-64.9929535,0.05297680861,0.5960413493,0.3177258,0,-1.222886754,4.405027467,-3.18178605
4.54,-64.99295707,0.05297679457,0.5960411533,0.3177259081,0,-1.222885417,4.405032154,-3.181787121
4.55,-64.99296069,0.05297678018,0.5960409577,0.3177260159,0,-1.222884058,4.405036806,-3.181788207
4.56,-64.99296436,0.05297676544,0.5960407625,0.3177261235,0,-1.222882676,4.405041423,-3.181789308
4.57,-64.99296808,0.05297675036,0.5960405677,0.3177262307,0,-1.222881271,4.405046005,-3.181790424
4.58,-64.99297185,0.05297673493,0.5960403732,0.3177263376,0,-1.222879844,4.405050553,-3.181791554
4.59,-64.99297566,0.05297671916,0.5960401791,0.3177264443,0,-1.222878394,4.405055067,-3.181792699
4.6,-64.99297953,0.05297670306,0.5960399854,0.3177265506,0,-1.222876923,4.405059546,-3.181793858
4.61,-64.99298344,0.05297668661,0.5960397921,0.3177266566,0,-1.222875429,4.405063991,-3.181795031
4.62,-64.9929874,0.05297666983,0.5960395992,0.3177267623,0,-1.222873913,4.405068401,-3.181796219
4.63,-64.9929914,0.05297665272,0.5960394067,0.3177268678,0,-1.222872376,4.405072777,-3.181797421
4.64,-64.99299546,0.05297663527,0.5960392145,0.3177269729,0,-1.222870816,4.405077119,-3.181798637
4.65,-64.99299956,0.05297661749,0.5960390228,0.3177270777,0,-1.222869235,4.405081427,-3.181799867
4.66,-64.9930037,0.05297659938,0.5960388315,0.3177271822,0,-1.222867633,4.405085701,-3.181801111
4.67,-64.9930079,0.05297658094,0.5960386405,0.3177272864,0,-1.222866009,4.405089941,-3.181802369
4.68,-64.99301213,0.05297656218,0.5960384499,0.3177273902,0,-1.222864363,4.405094146,-3.18180364
4.69,-64.99301642,0.05297654309,0.5960382598,0.3177274938,0,-1.222862697,4.405098318,-3.181804925
4.7,-64.99302075,0.05297652368,0.59603807,0.3177275971,0,-1.222861009,4.405102456,-3.181806224
4.71,-64.99302512,0.05297650395,0.5960378807,0.3177277,0,-1.222859301,4.40510656,-3.181807537
4.72,-64.99302954,0.05297648389,0.5960376917,0.3177278026,0,-1.222857572,4.40511063,-3.181808863
4.73,-64.99303401,0.05297646352,0.5960375032,0.317727905,0,-1.222855822,4.405114667,-3.181810202
4.74,-64.99303852,0.05297644284,0.596037315,0.317728007,0,-1.222854051,4.40511867,-3.181811555
4.75,-64.99304307,0.05297642184,0.5960371273,0.3177281087,0,-1.22285226,4.405122639,-3.18181292
4.76,-64.99304766,0.05297640052,0.5960369399,0.31772821,0,-1.222850449,4.405126575,-3.181814299
4.77,-64.9930523,0.05297637889,0.596036753,0.3177283111,0,-1.222848617,4.405130478,-3.181815691
4.78,-64.99305699,0.05297635696,0.5960365665,0.3177284118,0,-1.222846765,4.405134347,-3.181817096
4.79,-64.99306171,0.05297633472,0.5960363804,0.3177285123,0,-1.222844893,4.405138183,-3.181818514
4.8,-64.99306648,0.05297631217,0.5960361947,0.3177286124,0,-1.222843001,4.405141985,-3.181819945
4.81,-64.99307129,0.05297628931,0.5960360095,0.3177287122,0,-1.22284109,4.405145755,-3.181821388
4.82,-64.99307615,0.05297626615,0.5960358246,0.3177288117,0,-1.222839158,4.405149491,-3.181822845
4.83,-64.99308104,0.05297624269,0.5960356402,0.3177289108,0,-1.222837208,4.405153194,-3.181824313
4.84,-64.99308598,0.05297621893,0.5960354562,0.3177290097,0,-1.222835237,4.405156864,-3.181825795
4.85,-64.99309096,0.05297619488,0.5960352726,0.3177291082,0,-1.222833248,4.405160501,-3.181827288
4.86,-64.99309598,0.05297617052,0.5960350894,0.3177292064,0,-1.222831239,4.405164105,-3.181828794
4.87,-64.99310104,0.05297614588,0.5960349066,0.3177293043,0,-1.222829211,4.405167676,-3.181830313
4.88,-64.99310614,0.05297612093,0.5960347243,0.3177294018,0,-1.222827164,4.405171215,-3.181831843
4.89,-64.99311129,0.0529760957,0.5960345424,0.3177294991,0,-1.222825098,4.405174721,-3.181833386
4.9,-64.99311647,0.05297607018,0.5960343609,0.317729596,0,-1.222823013,4.405178194,-3.181834941
4.91,-64.99312169,0.05297604437,0.5960341798,0.3177296926,0,-1.22282091,4.405181635,-3.181836507
4.92,-64.99312695,0.05297601827,0.5960339992,0.3177297888,0,-1.222818788,4.405185043,-3.181838086
4.93,-64.99313225,0.05297599189,0.596033819,0.3177298848,0,-1.222816648,4.405188418,-3.181839676
4.94,-64.99313759,0.05297596522,0.5960336392,0.3177299804,0,-1.22281449,4.405191762,-3.181841278
4.95,-64.99314297,0.05297593828,0.5960334599,0.3177300757,0,-1.222812313,4.405195073,-3.181842892
4.96,-64.99314839,0.05297591105,0.596033281,0.3177301706,0,-1.222810118,4.405198352,-3.181844518
4.97,-64.99315385,0.05297588354,0.5960331025,0.3177302653,0,-1.222807905,4.405201598,-3.181846154
4.98,-64.99315934,0.05297585576,0.5960329245,0.3177303596,0,-1.222805675,4.405204813,-3.181847803
4.99,-64.99316487,0.0529758277,0.5960327469,0.3177304536,0,-1.222803426,4.405207995,-3.181849462
5,-64.55150378,0.05297579937,0.5960325697,0.3177305472,265,-1.218104616,4.567255165,-3.049351133
5.01,-61.91334343,0.05343902992,0.5959565106,0.3177818987,265,-1.221387252,5.538754648,-2.257903028
5.02,-59.29252502,0.05459688139,0.5957552264,0.317914996,265,-1.271578205,6.511832089,-1.471657507
5.03,-56.68854809,0.0564655133,0.5954103488,0.3181362533,265,-1.372351215,7.490246634,-0.6904644273
5.04,-54.10089222,0.05907625621,0.5948992284,0.3184521068,265,-1.532208966,8.478081115,0.08583233375
5.05,-51.5289699,0.06247198978,0.5941952498,0.3188689083,265,-1.765047583,9.479768011,0.8574090291
5.06,-48.97207156,0.0667040036,0.5932686056,0.3193928262,265,-2.091226035,10.5001168,1.624478533
5.07,-46.42929802,0.071829148,0.5920876514,0.3200297564,265,-2.539091783,11.54434656,2.387310593
5.08,-43.8994763,0.07790718022,0.5906208875,0.3207852516,265,-3.146919803,12.61812826,3.146257109
5.09,-41.38105487,0.08499828051,0.58883948,0.3216644709,265,-3.965196864,13.72764154,3.90178354
5.1,-38.87197587,0.09316076165,0.586720057,0.3226721547,265,-5.059133134,14.87965143,4.65450724
5.11,-36.36952317,0.1024490254,0.5842473535,0.3238126265,265,-6.511214703,16.08161043,5.405243049
5.12,-33.87014739,0.1129118317,0.5814162026,0.3250898226,265,-8.423530264,17.34179184,6.155055784
5.13,-31.36927226,0.1245909413,0.5782324495,0.3265073498,265,-10.91951978,18.66945945,6.905318323
5.14,-28.86109072,0.137520175,0.5747125902,0.3280685698,265,-14.14470799,20.07507832,7.657772783
5.15,-26.33836383,0.1517248957,0.570882235,0.329776707,265,-18.26590375,21.57056995,8.414590851
5.16,-23.7922411,0.1672218813,0.5667737592,0.3316349758,265,-23.46826571,23.1696128,9.178427669
5.17,-21.21212744,0.1840195069,0.5624236226,0.3336467226,265,-29.94955318,24.88798599,9.952461768
5.18,-18.58562866,0.2021181066,0.5578698098,0.3358155726,265,-37.9107951,26.74394892,10.7404114
5.19,-15.8986157,0.2215103475,0.5531497049,0.3381455737,265,-47.54252873,28.75864223,11.54651529
5.2,-13.13545584,0.2421814108,0.5482985389,0.340641324,265,-59.00571394,30.95648528,12.37546325
5.21,-10.27946781,0.2641087684,0.5433484071,0.3433080673,265,-72.40649311,33.36553078,13.23225966
5.22,-7.313663757,0.287261344,0.538327761,0.3461517374,265,-87.76427271,36.0177182,14.12200087
5.23,-4.221842247,0.3115978932,0.5332612526,0.3491789311,265,-104.9733559,38.94894367,15.04954733
5.24,-0.9900865061,0.3370645115,0.5281698077,0.3523967834,265,-123.7598159,42.19883695,16.01907405
5.25,2.391307504,0.3635913058,0.5230708377,0.3558127217,265,-143.6377117,45.81011081,17.03349225
5.26,5.925507288,0.3910884338,0.5179785282,0.3594340775,265,-163.8721842,49.82733232,18.09375219
5.27,9.606555311,0.4194419308,0.5129041685,0.3632675419,265,-183.4610594,54.29497615,19.19806659
5.28,13.41678281,0.448509963,0.5078565061,0.3673184685,265,-201.1501896,59.25467362,20.34113484
5.29,17.32465278,0.4781203412,0.5028421139,0.3715900522,265,-215.4987539,64.74169,21.51349583
5.3,21.28360201,0.5080702174,0.4978657603,0.3760824431,265,-225.0063022,70.78085476,22.7011806
5.31,25.23251027,0.5381288117,0.4929307666,0.3807918941,265,-228.3010445,77.38241965,23.88585308
5.32,29.09831714,0.5680437084,0.4880393369,0.3857100684,265,-224.3688646,84.53857032,25.04559514
5.33,32.80097646,0.597550711,0.483192845,0.390823648,265,-212.7795245,92.22146984,26.15639294
5.34,36.26040306,0.6263865401,0.4783920697,0.3961143645,265,-193.8502929,100.3836471,27.19422092
5.35,39.40445439,0.6543029425,0.4736373775,0.4015595224,265,-168.6891537,108.9611847,28.13743632
5.36,42.17652416,0.6810802994,0.4689288576,0.407132998,265,-139.0858364,117.8795389,28.96905725
5.37,44.54122964,0.7065387659,0.4642664159,0.412806603,265,-107.2633425,127.0611168,29.67846889
5.38,46.48705138,0.7305454097,0.4596498398,0.418551629,265,-75.54779725,136.4332007,30.26221541
5.39,48.02552911,0.7530166294,0.4550788403,0.4243403517,265,-46.03968315,145.9346866,30.72375873
5.4,49.18745913,0.7739160605,0.4505530799,0.4301472994,265,-20.36357381,155.5204481,31.07233774
5.41,50.01717078,0.7932489368,0.44607219,0.4359501518,265,0.4587805113,165.162812,31.32125123
5.42,50.56619667,0.8110542774,0.4416357821,0.4417302193,265,16.00893977,174.8503685,31.485959
5.43,50.88749411,0.8273962974,0.4372434557,0.4474725341,265,26.37611099,184.5848752,31.58234823
5.44,51.03096788,0.8423561724,0.4328948026,0.4531656337,265,32.01076414,194.3772343,31.62539036
5.45,51.04057969,0.8560248986,0.4285894104,0.4588011446,265,33.57045425,204.2434338,31.62827391
5.46,50.95295204,0.8684975926,0.4243268645,0.4643732669,265,31.78766838,214.2010779,31.60198561
5.47,50.79715142,0.8798692725,0.4201067501,0.4698782428,265,27.37386906,224.2668164,31.55524543
5.48,50.59526033,0.8902319667,0.415928653,0.4753138643,265,20.9612212,234.4547156,31.4946781
5.49,50.36337684,0.8996729053,0.4117921606,0.4806790513,265,13.07586697,244.7754443,31.42511305
5.5,50.11276296,0.9082735307,0.4076968629,0.485973511,265,4.133663022,255.236071,31.34992889
5.51,49.8509571,0.9161090877,0.4036423526,0.4911974752,265,-5.550483876,265.8402595,31.27138713
5.52,49.58274915,0.9232486006,0.3996282258,0.4963515075,265,-15.74673803,276.5886823,31.19092475
5.53,49.31097772,0.9297550877,0.395654082,0.501436367,265,-26.29274043,287.4795197,31.10939332
5.54,49.03714809,0.9356859114,0.3917195244,0.5064529151,265,-37.07714047,298.5089586,31.02724443
5.55,48.76189096,0.9410931919,0.38782416,0.511402055,265,-48.02561069,309.6716405,30.94466729
5.56,48.48529026,0.9460242398,0.3839675999,0.5162846939,265,-59.08973418,320.961041,30.86168708
5.57,48.20710947,0.9505219827,0.3801494589,0.5211017217,265,-70.23860716,332.3697747,30.77823284
5.58,47.92694263,0.9546253682,0.3763693556,0.525853999,265,-81.45274698,343.889833,30.69418279
5.59,47.64431148,0.9583697385,0.3726269129,0.5305423524,265,-92.71982541,355.5127646,30.60939345
5.6,47.3587254,0.9617871727,0.3689217571,0.535167574,265,-104.0317755,367.2298109,30.52371762
5.61,47.06971633,0.9649067979,0.3652535188,0.5397304228,265,-115.3828915,379.0320061,30.4370149
5.62,46.77685743,0.96775507,0.361621832,0.5442316274,265,-126.7686222,390.9102515,30.34915723
5.63,46.47977156,0.9703560273,0.3580263347,0.5486718892,265,-138.1848364,402.8553709,30.26003147
5.64,46.17813353,0.9727315183,0.3544666686,0.5530518856,265,-149.6273977,414.858153,30.16954006
5.65,45.8716688,0.9749014076,0.3509424791,0.5573722736,265,-161.0919393,426.9093843,30.07760064
5.66,45.56015033,0.9768837614,0.3474534152,0.561633692,265,-172.5737623,438.999876,29.9841451
5.67,45.2433946,0.9786950139,0.3439991295,0.5658367646,265,-184.0678086,451.120486,29.88911838
5.68,44.92125731,0.9803501189,0.3405792782,0.5699821019,265,-195.5686754,463.2621386,29.79247719
5.69,44.59362935,0.9818626856,0.3371935211,0.5740703036,265,-207.070652,475.4158413,29.6941888
5.7,44.26043282,0.9832451022,0.3338415215,0.5781019598,265,-218.5677672,487.5727008,29.59422985
5.71,43.92161762,0.9845086473,0.3305229461,0.5820776526,265,-230.0538385,499.7239371,29.49258529
5.72,43.57715822,0.9856635909,0.327237465,0.5859979575,265,-241.5225211,511.8608977,29.38924747
5.73,43.22705093,0.9867192861,0.3239847518,0.589863444,265,-252.9673536,523.9750694,29.28421528
5.74,42.87131138,0.9876842518,0.3207644834,0.5936746769,265,-264.3817993,536.0580913,29.17749341
5.75,42.50997236,0.9885662486,0.3175763403,0.5974322168,265,-275.7592839,548.1017648,29.06909171
5.76,42.14308185,0.9893723466,0.3144200058,0.6011366205,265,-287.0932282,560.098065,28.95902456
5.77,41.77070134,0.9901089877,0.311295167,0.6047884418,265,-298.3770783,572.0391498,28.8473104
5.78,41.39290425,0.990782042,0.3082015139,0.6083882317,265,-309.6043309,583.9173692,28.73397128
5.79,41.00977462,0.991396859,0.3051387399,0.6119365389,265,-320.7685566,595.7252731,28.61903239
5.8,40.62140582,0.9919583141,0.3021065416,0.6154339098,265,-331.8634202,607.4556191,28.50252175
5.81,40.2278995,0.9924708508,0.2991046186,0.6188808888,265,-342.882698,619.1013786,28.38446985
5.82,39.82936455,0.9929385194,0.2961326738,0.6222780183,265,-353.8202935,630.6557436,28.26490936
5.83,39.42591622,0.9933650118,0.2931904131,0.6256258392,265,-364.6702512,642.1121308,28.14387487
5.84,39.01767531,0.9937536934,0.2902775457,0.6289248904,265,-375.4267685,653.4641868,28.02140259
5.85,38.60476736,0.994107632,0.2873937835,0.6321757092,265,-386.0842058,664.7057914,27.89753021
5.86,38.18732205,0.9944296238,0.2845388417,0.6353788311,265,-396.6370955,675.8310608,27.77229662
5.87,37.7654725,0.994722218,0.2817124385,0.6385347898,265,-407.0801498,686.8343498,27.64574175
5.88,37.33935472,0.994987738,0.2789142949,0.6416441173,265,-417.408267,697.7102535,27.51790642
5.89,36.90910712,0.9952283013,0.2761441351,0.6447073435,265,-427.6165367,708.4536082,27.38883214
5.9,36.47486995,0.9954458378,0.2734016861,0.6477249965,265,-437.7002447,719.0594922,27.25856099
5.91,36.03678493,0.995642106,0.2706866777,0.6506976022,265,-447.6548761,729.5232253,27.12713548
5.92,35.5949948,0.9958187079,0.2679988429,0.6536256844,265,-457.4761179,739.8403681,26.99459844
5.93,35.14964294,0.9959771029,0.2653379173,0.6565097644,265,-467.1598611,750.0067212,26.86099288
5.94,34.70087305,0.9961186196,0.2627036394,0.6593503614,265,-476.7022018,760.018323,26.72636192
5.95,34.24882882,0.9962444678,0.2600957505,0.6621479918,265,-486.0994416,769.871448,26.59074865
5.96,33.79365363,0.9963557479,0.2575139948,0.6649031694,265,-495.3480875,779.5626037,26.45419609
5.97,33.3354903,0.9964534613,0.2549581192,0.6676164051,265,-504.4448512,789.0885283,26.31674709
5.98,32.87448083,0.9965385177,0.2524278735,0.6702882072,265,-513.3866479,798.446187,26.17844425
5.99,32.41076621,0.9966117439,0.2499230099,0.6729190805,265,-522.1705947,807.6327683,26.03932986
6,31.94448618,0.9966738902,0.2474432837,0.6755095269,265,-530.7940086,816.6456802,25.89944585
6.01,29.56482742,0.9967145379,0.2449889019,0.6780317322,0,-594.8649019,810.8050872,25.18554823
6.02,27.47076687,0.9967177306,0.2425603958,0.6804456861,0,-649.3279536,806.2526292,24.55733006
6.03,25.87376091,0.9966920902,0.2401573385,0.6827746527,0,-688.4141215,804.8532057,24.07822827
6.04,24.61833183,0.9966442285,0.2377793121,0.6850344793,0,-716.9616775,805.6089569,23.70159955
6.05,23.59790864,0.9965791175,0.2354259266,0.6872361565,0,-738.259785,807.8215863,23.39547259
6.06,22.73934988,0.9965004163,0.2330968254,0.6893873564,0,-754.5469484,811.0026814,23.13790496
6.07,21.99238886,0.9964107722,0.2307916841,0.6914934801,0,-767.3486128,814.8105883,22.91381666
6.08,21.32243154,0.9963120714,0.2285102064,0.6935583719,0,-777.7058227,819.0061912,22.71282946
6.09,20.70563759,0.996205638,0.2262521185,0.6955848074,0,-786.3301651,823.4220169,22.52779128
6.1,20.12555676,0.9960923848,0.2240171651,0.6975748264,0,-793.7088506,827.9406784,22.35376703
6.11,19.57082558,0.9959729253,0.2218051054,0.6995299611,0,-800.1760564,832.4798413,22.18734767
6.12,19.03358772,0.995847656,0.2196157098,0.7014513923,0,-805.9614275,836.9817357,22.02617631
6.13,18.50840886,0.9957168162,0.217448758,0.7033400569,0,-811.2230966,841.4058352,21.86862266
6.14,17.99153006,0.9955805306,0.2153040371,0.7051967215,0,-816.0701996,845.7237407,21.71355902
6.15,17.48035313,0.9954388407,0.2131813404,0.7070220334,0,-820.5782523,849.9156013,21.56020594
6.16,16.97308523,0.9952917264,0.2110804665,0.7088165557,0,-824.7996703,853.9676066,21.40802557
6.17,16.46849319,0.9951391219,0.2090012182,0.7105807915,0,-828.7709759,857.8702273,21.25664796
6.18,15.96573313,0.9949809275,0.2069434027,0.7123152007,0,-832.5177457,861.6169782,21.10581994
6.19,15.46423236,0.994817017,0.2049068308,0.7140202118,0,-836.0580112,865.2035476,20.95536971
6.2,14.9636071,0.9946472439,0.2028913165,0.7156962299,0,-839.4046001,868.6271827,20.80518213
6.21,14.46360535,0.9944714452,0.2008966774,0.7173436423,0,-842.5667507,871.8862557,20.65518161
6.22,13.96406693,0.9942894447,0.1989227339,0.7189628224,0,-845.551227,874.9799554,20.50532008
6.23,13.46489557,0.9941010545,0.1969693095,0.7205541327,0,-848.3630895,877.9080685,20.35556867
6.24,12.96603943,0.993906077,0.1950362305,0.7221179265,0,-851.0062282,880.6708238,20.20591183
6.25,12.46747738,0.9937043054,0.1931233261,0.7236545496,0,-853.483733,883.2687803,20.05634321
6.26,11.96920944,0.9934955247,0.1912304285,0.7251643405,0,-855.7981491,885.7027467,19.90686283
6.27,11.47125,0.993279512,0.1893573723,0.726647632,0,-857.9516548,887.9737239,19.757475
6.28,10.97362308,0.9930560368,0.1875039952,0.7281047512,0,-859.9461847,890.082862,19.60818692
6.29,10.47635901,0.9928248613,0.1856701374,0.7295360197,0,-861.7835147,892.0314299,19.4590077
6.3,9.979492031,0.9925857401,0.1838556421,0.7309417544,0,-863.4653203,893.8207918,19.30994761
6.31,9.483058692,0.9923384206,0.1820603548,0.732322267,0,-864.9932177,895.4523899,19.16101761
6.32,8.987096635,0.9920826426,0.1802841242,0.7336778647,0,-866.3687905,896.9277315,19.01222899
6.33,8.491643797,0.9918181386,0.1785268013,0.7350088501,0,-867.5936089,898.2483786,18.86359314
6.34,7.996737827,0.9915446332,0.17678824,0.7363155213,0,-868.6692417,899.4159399,18.71512135
6.35,7.502415686,0.9912618435,0.1750682969,0.7375981718,0,-869.5972643,900.432064,18.56682471
6.36,7.008713372,0.9909694786,0.1733668312,0.7388570909,0,-870.3792638,901.2984345,18.41871401
6.37,6.515665724,0.9906672393,0.1716837048,0.7400925634,0,-871.0168416,902.016765,18.27079972
6.38,6.023306303,0.9903548185,0.1700187825,0.7413048699,0,-871.5116147,902.5887957,18.12309189
6.39,5.531667301,0.9900319005,0.1683719314,0.7424942868,0,-871.8652166,903.0162894,17.97560019
6.4,5.040779498,0.9896981609,0.1667430217,0.7436610861,0,-872.0792961,903.3010293,17.82833385
6.41,4.55067223,0.9893532665,0.165131926,0.7448055359,0,-872.1555171,903.4448154,17.68130167
6.42,4.061373381,0.9889968752,0.1635385197,0.7459279,0,-872.0955574,903.4494625,17.53451201
6.43,3.57290938,0.9886286356,0.1619626809,0.7470284381,0,-871.9011072,903.3167979,17.38797281
6.44,3.085305215,0.9882481869,0.1604042904,0.7481074059,0,-871.5738676,903.048659,17.24169156
6.45,2.598584442,0.9878551587,0.1588632315,0.7491650551,0,-871.1155495,902.6468916,17.09567533
6.46,2.112769208,0.9874491705,0.1573393903,0.7502016334,0,-870.5278716,902.1133478,16.94993076
6.47,1.62788027,0.987029832,0.1558326557,0.7512173845,0,-869.8125591,901.4498843,16.80446408
6.48,1.143937024,0.9865967424,0.1543429191,0.7522125484,0,-868.9713423,900.6583606,16.65928111
6.49,0.6609575231,0.9861494905,0.1528700747,0.753187361,0,-868.0059549,899.7406377,16.51438726
6.5,0.1789585083,0.9856876543,0.1514140191,0.7541420546,0,-866.9181325,898.6985765,16.36978755
6.51,-0.3020445674,0.9852108007,0.149974652,0.7550768576,0,-865.7096117,897.534036,16.22548663
6.52,-0.7820375124,0.9847184855,0.1485518753,0.7559919947,0,-864.3821279,896.2488726,16.08148875
6.53,-1.261007371,0.984210253,0.1471455938,0.7568876869,0,-862.937415,894.8449383,15.93779779
6.54,-1.738942396,0.9836856355,0.1457557149,0.7577641515,0,-861.3772032,893.3240797,15.79441728
6.55,-2.215832028,0.9831441537,0.1443821487,0.7586216024,0,-859.7032184,891.6881367,15.65135039
6.56,-2.691666866,0.982585316,0.1430248078,0.7594602496,0,-857.9171808,889.9389417,15.50859994
6.57,-3.166438648,0.982008618,0.1416836074,0.7602802999,0,-856.0208038,888.0783182,15.36616841
6.58,-3.640140227,0.981413543,0.1403584654,0.7610819563,0,-854.0157929,886.10808,15.22405793
6.59,-4.112765549,0.9807995609,0.1390493022,0.7618654188,0,-851.9038448,884.0300302,15.08227034
6.6,-4.584309635,0.9801661287,0.1377560409,0.7626308834,0,-849.6866459,881.8459604,14.94080711
6.61,-5.05476856,0.9795126896,0.1364786071,0.7633785433,0,-847.365872,879.5576495,14.79966943
6.62,-5.524139436,0.9788386731,0.1352169287,0.764108588,0,-844.9431867,877.1668635,14.65885817
6.63,-5.992420398,0.9781434945,0.1339709365,0.7648212039,0,-842.420241,874.6753538,14.51837388
6.64,-6.459610585,0.9774265549,0.1327405637,0.7655165742,0,-839.7986719,872.0848576,14.37821682
6.65,-6.925710133,0.9766872408,0.1315257457,0.7661948786,0,-837.080102,869.3970959,14.23838696
6.66,-7.390720159,0.9759249235,0.1303264207,0.7668562941,0,-834.266138,866.6137739,14.09888395
6.67,-7.854642754,0.9751389593,0.1291425292,0.7675009943,0,-831.3583705,863.7365797,13.95970717
6.68,-8.317480978,0.9743286891,0.127974014,0.7681291496,0,-828.3583725,860.7671836,13.82085571
6.69,-8.77923885,0.9734934377,0.1268208204,0.7687409276,0,-825.2676991,857.7072379,13.68232835
6.7,-9.239921348,0.972632514,0.125682896,0.7693364927,0,-822.0878863,854.5583759,13.5441236
6.71,-9.699534409,0.9717452105,0.1245601906,0.7699160066,0,-818.82045,851.3222112,13.40623968
6.72,-10.15808493,0.9708308029,0.1234526564,0.7704796277,0,-815.4668857,848.0003374,13.26867452
6.73,-10.61558077,0.96988855,0.1223602478,0.7710275118,0,-812.0286671,844.5943273,13.13142577
6.74,-11.07203077,0.9689176931,0.1212829213,0.7715598116,0,-808.5072451,841.1057322,12.99449077
6.75,-11.52744473,0.9679174558,0.1202206356,0.7720766772,0,-804.9040475,837.5360815,12.85786658
6.76,-11.98183346,0.9668870441,0.1191733514,0.7725782556,0,-801.2204775,833.8868819,12.72154996
6.77,-12.43520879,0.9658256451,0.1181410317,0.7730646912,0,-797.4579131,830.1596166,12.58553736
6.78,-12.88758356,0.9647324276,0.117123641,0.7735361258,0,-793.6177059,826.3557451,12.44982493
6.79,-13.33897167,0.9636065413,0.1161211463,0.7739926982,0,-789.70118,822.476702,12.3144085
6.8,-13.78938809,0.9624471164,0.115133516,0.7744345446,0,-785.7096313,818.5238968,12.17928357
6.81,-14.2388489,0.9612532635,0.1141607207,0.7748617986,0,-781.6443262,814.4987128,12.04444533
6.82,-14.68737131,0.9600240727,0.1132027325,0.775274591,0,-777.5065005,810.4025065,11.90988861
6.83,-15.13497373,0.9587586141,0.1122595252,0.7756730503,0,-773.2973581,806.236607,11.77560788
6.84,-15.58167577,0.9574559363,0.1113310745,0.776057302,0,-769.0180702,802.0023149,11.64159727
6.85,-16.02749828,0.9561150668,0.1104173574,0.7764274692,0,-764.6697738,797.7009017,11.50785052
6.86,-16.47246345,0.9547350113,0.1095183524,0.7767836726,0,-760.2535702,793.3336089,11.37436096
6.87,-16.91659481,0.953314753,0.1086340395,0.77712603,0,-755.7705241,788.901647,11.24112156
6.88,-17.35991732,0.9518532526,0.1077644002,0.7774546569,0,-751.221662,784.4061947,11.1081248
6.89,-17.80245742,0.9503494473,0.1069094172,0.7777696662,0,-746.6079707,779.8483979,10.97536277
6.9,-18.24424307,0.9488022506,0.1060690742,0.7780711684,0,-741.930396,775.2293687,10.84282708
6.91,-18.68530387,0.9472105517,0.1052433563,0.7783592711,0,-737.1898411,770.5501841,10.71050884
6.92,-19.12567111,0.9455732148,0.1044322497,0.77863408,0,-732.3871651,765.8118854,10.57839867
6.93,-19.56537782,0.9438890785,0.1036357414,0.7788956977,0,-727.523181,761.0154767,10.44648665
6.94,-20.00445892,0.9421569552,0.1028538195,0.7791442246,0,-722.5986548,756.1619238,10.31476232
6.95,-20.44295125,0.9403756306,0.1020864729,0.7793797585,0,-717.6143028,751.2521528,10.18321462
6.96,-20.88089368,0.9385438625,0.1013336914,0.7796023948,0,-712.5707908,746.2870495,10.0518319
6.97,-21.31832722,0.9366603804,0.1005954654,0.7798122262,0,-707.4687316,741.2674571,9.920601834
6.98,-21.75529512,0.9347238847,0.09987178605,0.7800093429,0,-702.3086836,736.1941758,9.789511465
6.99,-22.19184296,0.9327330454,0.09916264515,0.7801938326,0,-697.0911486,731.0679608,9.658547113
7,-22.62801877,0.9306865017,0.09846803499,0.7803657803,0,-691.8165701,725.8895211,9.527694368
7.01,-23.06387318,0.9285828605,0.09778794844,0.7805252687,0,-686.4853313,720.659518,9.396938046
7.02,-23.49945948,0.926420696,0.09712237877,0.7806723774,0,-681.0977532,715.3785638,9.266262157
7.03,-23.93483378,0.9241985476,0.09647131973,0.7808071839,0,-675.6540924,710.04722,9.135649866
7.04,-24.37005515,0.9219149195,0.09583476543,0.7809297625,0,-670.1545393,704.6659959,9.005083455
7.05,-24.80518572,0.9195682793,0.09521271032,0.781040185,0,-664.5992163,699.2353469,8.874544283
7.06,-25.24029086,0.917157056,0.09460514923,0.7811385207,0,-658.9881752,693.7556733,8.744012742
7.07,-25.67543927,0.9146796395,0.09401207725,0.7812248357,0,-653.3213956,688.227318,8.613468218
7.08,-26.11070317,0.912134378,0.09343348981,0.7812991934,0,-647.5987832,682.6505659,8.482889048
7.09,-26.54615843,0.9095195772,0.09286938262,0.7813616545,0,-641.8201669,677.0256411,8.352252472
7.1,-26.9818847,0.9068334979,0.0923197517,0.7814122765,0,-635.985298,671.3527065,8.221534591
7.11,-27.4179656,0.9040743546,0.09178459338,0.781451114,0,-630.0938475,665.631861,8.09071032
7.12,-27.85448886,0.901240313,0.09126390434,0.7814782187,0,-624.1454046,659.8631391,7.959753342
7.13,-28.29154647,0.8983294882,0.0907576816,0.781493639,0,-618.1394747,654.0465084,7.828636059
7.14,-28.72923485,0.8953399425,0.09026592261,0.7814974202,0,-612.0754783,648.1818687,7.697329545
7.15,-29.167655,0.8922696825,0.08978862526,0.7814896043,0,-605.9527486,642.2690502,7.5658035
7.16,-29.60691267,0.8891166573,0.08932578794,0.7814702302,0,-599.7705308,636.3078122,7.434026198
7.17,-30.04711852,0.8858787551,0.08887740961,0.7814393332,0,-593.5279803,630.2978419,7.301964445
7.18,-30.48838826,0.8825538008,0.08844348987,0.7813969453,0,-587.224162,624.2387531,7.169583523
7.19,-30.93084282,0.8791395531,0.08802402906,0.7813430948,0,-580.8580489,618.1300846,7.036847154
7.2,-31.37460852,0.8756337011,0.08761902833,0.7812778066,0,-574.4285218,611.9713,6.903717443
7.21,-31.81981719,0.8720338611,0.08722848974,0.7812011017,0,-567.9343687,605.7617862,6.770154843
7.22,-32.26660632,0.8683375734,0.08685241639,0.7811129975,0,-561.3742847,599.5008529,6.636118103
7.23,-32.71511921,0.8645422985,0.08649081252,0.7810135075,0,-554.7468721,593.1877321,6.501564236
7.24,-33.16550508,0.8606454135,0.08614368364,0.7809026412,0,-548.0506415,586.8215774,6.366448475
7.25,-33.61791919,0.8566442083,0.08581103667,0.7807804042,0,-541.2840125,580.4014647,6.230724242
7.26,-34.07252296,0.8525358817,0.08549288008,0.7806467979,0,-534.4453153,573.9263917,6.094343113
7.27,-34.52948401,0.8483175372,0.08518922405,0.7805018196,0,-527.5327934,567.3952787,5.957254798
7.28,-34.98897627,0.8439861789,0.08490008061,0.7803454621,0,-520.5446062,560.8069694,5.819407118
7.29,-35.45118003,0.8395387075,0.08462546383,0.7801777142,0,-513.4788331,554.1602324,5.68074599
7.3,-35.91628191,0.8349719155,0.08436538999,0.7799985601,0,-506.3334779,547.4537629,5.541215428
7.31,-36.38447486,0.8302824835,0.08411987777,0.7798079795,0,-499.1064745,540.6861848,5.400757541
7.32,-36.85595816,0.8254669759,0.08388894842,0.7796059475,0,-491.7956941,533.8560539,5.259312553
7.33,-37.33093724,0.8205218361,0.083672626,0.7793924348,0,-484.3989531,526.9618613,5.116818829
7.34,-37.8096236,0.8154433834,0.08347093755,0.7791674072,0,-476.9140232,520.002038,4.97321292
7.35,-38.29223459,0.8102278083,0.08328391337,0.7789308259,0,-469.3386423,512.9749597,4.828429623
7.36,-38.77899314,0.8048711696,0.08311158718,0.7786826475,0,-461.6705282,505.8789536,4.682402058
7.37,-39.27012741,0.7993693905,0.08295399644,0.7784228237,0,-453.9073937,498.7123051,4.535061777
7.38,-39.76587038,0.7937182568,0.08281118255,0.7781513015,0,-446.0469647,491.4732666,4.386338885
7.39,-40.26645933,0.787913414,0.08268319115,0.7778680231,0,-438.0870005,484.1600675,4.236162202
7.4,-40.77213516,0.7819503663,0.08257007239,0.7775729264,0,-430.0253171,476.7709252,4.084459453
7.41,-41.28314168,0.7758244761,0.08247188126,0.7772659442,0,-421.8598138,469.3040585,3.931157496
7.42,-41.79972469,0.7695309649,0.08238867788,0.776947005,0,-413.5885035,461.7577026,3.776182593
7.43,-42.3221309,0.7630649149,0.08232052788,0.7766160332,0,-405.2095472,454.1301258,3.619460729
7.44,-42.85060672,0.7564212733,0.08226750272,0.7762729485,0,-396.7212914,446.4196488,3.460917983
7.45,-43.3853968,0.7495948573,0.08222968012,0.7759176668,0,-388.1223125,438.624667,3.30048096
7.46,-43.92674237,0.7425803622,0.08220714446,0.7755501004,0,-379.4114638,430.7436742,3.138077289
7.47,-44.47487937,0.735372372,0.08219998719,0.7751701577,0,-370.5879297,422.7752907,2.97363619
7.48,-45.03003623,0.7279653725,0.08220830737,0.7747777443,0,-361.6512843,414.7182935,2.80708913
7.49,-45.59243148,0.7203537688,0.0822322121,0.7743727628,0,-352.601557,406.5716505,2.638370555
7.5,-46.16227092,0.712531906,0.0822718171,0.7739551137,0,-343.4393035,398.3345581,2.467418725
7.51,-46.73974451,0.7044940954,0.08232724722,0.7735246957,0,-334.1656834,390.0064826,2.294176648
7.52,-47.32502292,0.6962346451,0.08239863706,0.7730814062,0,-324.7825443,381.5872056,2.118593124
7.53,-47.91825366,0.6877478973,0.08248613154,0.7726251421,0,-315.2925112,373.0768737,1.940623902
7.54,-48.5195568,0.679028272,0.08258988652,0.772155801,0,-305.6990828,364.4760519,1.760232959
7.55,-49.12902032,0.6700703183,0.08271006942,0.771673281,0,-296.0067315,355.7857815,1.577393904
7.56,-49.74669499,0.6608687738,0.08284685982,0.7711774828,0,-286.2210088,347.0076416,1.392091502
7.57,-50.37258891,0.6514186337,0.08300045004,0.7706683099,0,-276.3486525,338.1438149,1.204323327
7.58,-51.00666158,0.6417152289,0.08317104564,0.7701456702,0,-266.3976949,329.1971558,1.014101526
7.59,-51.64881765,0.6317543159,0.08335886594,0.769609477,0,-256.3775705,320.1712619,0.8214547039
7.6,-52.29890038,0.621532177,0.08356414429,0.7690596505,0,-246.2992182,311.070547,0.6264298847
7.61,-52.9566848,0.611045733,0.08378712832,0.7684961191,0,-236.1751767,301.9003144,0.42909456
7.62,-53.62187076,0.6002926683,0.08402807995,0.7679188209,0,-226.0196677,292.6668298,0.2295387712
7.63,-54.294076,0.5892715672,0.08428727514,0.7673277054,0,-215.8486618,283.3773911,0.02787719882
7.64,-54.9728293,0.5779820627,0.08456500342,0.7667227351,0,-205.6799231,274.0403941,-0.1757487904
7.65,-55.65756399,0.5664249966,0.08486156698,0.7661038873,0,-195.5330248,264.66539,-0.381169198
7.66,-56.34761205,0.5546025878,0.08517727943,0.7654711557,0,-185.4293297,255.2631338,-0.5881836157
7.67,-57.04219899,0.5425186093,0.08551246401,0.7648245523,0,-175.3919305,245.845619,-0.7965596959
7.68,-57.74043986,0.530178568,0.0858674513,0.7641641092,0,-165.4455408,236.4260953,-1.006031957
7.69,-58.44133674,0.5175898862,0.08624257631,0.7634898804,0,-155.6163322,227.0190661,-1.216301023
7.7,-59.14377798,0.5047620772,0.08663817495,0.7628019432,0,-145.9317131,217.6402624,-1.427033394
7.71,-59.84653953,0.4917069108,0.08705457978,0.7621004002,0,-136.4200442,208.306588,-1.63786186
7.72,-60.54828882,0.4784385607,0.08749211512,0.7613853803,0,-127.1102907,199.0360348,-1.848386646
7.73,-61.2475913,0.4649737271,0.08795109141,0.7606570402,0,-118.0316119,189.8475639,-2.05817739
7.74,-61.94292006,0.4513317239,0.08843179899,0.7599155655,0,-109.2128952,180.7609513,-2.266776019
7.75,-62.63266858,0.4375345241,0.08893450131,0.7591611712,0,-100.6822414,171.796598,-2.473700573
7.76,-63.31516663,0.4236067527,0.08945942766,0.7583941023,0,-92.46641642,162.975305,-2.67844999
7.77,-63.98869943,0.4095756199,0.09000676567,0.7576146339,0,-84.59028578,154.3180154,-2.880509829
7.78,-64.6515295,0.3954707883,0.09057665373,0.7568230709,0,-77.07625404,145.8455289,-3.07935885
7.79,-65.3019211,0.381324168,0.09116917352,0.7560197474,0,-69.94373201,137.5781943,-3.274476329
7.8,-65.93816643,0.3671696396,0.09178434303,0.7552050254,0,-63.20865762,129.5355894,-3.46534993
7.81,-66.55861303,0.3530427042,0.09242211022,0.7543792935,0,-56.88309525,121.7361966,-3.651483909
7.82,-67.16169129,0.3389800673,0.09308234768,0.7535429649,0,-50.97493628,114.1970867,-3.832407388
7.83,-67.74594133,0.3250191652,0.0937648486,0.7526964749,0,-45.4877191,106.9336221,-4.0076824
7.84,-68.31003804,0.3111976452,0.09446932406,0.7518402784,0,-40.42058124,99.95919041,-4.176911412
7.85,-68.85281342,0.2975528175,0.09519540215,0.7509748469,0,-35.76834831,93.284981,-4.339744025
7.86,-69.37327529,0.2841210959,0.09594262871,0.7501006651,0,-31.5217567,86.91981111,-4.495882586
7.87,-69.87062167,0.2709374483,0.09671046993,0.7492182275,0,-27.66779863,80.87001077,-4.645086501
7.88,-70.34425028,0.2580348757,0.0974983167,0.7483280347,0,-24.19017085,75.1393693,-4.787175085
7.89,-70.79376287,0.2454439395,0.09830549053,0.7474305902,0,-21.06980274,69.72914489,-4.92202886
7.9,-71.2189644,0.2331923529,0.09913125089,0.7465263964,0,-18.28543578,64.63813516,-5.049589321
7.91,-71.61985736,0.22130465,0.09997480378,0.7456159516,0,-15.81422501,59.86280375,-5.169857207
7.92,-71.99663147,0.2098019405,0.100835311,0.7446997466,0,-13.63233436,55.39745556,-5.28288944
7.93,-72.34964973,0.1987017547,0.1017119001,0.7437782616,0,-11.7155006,51.23445146,-5.388794919
7.94,-72.67943131,0.1880179784,0.1026036744,0.7428519639,0,-10.03954544,47.36445214,-5.487729393
7.95,-72.98663228,0.177760873,0.1035097227,0.7419213056,0,-8.580820641,43.77668034,-5.579889685
7.96,-73.27202498,0.1679371739,0.1044291295,0.7409867214,0,-7.316577128,40.45919109,-5.665507495
7.97,-73.53647689,0.1585502548,0.1053609829,0.7400486273,0,-6.225254399,37.39914039,-5.744843067
7.98,-73.78092965,0.1496003482,0.1063043835,0.7391074193,0,-5.286691554,34.58304393,-5.818178894
7.99,-74.00637898,0.1410848073,0.1072584511,0.7381634727,0,-4.482265124,31.99701933,-5.885813693
8,-74.21385589,0.1329983967,0.108222331,0.7372171416,0,-3.794961638,29.62700668,-5.948056768
8.01,-74.40440961,0.1253336009,0.1091951988,0.7362687587,0,-3.209394592,27.45896411,-6.005222884
8.02,-74.57909242,0.1180809385,0.1101762647,0.7353186352,0,-2.711776182,25.47903651,-6.057627726
8.03,-74.73894657,0.1112292727,0.1111647761,0.7343670617,0,-2.289854078,23.67369697,-6.10558397
8.04,-74.88499328,0.1047661113,0.1121600201,0.7334143079,0,-1.932822851,22.02986142,-6.149397984
8.05,-75.01822378,0.09867788998,0.1131613246,0.7324606239,0,-1.631218567,20.53497813,-6.189367133
8.06,-75.13959219,0.09295023387,0.1141680585,0.7315062407,0,-1.376803805,19.17709402,-6.225777657
8.07,-75.25001025,0.08756819559,0.1151796321,0.7305513714,0,-1.162448993,17.94490022,-6.258903074
8.08,-75.35034352,0.08251646788,0.116195496,0.7295962115,0,-0.9820146301,16.82775963,-6.289003055
8.09,-75.441409,0.07777957049,0.1172151405,0.7286409408,0,-0.8302378027,15.81571908,-6.316322701
8.1,-75.52397392,0.07334201176,0.1182380938,0.7276857236,0,-0.7026253275,14.89950874,-6.341092177
8.11,-75.59875544,0.06918842601,0.1192639205,0.72673071,0,-0.5953550147,14.07053119,-6.363526631
8.12,-75.66642118,0.06530368844,0.1202922199,0.7257760372,0,-0.5051858377,13.32084238,-6.383826355
8.13,-75.72759044,0.06167300907,0.1213226239,0.7248218298,0,-0.4293772679,12.64312645,-6.402177133
8.14,-75.78283578,0.05828200806,0.1223547952,0.7238682015,0,-0.365617641,12.03066614,-6.418750734
8.15,-75.83268502,0.05511677428,0.1233884252,0.7229152554,0,-0.311961147,11.47731018,-6.433705505
8.16,-75.87762351,0.05216390917,0.1244232318,0.7219630849,0,-0.2667728625,10.97743896,-6.447187052
8.17,-75.91809651,0.04941055793,0.1254589579,0.7210117748,0,-0.2286811382,10.52592934,-6.459328954
8.18,-75.9545117,0.04684442975,0.1264953692,0.720061402,0,-0.1965366147,10.11811952,-6.47025351
8.19,-75.98724163,0.04445380892,0.1275322524,0.7191120358,0,-0.1693771335,9.749774503,-6.48007249
8.2,-76.01662627,0.0422275581,0.1285694137,0.718163739,0,-0.1463978378,9.417052581,-6.488887882
8.21,-76.04297538,0.04015511537,0.1296066772,0.7172165683,0,-0.1269257981,9.116473285,-6.496792615
8.22,-76.06657088,0.03822648608,0.1306438829,0.7162705748,0,-0.1103985576,8.844886925,-6.503871265
8.23,-76.08766906,0.03643223062,0.131680886,0.7153258044,0,-0.09634604452,8.599445918,-6.510200719
8.24,-76.10650271,0.03476344896,0.1327175551,0.7143822989,0,-0.08437536649,8.37757797,-6.515850814
8.25,-76.1232831,0.03321176282,0.1337537713,0.7134400954,0,-0.07415805535,8.176961129,-6.520884929
8.26,-76.13820182,0.031769296,0.1347894268,0.7124992277,0,-0.06541938866,7.995500702,-6.525360546
8.27,-76.15143255,0.03042865359,0.135824424,0.7115597258,0,-0.0579294644,7.831307975,-6.529329766
8.28,-76.16313265,0.02918290031,0.1368586748,0.710621617,0,-0.0514957509,7.682680681,-6.532839795
8.29,-76.1734446,0.02802553853,0.1378920993,0.7096849254,0,-0.04595687494,7.548085119,-6.53593338
8.3,-76.18249741,0.02695048622,0.1389246253,0.708749673,0,-0.04117744665,7.426139832,-6.538649224
8.31,-76.19040785,0.02595205501,0.1399561876,0.7078158791,0,-0.03704375073,7.315600751,-6.541022354
8.32,-76.19728157,0.0250249287,0.1409867271,0.7068835613,0,-0.03346016062,7.215347688,-6.543084471
8.33,-76.20321419,0.02416414221,0.1420161907,0.705952735,0,-0.03034615491,7.124372092,-6.544864256
8.34,-76.2082922,0.02336506122,0.1430445302,0.7050234141,0,-0.0276338351,7.041765962,-6.546387659
8.35,-76.21259386,0.02262336248,0.1440717021,0.704095611,0,-0.02526586012,6.966711818,-6.547678158
8.36,-76.21618998,0.02193501498,0.1450976672,0.7031693365,0,-0.02319372738,6.898473645,-6.548756993
8.37,-76.21914461,0.02129626184,0.1461223899,0.7022446004,0,-0.0213763415,6.836388723,-6.549643382
8.38,-76.22151572,0.02070360313,0.1471458384,0.7013214112,0,-0.01977882204,6.779860259,-6.550354715
8.39,-76.22335576,0.02015377949,0.1481679838,0.7003997765,0,-0.01837150971,6.728350758,-6.550906727
8.4,-76.2247122,0.01964375661,0.1491888,0.6994797029,0,-0.01712913725,6.681376042,-6.551313661
8.41,-76.22562804,0.01917071056,0.1502082637,0.698561196,0,-0.01603013733,6.638499885,-6.551588411
8.42,-76.22614216,0.01873201394,0.1512263536,0.697644261,0,-0.01505606402,6.599329178,-6.551742648
8.43,-76.22628981,0.01832522282,0.1522430508,0.6967289022,0,-0.01419110892,6.563509581,-6.551786943
8.44,-76.2261029,0.01794806443,0.153258338,0.6958151232,0,-0.01342169581,6.530721626,-6.551730871
8.45,-76.22561036,0.01759842564,0.1542722,0.6949029272,0,-0.01273614078,6.500677204,-6.551583107
8.46,-76.22483837,0.01727434211,0.1552846228,0.6939923169,0,-0.0121243669,6.473116416,-6.551351511
8.47,-76.2238107,0.01697398814,0.156295594,0.6930832943,0,-0.01157766428,6.447804742,-6.551043209
8.48,-76.22254888,0.01669566713,0.1573051025,0.6921758613,0,-0.01108848808,6.424530499,-6.550664663
8.49,-76.22107244,0.01643780272,0.1583131382,0.6912700191,0,-0.01065028823,6.403102556,-6.550221732
8.5,-76.21939911,0.01619893042,0.1593196922,0.690365769,0,-0.01025736554,6.383348282,-6.549719733
8.51,-76.21754497,0.01597768986,0.1603247566,0.6894631114,0,-0.009904750137,6.365111707,-6.54916349
8.52,-76.21552461,0.01577281752,0.1613283241,0.688562047,0,-0.009588098392,6.348251863,-6.548557383
8.53,-76.2133513,0.01558313997,0.1623303886,0.6876625759,0,-0.009303605508,6.332641299,-6.54790539
8.54,-76.21103708,0.01540756749,0.1633309442,0.686764698,0,-0.009047931219,6.318164742,-6.547211123
8.55,-76.20859289,0.01524508827,0.1643299861,0.685868413,0,-0.008818136538,6.304717898,-6.546477866
8.56,-76.20602867,0.01509476282,0.16532751,0.6849737206,0,-0.008611629812,6.292206375,-6.545708602
8.57,-76.20335348,0.01495571895,0.1663235118,0.68408062,0,-0.008426120652,6.280544704,-6.544906045
8.58,-76.20057554,0.01482714693,0.1673179883,0.6831891106,0,-0.008259580491,6.269655474,-6.544072661
8.59,-76.19770232,0.0147082951,0.1683109365,0.6822991914,0,-0.008110208785,6.259468543,-6.543210697
8.6,-76.19474065,0.01459846573,0.1693023539,0.6814108613,0,-0.007976403981,6.249920332,-6.542322196
8.61,-76.19169673,0.01449701117,0.1702922384,0.6805241192,0,-0.007856738537,6.240953191,-6.541409019
8.62,-76.1885762,0.01440333033,0.171280588,0.6796389638,0,-0.0077499374,6.232514822,-6.540472859
8.63,-76.18538421,0.01431686529,0.1722674014,0.6787553937,0,-0.007654859411,6.224557769,-6.539515262
8.64,-76.18212544,0.01423709827,0.1732526772,0.6778734075,0,-0.007570481228,6.217038949,-6.538537633
8.65,-76.17880418,0.01416354873,0.1742364144,0.6769930036,0,-0.007495883388,6.209919237,-6.537541254
8.66,-76.17542432,0.01409577072,0.1752186123,0.6761141805,0,-0.007430238207,6.203163087,-6.536527297
8.67,-76.17198942,0.01403335039,0.1761992702,0.6752369364,0,-0.007372799256,6.196738193,-6.535496827
8.68,-76.16850273,0.01397590371,0.1771783879,0.6743612696,0,-0.007322892186,6.190615182,-6.534450818
8.69,-76.1649672,0.01392307429,0.1781559651,0.6734871783,0,-0.007279906718,6.184767337,-6.533390159
8.7,-76.16138553,0.01387453145,0.1791320018,0.6726146608,0,-0.007243289638,6.179170348,-6.53231566
8.71,-76.15776021,0.01382996832,0.180106498,0.671743715,0,-0.007212538656,6.173802086,-6.531228063
8.72,-76.15409348,0.01378910018,0.181079454,0.6708743391,0,-0.007187197015,6.168642402,-6.530128044
8.73,-76.15038741,0.01375166282,0.1820508701,0.6700065312,0,-0.007166848745,6.163672937,-6.529016223
8.74,-76.14664388,0.01371741108,0.1830207468,0.6691402892,0,-0.007151114486,6.158876963,-6.527893163
8.75,-76.14286461,0.01368611751,0.1839890846,0.6682756112,0,-0.00713964779,6.15423923,-6.526759383
8.76,-76.13905118,0.01365757105,0.1849558843,0.667412495,0,-0.007132131864,6.149745826,-6.525615355
8.77,-76.13520504,0.01363157587,0.1859211465,0.6665509386,0,-0.007128276663,6.145384062,-6.524461511
8.78,-76.13132749,0.01360795027,0.186884872,0.66569094,0,-0.007127816327,6.141142353,-6.523298247
8.79,-76.12741975,0.01358652567,0.1878470616,0.664832497,0,-0.007130506892,6.137010124,-6.522125924
8.8,-76.12348291,0.01356714565,0.1888077165,0.6639756074,0,-0.007136124247,6.132977714,-6.520944874
8.81,-76.119518,0.01354966508,0.1897668374,0.6631202692,0,-0.007144462315,6.129036295,-6.519755401
8.82,-76.11552594,0.01353394932,0.1907244255,0.6622664802,0,-0.007155331424,6.125177798,-6.518557781
8.83,-76.11150757,0.01351987343,0.1916804819,0.6614142382,0,-0.007168556847,6.121394843,-6.51735227
8.84,-76.10746367,0.0135073215,0.1926350078,0.6605635411,0,-0.007183977487,6.117680681,-6.5161391
8.85,-76.10339494,0.01349618598,0.1935880042,0.6597143866,0,-0.007201444703,6.114029133,-6.514918483
8.86,-76.09930206,0.0134863671,0.1945394724,0.6588667725,0,-0.007220821243,6.110434544,-6.513690617
8.87,-76.0951856,0.01347777228,0.1954894137,0.6580206967,0,-0.007241980288,6.106891734,-6.512455679
8.88,-76.09104611,0.01347031563,0.1964378293,0.657176157,0,-0.007264804581,6.10339596,-6.511213834
8.89,-76.0868841,0.01346391746,0.1973847206,0.656333151,0,-0.007289185647,6.099942871,-6.509965231
8.9,-76.08270003,0.01345850383,0.1983300888,0.6554916766,0,-0.007315023077,6.096528482,-6.508710008
8.91,-76.07849431,0.01345400615,0.1992739354,0.6546517316,0,-0.007342223883,6.093149135,-6.507448292
8.92,-76.07426732,0.01345036077,0.2002162618,0.6538133138,0,-0.00737070191,6.089801475,-6.506180197
8.93,-76.07001943,0.01344750865,0.2011570692,0.6529764208,0,-0.0074003773,6.086482425,-6.504905829
8.94,-76.06575095,0.013445395,0.2020963592,0.6521410505,0,-0.007431176002,6.083189156,-6.503625285
8.95,-76.06146218,0.01344396899,0.2030341331,0.6513072006,0,-0.007463029329,6.079919072,-6.502338653
8.96,-76.05715338,0.01344318347,0.2039703925,0.6504748689,0,-0.007495873543,6.07666979,-6.501046015
8.97,-76.05282481,0.01344299469,0.2049051388,0.6496440532,0,-0.00752964949,6.073439116,-6.499747444
8.98,-76.04847669,0.01344336205,0.2058383734,0.6488147512,0,-0.007564302252,6.070225035,-6.498443008
8.99,-76.04410923,0.0134442479,0.2067700978,0.6479869607,0,-0.007599780831,6.067025694,-6.49713277
9,-76.03972262,0.01344561729,0.2077003135,0.6471606794,0,-0.007636037865,6.063839388,-6.495816785
9.01,-76.03531702,0.01344743781,0.2086290221,0.6463359051,0,-0.007673029359,6.060664548,-6.494495106
9.02,-76.0308926,0.01344967939,0.209556225,0.6455126355,0,-0.00771071444,6.05749973,-6.493167779
9.03,-76.02644949,0.01345231412,0.2104819238,0.6446908685,0,-0.007749055135,6.054343604,-6.491834847
9.04,-76.02198783,0.01345531612,0.2114061199,0.6438706018,0,-0.007788016157,6.051194946,-6.490496349
9.05,-76.01750774,0.01345866138,0.212328815,0.6430518331,0,-0.00782756472,6.048052626,-6.489152322
9.06,-76.01300932,0.01346232761,0.2132500105,0.6422345602,0,-0.007867670359,6.044915605,-6.487802796
9.07,-76.00849267,0.01346629415,0.214169708,0.641418781,0,-0.007908304763,6.041782925,-6.486447802
9.08,-76.00395788,0.01347054183,0.215087909,0.6406044931,0,-0.007949441629,6.038653701,-6.485087365
9.09,-75.99940504,0.01347505285,0.2160046151,0.6397916944,0,-0.007991056518,6.035527117,-6.483721511
9.1,-75.9948342,0.01347981072,0.2169198278,0.6389803826,0,-0.008033126726,6.032402423,-6.482350259
9.11,-75.99024544,0.01348480012,0.2178335487,0.6381705555,0,-0.008075631165,6.029278923,-6.480973631
9.12,-75.98563881,0.01349000687,0.2187457794,0.637362211,0,-0.008118550248,6.026155978,-6.479591643
9.13,-75.98101437,0.01349541778,0.2196565213,0.6365553467,0,-0.00816186579,6.023032995,-6.47820431
9.14,-75.97637216,0.01350102064,0.2205657761,0.6357499604,0,-0.008205560909,6.019909428,-6.476811648
9.15,-75.97171223,0.01350680412,0.2214735453,0.6349460501,0,-0.008249619938,6.016784775,-6.475413668
9.16,-75.9670346,0.0135127577,0.2223798305,0.6341436134,0,-0.008294028339,6.013658567,-6.47401038
9.17,-75.96233932,0.01351887164,0.2232846333,0.6333426481,0,-0.008338772633,6.010530376,-6.472601795
9.18,-75.95762641,0.01352513689,0.2241879552,0.6325431522,0,-0.00838384032,6.007399804,-6.471187922
9.19,-75.95289589,0.01353154507,0.2250897977,0.6317451233,0,-0.008429219819,6.004266483,-6.469768766
9.2,-75.94814778,0.01353808841,0.2259901625,0.6309485593,0,-0.008474900403,6.001130074,-6.468344334
9.21,-75.94338211,0.01354475968,0.2268890511,0.630153458,0,-0.008520872141,5.997990263,-6.466914632
9.22,-75.93859888,0.01355155221,0.2277864651,0.6293598172,0,-0.008567125849,5.99484676,-6.465479664
9.23,-75.93379811,0.0135584598,0.2286824061,0.6285676348,0,-0.008613653032,5.991699296,-6.464039433
9.24,-75.92897981,0.01356547669,0.2295768755,0.6277769085,0,-0.008660445846,5.988547625,-6.462593942
9.25,-75.92414398,0.01357259756,0.2304698751,0.6269876362,0,-0.008707497049,5.985391518,-6.461143193
9.26,-75.91929063,0.01357981747,0.2313614062,0.6261998158,0,-0.008754799964,5.982230762,-6.459687188
9.27,-75.91441975,0.01358713184,0.2322514706,0.625413445,0,-0.008802348439,5.979065162,-6.458225926
9.28,-75.90953136,0.01359453643,0.2331400698,0.6246285217,0,-0.008850136813,5.975894538,-6.456759409
9.29,-75.90462545,0.01360202731,0.2340272052,0.6238450438,0,-0.008898159886,5.972718722,-6.455287636
9.3,-75.89970202,0.01360960083,0.2349128786,0.6230630091,0,-0.008946412884,5.969537561,-6.453810606
9.31,-75.89476106,0.01361725361,0.2357970915,0.6222824154,0,-0.008994891435,5.966350912,-6.452328319
9.32,-75.88980257,0.01362498254,0.2366798453,0.6215032607,0,-0.009043591539,5.963158644,-6.450840772
9.33,-75.88482654,0.01363278472,0.2375611417,0.6207255427,0,-0.009092509547,5.959960636,-6.449347963
9.34,-75.87983297,0.01364065746,0.2384409823,0.6199492593,0,-0.009141642133,5.956756776,-6.447849892
9.35,-75.87482185,0.01364859829,0.2393193685,0.6191744085,0,-0.00919098628,5.953546962,-6.446346554
9.36,-75.86979316,0.0136566049,0.240196302,0.618400988,0,-0.009240539252,5.950331097,-6.444837947
9.37,-75.8647469,0.01366467517,0.2410717843,0.6176289958,0,-0.009290298583,5.947109097,-6.443324069
9.38,-75.85968305,0.01367280713,0.241945817,0.6168584297,0,-0.009340262052,5.943880879,-6.441804915
9.39,-75.85460161,0.01368099897,0.2428184015,0.6160892876,0,-0.009390427674,5.940646371,-6.440280482
9.4,-75.84950255,0.01368924901,0.2436895395,0.6153215675,0,-0.009440793681,5.937405504,-6.438750766
9.41,-75.84438588,0.01369755568,0.2445592325,0.6145552671,0,-0.009491358508,5.934158218,-6.437215764
9.42,-75.83925157,0.01370591755,0.245427482,0.6137903844,0,-0.00954212078,5.930904455,-6.435675471
9.43,-75.83409961,0.0137143333,0.2462942896,0.6130269174,0,-0.009593079302,5.927644164,-6.434129884
9.44,-75.82892999,0.0137228017,0.2471596569,0.6122648638,0,-0.009644233044,5.924377297,-6.432578997
9.45,-75.82374269,0.01373132162,0.2480235853,0.6115042217,0,-0.009695581133,5.921103812,-6.431022806
9.46,-75.81853769,0.01373989202,0.2488860764,0.6107449888,0,-0.009747122843,5.91782367,-6.429461308
9.47,-75.81331499,0.01374851193,0.2497471318,0.6099871633,0,-0.009798857584,5.914536835,-6.427894496
9.48,-75.80807456,0.01375718048,0.2506067529,0.6092307429,0,-0.009850784896,5.911243277,-6.426322367
9.49,-75.80281638,0.01376589685,0.2514649414,0.6084757255,0,-0.009902904435,5.907942966,-6.424744915
9.5,-75.79754045,0.01377466028,0.2523216988,0.6077221092,0,-0.009955215975,5.904635877,-6.423162136
9.51,-75.79224675,0.01378347009,0.2531770265,0.6069698919,0,-0.01000771939,5.901321988,-6.421574025
9.52,-75.78693525,0.01379232565,0.2540309261,0.6062190714,0,-0.01006041466,5.898001278,-6.419980576
9.53,-75.78160595,0.01380122637,0.2548833992,0.6054696458,0,-0.01011330186,5.894673731,-6.418381785
9.54,-75.77625882,0.01381017173,0.2557344472,0.604721613,0,-0.01016638114,5.891339331,-6.416777646
9.55,-75.77089385,0.01381916124,0.2565840718,0.6039749708,0,-0.01021965273,5.887998065,-6.415168155
9.56,-75.76551102,0.01382819445,0.2574322743,0.6032297174,0,-0.01027311696,5.884649922,-6.413553306
9.57,-75.76011031,0.01383727095,0.2582790564,0.6024858506,0,-0.01032677422,5.881294894,-6.411933094
9.58,-75.75469171,0.01384639038,0.2591244196,0.6017433684,0,-0.01038062495,5.877932974,-6.410307514
9.59,-75.7492552,0.0138555524,0.2599683653,0.6010022688,0,-0.01043466968,5.874564155,-6.408676561
9.6,-75.74380077,0.0138647567,0.2608108951,0.6002625497,0,-0.010488909,5.871188434,-6.40704023
9.61,-75.73832839,0.01387400301,0.2616520105,0.5995242092,0,-0.01054334353,5.867805809,-6.405398516
9.62,-75.73283804,0.01388329107,0.262491713,0.5987872451,0,-0.01059797398,5.864416279,-6.403751412
9.63,-75.72732972,0.01389262067,0.2633300041,0.5980516555,0,-0.01065280107,5.861019845,-6.402098915
9.64,-75.7218034,0.0139019916,0.2641668854,0.5973174384,0,-0.0107078256,5.857616508,-6.400441019
9.65,-75.71625906,0.01391140368,0.2650023583,0.5965845917,0,-0.01076304841,5.854206271,-6.398777719
9.66,-75.7106967,0.01392085676,0.2658364243,0.5958531135,0,-0.01081847037,5.850789137,-6.397109011
9.67,-75.70511629,0.01393035068,0.266669085,0.5951230017,0,-0.0108740924,5.847365113,-6.395434888
9.68,-75.69951782,0.01393988532,0.2675003418,0.5943942544,0,-0.01092991544,5.843934205,-6.393755346
9.69,-75.69390127,0.01394946058,0.2683301963,0.5936668695,0,-0.0109859405,5.840496419,-6.39207038
9.7,-75.68826662,0.01395907637,0.2691586499,0.5929408451,0,-0.0110421686,5.837051763,-6.390379985
9.71,-75.68261385,0.0139687326,0.2699857041,0.5922161792,0,-0.01109860079,5.833600247,-6.388684156
9.72,-75.67694296,0.0139784292,0.2708113605,0.5914928697,0,-0.01115523817,5.83014188,-6.386982888
9.73,-75.67125392,0.01398816613,0.2716356205,0.5907709148,0,-0.01121208184,5.826676672,-6.385276177
9.74,-75.66554672,0.01399794334,0.2724584857,0.5900503124,0,-0.01126913296,5.823204635,-6.383564017
9.75,-75.65982135,0.01400776079,0.2732799574,0.5893310606,0,-0.0113263927,5.81972578,-6.381846404
9.76,-75.65407778,0.01401761845,0.2741000372,0.5886131574,0,-0.01138386225,5.81624012,-6.380123333
9.77,-75.648316,0.01402751633,0.2749187266,0.5878966009,0,-0.01144154283,5.812747669,-6.3783948
9.78,-75.642536,0.0140374544,0.2757360271,0.587181389,0,-0.0114994357,5.809248441,-6.3766608
9.79,-75.63673776,0.01404743267,0.2765519401,0.5864675199,0,-0.01155754211,5.805742449,-6.374921328
9.8,-75.63092127,0.01405745115,0.2773664671,0.5857549916,0,-0.01161586335,5.802229708,-6.37317638
9.81,-75.6250865,0.01406750985,0.2781796096,0.5850438021,0,-0.01167440073,5.798710235,-6.371425951
9.82,-75.61923346,0.01407760879,0.2789913691,0.5843339495,0,-0.01173315558,5.795184046,-6.369670037
9.83,-75.61336212,0.014087748,0.2798017471,0.5836254318,0,-0.01179212925,5.791651156,-6.367908635
9.84,-75.60747246,0.0140979275,0.280610745,0.5829182472,0,-0.0118513231,5.788111583,-6.366141738
9.85,-75.60156448,0.01410814735,0.2814183643,0.5822123937,0,-0.01191073851,5.784565345,-6.364369344
9.86,-75.59563816,0.01411840757,0.2822246064,0.5815078693,0,-0.01197037687,5.781012459,-6.362591448
9.87,-75.58969349,0.01412870821,0.2830294729,0.5808046722,0,-0.01203023961,5.777452944,-6.360808047
9.88,-75.58373045,0.01413904933,0.2838329652,0.5801028004,0,-0.01209032816,5.773886818,-6.359019135
9.89,-75.57774903,0.01414943097,0.2846350848,0.579402252,0,-0.01215064396,5.770314102,-6.35722471
9.9,-75.57174922,0.01415985319,0.2854358331,0.578703025,0,-0.01221118847,5.766734814,-6.355424766
9.91,-75.565731,0.01417031605,0.2862352116,0.5780051177,0,-0.01227196317,5.763148974,-6.353619301
9.92,-75.55969437,0.01418081961,0.2870332217,0.5773085281,0,-0.01233296955,5.759556603,-6.351808311
9.93,-75.55363931,0.01419136394,0.287829865,0.5766132542,0,-0.01239420911,5.755957722,-6.349991792
9.94,-75.5475658,0.01420194911,0.2886251428,0.5759192942,0,-0.01245568337,5.752352351,-6.34816974
9.95,-75.54147384,0.01421257518,0.2894190567,0.5752266462,0,-0.01251739386,5.748740512,-6.346342153
9.96,-75.53536342,0.01422324223,0.290211608,0.5745353083,0,-0.01257934211,5.745122227,-6.344509025
9.97,-75.52923452,0.01423395032,0.2910027983,0.5738452786,0,-0.0126415297,5.741497517,-6.342670355
9.98,-75.52308713,0.01424469955,0.291792629,0.5731565552,0,-0.01270395817,5.737866406,-6.340826138
9.99,-75.51692124,0.01425548998,0.2925811014,0.5724691363,0,-0.01276662912,5.734228915,-6.338976371
10,-75.51073684,0.01426632169,0.2933682172,0.57178302,0,-0.01282954414,5.730585067,-6.337121052
10.01,-75.50453392,0.01427719477,0.2941539777,0.5710982044,0,-0.01289270482,5.726934886,-6.335260177
10.02,-75.49831248,0.0142881093,0.2949383844,0.5704146876,0,-0.01295611279,5.723278396,-6.333393743
10.03,-75.49207249,0.01429906535,0.2957214387,0.5697324678,0,-0.01301976967,5.719615619,-6.331521747
10.04,-75.48581396,0.01431006302,0.296503142,0.5690515431,0,-0.01308367709,5.71594658,-6.329644187
10.05,-75.47953686,0.01432110239,0.2972834958,0.5683719117,0,-0.01314783671,5.712271304,-6.327761059
10.06,-75.4732412,0.01433218355,0.2980625016,0.5676935717,0,-0.01321225019,5.708589815,-6.32587236
10.07,-75.46692696,0.01434330658,0.2988401607,0.5670165212,0,-0.01327691919,5.704902137,-6.323978089
10.08,-75.46059414,0.01435447157,0.2996164747,0.5663407585,0,-0.0133418454,5.701208296,-6.322078242
10.09,-75.45424272,0.01436567861,0.3003914449,0.5656662816,0,-0.01340703051,5.697508318,-6.320172817
10.1,-75.44787271,0.0143769278,0.3011650727,0.5649930888,0,-0.01347247622,5.693802227,-6.318261812
10.11,-75.44148408,0.01438821922,0.3019373597,0.5643211782,0,-0.01353818425,5.690090049,-6.316345224
10.12,-75.43507684,0.01439955296,0.3027083071,0.5636505479,0,-0.01360415632,5.686371811,-6.314423051
10.13,-75.42865097,0.01441092911,0.3034779166,0.5629811962,0,-0.01367039416,5.682647539,-6.312495291
10.14,-75.42220647,0.01442234777,0.3042461894,0.5623131212,0,-0.01373689952,5.678917259,-6.310561942
10.15,-75.41574334,0.01443380904,0.3050131271,0.561646321,0,-0.01380367416,5.675180998,-6.308623001
10.16,-75.40926156,0.01444531299,0.3057787309,0.560980794,0,-0.01387071983,5.671438784,-6.306678467
10.17,-75.40276113,0.01445685973,0.3065430025,0.5603165383,0,-0.01393803831,5.667690642,-6.304728338
10.18,-75.39624204,0.01446844936,0.3073059431,0.559653552,0,-0.0140056314,5.6639366,-6.302772612
10.19,-75.38970429,0.01448008195,0.3080675542,0.5589918333,0,-0.01407350088,5.660176687,-6.300811288
10.2,-75.38314788,0.01449175762,0.3088278372,0.5583313805,0,-0.01414164856,5.65641093,-6.298844363
10.21,-75.37657279,0.01450347645,0.3095867936,0.5576721918,0,-0.01421007625,5.652639356,-6.296871837
10.22,-75.36997902,0.01451523854,0.3103444247,0.5570142653,0,-0.0142787858,5.648861995,-6.294893707
10.23,-75.36336658,0.01452704398,0.311100732,0.5563575992,0,-0.01434777902,5.645078874,-6.292909973
10.24,-75.35673544,0.01453889287,0.3118557168,0.5557021919,0,-0.01441705777,5.641290022,-6.290920633
10.25,-75.35008562,0.0145507853,0.3126093807,0.5550480414,0,-0.0144866239,5.637495468,-6.288925687
10.26,-75.34341711,0.01456272138,0.3133617249,0.554395146,0,-0.01455647928,5.633695241,-6.286925132
10.27,-75.33672989,0.01457470119,0.3141127509,0.553743504,0,-0.01462662579,5.62988937,-6.284918968
10.28,-75.33002398,0.01458672483,0.3148624602,0.5530931135,0,-0.01469706532,5.626077884,-6.282907194
10.29,-75.32329937,0.0145987924,0.315610854,0.5524439728,0,-0.01476779976,5.622260814,-6.28088981
10.3,-75.31655604,0.014610904,0.3163579339,0.5517960801,0,-0.01483883102,5.618438188,-6.278866813
10.31,-75.30979402,0.01462305971,0.3171037012,0.5511494337,0,-0.01491016101,5.614610038,-6.276838205
10.32,-75.30301328,0.01463525964,0.3178481573,0.5505040317,0,-0.01498179167,5.610776392,-6.274803983
10.33,-75.29621383,0.01464750388,0.3185913037,0.5498598725,0,-0.01505372494,5.606937281,-6.272764148
10.34,-75.28939567,0.01465979253,0.3193331417,0.5492169542,0,-0.01512596276,5.603092737,-6.2707187
10.35,-75.28255879,0.01467212569,0.3200736727,0.5485752752,0,-0.01519850709,5.599242789,-6.268667637
10.36,-75.2757032,0.01468450345,0.3208128981,0.5479348337,0,-0.0152713599,5.595387468,-6.266610959
10.37,-75.26882889,0.0146969259,0.3215508194,0.5472956278,0,-0.01534452317,5.591526806,-6.264548667
10.38,-75.26193587,0.01470939314,0.3222874378,0.546657656,0,-0.01541799889,5.587660833,-6.262480761
10.39,-75.25502413,0.01472190528,0.3230227549,0.5460209164,0,-0.01549178906,5.583789582,-6.26040724
10.4,-75.24809368,0.01473446239,0.3237567719,0.5453854074,0,-0.01556589569,5.579913083,-6.258328104
10.41,-75.24114451,0.01474706459,0.3244894904,0.5447511271,0,-0.0156403208,5.576031368,-6.256243354
10.42,-75.23417664,0.01475971197,0.3252209116,0.5441180739,0,-0.01571506642,5.57214447,-6.254152991
10.43,-75.22719004,0.01477240462,0.3259510369,0.543486246,0,-0.0157901346,5.56825242,-6.252057013
10.44,-75.22018474,0.01478514263,0.3266798679,0.5428556417,0,-0.01586552738,5.56435525,-6.249955422
10.45,-75.21316073,0.01479792611,0.3274074057,0.5422262594,0,-0.01594124683,5.560452994,-6.247848219
10.46,-75.20611801,0.01481075515,0.3281336519,0.5415980972,0,-0.01601729503,5.556545683,-6.245735404
10.47,-75.19905659,0.01482362984,0.3288586078,0.5409711534,0,-0.01609367405,5.55263335,-6.243616977
10.48,-75.19197647,0.01483655028,0.3295822748,0.5403454265,0,-0.016170386,5.548716029,-6.24149294
10.49,-75.18487765,0.01484951657,0.3303046542,0.5397209145,0,-0.01624743297,5.544793752,-6.239363294
10.5,-75.17776013,0.01486252879,0.3310257475,0.539097616,0,-0.01632481709,5.540866553,-6.237228039
10.51,-75.17062392,0.01487558705,0.331745556,0.538475529,0,-0.01640254048,5.536934464,-6.235087176
10.52,-75.16346903,0.01488869144,0.3324640811,0.5378546521,0,-0.01648060528,5.53299752,-6.232940708
10.53,-75.15629545,0.01490184206,0.3331813242,0.5372349834,0,-0.01655901364,5.529055754,-6.230788634
10.54,-75.14910319,0.01491503899,0.3338972866,0.5366165212,0,-0.01663776771,5.5251092,-6.228630957
10.55,-75.14189226,0.01492828233,0.3346119697,0.535999264,0,-0.01671686967,5.521157891,-6.226467677
10.56,-75.13466266,0.01494157219,0.335325375,0.53538321,0,-0.01679632171,5.517201863,-6.224298797
10.57,-75.12741439,0.01495490864,0.3360375037,0.5347683574,0,-0.016876126,5.51324115,-6.222124318
10.58,-75.12014747,0.01496829179,0.3367483573,0.5341547048,0,-0.01695628476,5.509275785,-6.219944242
10.59,-75.1128619,0.01498172173,0.3374579371,0.5335422503,0,-0.0170368002,5.505305804,-6.217758571
10.6,-75.10555768,0.01499519854,0.3381662445,0.5329309923,0,-0.01711767455,5.50133124,-6.215567305
10.61,-75.09823483,0.01500872234,0.3388732808,0.5323209291,0,-0.01719891004,5.49735213,-6.213370449
10.62,-75.09089334,0.0150222932,0.3395790474,0.5317120591,0,-0.01728050892,5.493368508,-6.211168003
10.63,-75.08353323,0.01503591123,0.3402835457,0.5311043806,0,-0.01736247345,5.489380409,-6.208959969
10.64,-75.0761545,0.01504957651,0.3409867771,0.530497892,0,-0.0174448059,5.485387869,-6.206746351
10.65,-75.06875717,0.01506328913,0.3416887428,0.5298925916,0,-0.01752750856,5.481390923,-6.204527151
10.66,-75.06134123,0.0150770492,0.3423894444,0.5292884777,0,-0.01761058372,5.477389607,-6.20230237
10.67,-75.0539067,0.0150908568,0.343088883,0.5286855487,0,-0.01769403368,5.473383955,-6.200072011
10.68,-75.04645359,0.01510471202,0.3437870602,0.5280838029,0,-0.01777786075,5.469374006,-6.197836078
10.69,-75.03898191,0.01511861495,0.3444839772,0.5274832388,0,-0.01786206728,5.465359793,-6.195594573
10.7,-75.03149166,0.0151325657,0.3451796354,0.5268838546,0,-0.01794665559,5.461341354,-6.193347498
10.71,-75.02398286,0.01514656434,0.3458740361,0.5262856487,0,-0.01803162804,5.457318724,-6.191094857
10.72,-75.01645551,0.01516061097,0.3465671808,0.5256886196,0,-0.01811698698,5.453291941,-6.188836652
10.73,-75.00890963,0.01517470569,0.3472590708,0.5250927655,0,-0.01820273481,5.44926104,-6.186572888
10.74,-75.00134522,0.01518884857,0.3479497074,0.5244980848,0,-0.01828887389,5.445226058,-6.184303566
10.75,-74.9937623,0.01520303972,0.3486390919,0.5239045759,0,-0.01837540663,5.441187033,-6.182028691
10.76,-74.98616088,0.01521727922,0.3493272258,0.5233122372,0,-0.01846233545,5.437144,-6.179748265
10.77,-74.97854097,0.01523156716,0.3500141104,0.5227210671,0,-0.01854966275,5.433096997,-6.177462292
10.78,-74.97090259,0.01524590363,0.350699747,0.5221310639,0,-0.01863739097,5.429046062,-6.175170776
10.79,-74.96324574,0.01526028873,0.351384137,0.5215422261,0,-0.01872552257,5.424991231,-6.172873721
10.8,-74.95557043,0.01527472253,0.3520672818,0.520954552,0,-0.01881406,5.420932542,-6.170571129
10.81,-74.94787669,0.01528920514,0.3527491826,0.52036804,0,-0.01890300572,5.416870032,-6.168263006
10.82,-74.94016452,0.01530373664,0.3534298408,0.5197826885,0,-0.01899236222,5.41280374,-6.165949355
10.83,-74.93243393,0.01531831711,0.3541092578,0.5191984959,0,-0.01908213199,5.408733702,-6.16363018
10.84,-74.92468495,0.01533294665,0.3547874349,0.5186154607,0,-0.01917231754,5.404659957,-6.161305485
10.85,-74.91691758,0.01534762535,0.3554643735,0.5180335811,0,-0.01926292139,5.400582543,-6.158975274
10.86,-74.90913184,0.01536235329,0.3561400748,0.5174528557,0,-0.01935394607,5.396501498,-6.156639552
10.87,-74.90132774,0.01537713056,0.3568145403,0.5168732827,0,-0.01944539412,5.39241686,-6.154298323
10.88,-74.89350531,0.01539195724,0.3574877713,0.5162948608,0,-0.01953726809,5.388328667,-6.151951592
10.89,-74.88566455,0.01540683343,0.3581597691,0.5157175882,0,-0.01962957056,5.384236959,-6.149599364
10.9,-74.87780547,0.01542175922,0.3588305351,0.5151414633,0,-0.01972230411,5.380141772,-6.147241642
10.91,-74.86992811,0.01543673468,0.3595000706,0.5145664847,0,-0.01981547132,5.376043147,-6.144878432
10.92,-74.86203246,0.0154517599,0.3601683769,0.5139926506,0,-0.0199090748,5.371941122,-6.142509739
10.93,-74.85411856,0.01546683498,0.3608354553,0.5134199596,0,-0.02000311717,5.367835736,-6.140135568
10.94,-74.84618641,0.01548195999,0.3615013073,0.5128484101,0,-0.02009760107,5.363727027,-6.137755923
10.95,-74.83823604,0.01549713502,0.3621659341,0.5122780005,0,-0.02019252912,5.359615035,-6.135370811
10.96,-74.83026745,0.01551236017,0.3628293371,0.5117087292,0,-0.020287904,5.3554998,-6.132980235
10.97,-74.82228067,0.0155276355,0.3634915176,0.5111405947,0,-0.02038372837,5.35138136,-6.130584202
10.98,-74.81427573,0.01554296111,0.3641524769,0.5105735954,0,-0.0204800049,5.347259755,-6.128182718
10.99,-74.80625262,0.01555833708,0.3648122164,0.5100077298,0,-0.0205767363,5.343135024,-6.125775786
11,-74.79821138,0.0155737635,0.3654707374,0.5094429962,0,-0.02067392528,5.339007206,-6.123363415
11.01,-74.79015203,0.01558924044,0.3661280412,0.5088793932,0,-0.02077157454,5.334876343,-6.120945608
11.02,-74.78207457,0.015604768,0.3667841291,0.5083169192,0,-0.02086968683,5.330742473,-6.118522371
11.03,-74.77397904,0.01562034626,0.3674390026,0.5077555727,0,-0.0209682649,5.326605636,-6.116093712
11.04,-74.76586545,0.01563597529,0.3680926629,0.5071953521,0,-0.02106731149,5.322465872,-6.113659635
11.05,-74.75773383,0.01565165518,0.3687451112,0.5066362558,0,-0.02116682939,5.318323221,-6.111220148
11.06,-74.74958418,0.01566738602,0.3693963491,0.5060782824,0,-0.02126682138,5.314177724,-6.108775255
11.07,-74.74141655,0.01568316789,0.3700463777,0.5055214302,0,-0.02136729025,5.310029421,-6.106324964
11.08,-74.73323093,0.01569900086,0.3706951985,0.5049656978,0,-0.02146823883,5.305878351,-6.10386928
11.09,-74.72502737,0.01571488502,0.3713428127,0.5044110837,0,-0.02156966994,5.301724556,-6.101408211
11.1,-74.71680587,0.01573082045,0.3719892216,0.5038575862,0,-0.02167158641,5.297568075,-6.098941762
11.11,-74.70856647,0.01574680722,0.3726344266,0.5033052039,0,-0.0217739911,5.29340895,-6.096469941
11.12,-74.70030918,0.01576284544,0.373278429,0.5027539353,0,-0.02187688688,5.289247221,-6.093992755
11.13,-74.69203403,0.01577893516,0.3739212301,0.5022037787,0,-0.02198027662,5.285082929,-6.091510209
11.14,-74.68374104,0.01579507647,0.3745628312,0.5016547328,0,-0.02208416321,5.280916114,-6.089022312
11.15,-74.67543023,0.01581126945,0.3752032337,0.501106796,0,-0.02218854957,5.276746818,-6.086529069
11.16,-74.66710163,0.01582751418,0.3758424389,0.5005599668,0,-0.02229343861,5.272575081,-6.084030489
11.17,-74.65875526,0.01584381074,0.376480448,0.5000142436,0,-0.02239883327,5.268400945,-6.081526579
11.18,-74.65039115,0.01586015921,0.3771172624,0.499469625,0,-0.02250473649,5.26422445,-6.079017345
11.19,-74.64200932,0.01587655966,0.3777528835,0.4989261095,0,-0.02261115124,5.260045638,-6.076502795
11.2,-74.63360979,0.01589301218,0.3783873125,0.4983836955,0,-0.02271808049,5.25586455,-6.073982938
11.21,-74.6251926,0.01590951683,0.3790205507,0.4978423815,0,-0.02282552723,5.251681227,-6.071457779
11.22,-74.61675776,0.0159260737,0.3796525994,0.4973021662,0,-0.02293349447,5.247495711,-6.068927328
11.23,-74.6083053,0.01594268286,0.3802834601,0.4967630478,0,-0.02304198521,5.243308043,-6.066391591
11.24,-74.59983526,0.0159593444,0.3809131339,0.4962250251,0,-0.02315100249,5.239118265,-6.063850577
11.25,-74.59134765,0.01597605838,0.3815416222,0.4956880964,0,-0.02326054936,5.234926417,-6.061304294
11.26,-74.5828425,0.01599282488,0.3821689263,0.4951522603,0,-0.02337062888,5.230732543,-6.058752749
11.27,-74.57431984,0.01600964398,0.3827950474,0.4946175153,0,-0.02348124411,5.226536683,-6.056195952
11.28,-74.5657797,0.01602651575,0.3834199871,0.4940838599,0,-0.02359239814,5.22233888,-6.053633909
11.29,-74.5572221,0.01604344026,0.3840437464,0.4935512927,0,-0.02370409409,5.218139175,-6.05106663
11.3,-74.54864708,0.0160604176,0.3846663267,0.4930198121,0,-0.02381633505,5.213937609,-6.048494123
11.31,-74.54005465,0.01607744783,0.3852877294,0.4924894168,0,-0.02392912416,5.209734226,-6.045916396
11.32,-74.53144486,0.01609453103,0.3859079558,0.4919601051,0,-0.02404246458,5.205529067,-6.043333458
11.33,-74.52281772,0.01611166727,0.386527007,0.4914318756,0,-0.02415635944,5.201322173,-6.040745317
11.34,-74.51417328,0.01612885663,0.3871448846,0.490904727,0,-0.02427081193,5.197113588,-6.038151984
11.35,-74.50551155,0.01614609917,0.3877615896,0.4903786576,0,-0.02438582524,5.192903353,-6.035553465
11.36,-74.49683257,0.01616339497,0.3883771236,0.4898536661,0,-0.02450140256,5.18869151,-6.032949771
11.37,-74.48813637,0.0161807441,0.3889914876,0.4893297509,0,-0.02461754712,5.184478102,-6.03034091
11.38,-74.47942297,0.01619814663,0.3896046832,0.4888069107,0,-0.02473426214,5.180263171,-6.027726892
11.39,-74.47069242,0.01621560263,0.3902167115,0.4882851439,0,-0.02485155087,5.176046759,-6.025107725
11.4,-74.46194473,0.01623311218,0.3908275738,0.4877644491,0,-0.02496941657,5.171828908,-6.02248342
11.41,-74.45317995,0.01625067533,0.3914372715,0.4872448249,0,-0.02508786251,5.167609662,-6.019853985
11.42,-74.4443981,0.01626829217,0.3920458059,0.4867262698,0,-0.02520689199,5.163389062,-6.01721943
11.43,-74.43559922,0.01628596276,0.3926531782,0.4862087824,0,-0.02532650831,5.159167151,-6.014579765
11.44,-74.42678333,0.01630368717,0.3932593898,0.4856923611,0,-0.02544671479,5.154943971,-6.011934998
11.45,-74.41795047,0.01632146547,0.3938644419,0.4851770046,0,-0.02556751475,5.150719565,-6.009285141
11.46,-74.40910068,0.01633929773,0.3944683359,0.4846627115,0,-0.02568891157,5.146493976,-6.006630203
11.47,-74.40023398,0.016357184,0.395071073,0.4841494802,0,-0.02581090858,5.142267247,-6.003970194
11.48,-74.39135041,0.01637512437,0.3956726546,0.4836373093,0,-0.02593350918,5.138039419,-6.001305123
11.49,-74.38245001,0.0163931189,0.3962730818,0.4831261975,0,-0.02605671676,5.133810536,-5.998635002
11.5,-74.3735328,0.01641116765,0.3968723561,0.4826161433,0,-0.02618053473,5.12958064,-5.99595984
11.51,-74.36459882,0.0164292707,0.3974704787,0.4821071452,0,-0.02630496651,5.125349774,-5.993279647
11.52,-74.35564811,0.0164474281,0.3980674509,0.4815992018,0,-0.02643001554,5.121117981,-5.990594434
11.53,-74.34668071,0.01646563992,0.398663274,0.4810923118,0,-0.02655568527,5.116885304,-5.987904212
11.54,-74.33769663,0.01648390622,0.3992579493,0.4805864736,0,-0.02668197918,5.112651785,-5.98520899
11.55,-74.32869593,0.01650222708,0.3998514781,0.4800816858,0,-0.02680890075,5.108417467,-5.98250878
11.56,-74.31967864,0.01652060255,0.4004438617,0.4795779471,0,-0.02693645348,5.104182394,-5.979803592
11.57,-74.31064479,0.01653903269,0.4010351013,0.479075256,0,-0.02706464088,5.099946608,-5.977093438
11.58,-74.30159442,0.01655751758,0.4016251982,0.4785736111,0,-0.02719346649,5.095710151,-5.974378327
11.59,-74.29252757,0.01657605727,0.4022141538,0.478073011,0,-0.02732293385,5.091473068,-5.971658272
11.6,-74.28344427,0.01659465183,0.4028019693,0.4775734543,0,-0.02745304653,5.087235401,-5.968933282
11.61,-74.27434457,0.01661330131,0.403388646,0.4770749396,0,-0.02758380809,5.082997192,-5.96620337
11.62,-74.26522849,0.01663200578,0.4039741852,0.4765774654,0,-0.02771522214,5.078758485,-5.963468546
11.63,-74.25609607,0.01665076529,0.4045585882,0.4760810303,0,-0.02784729228,5.074519323,-5.960728822
11.64,-74.24694736,0.01666957992,0.4051418563,0.4755856331,0,-0.02798002213,5.070279749,-5.957984209
11.65,-74.2377824,0.01668844971,0.4057239907,0.4750912721,0,-0.02811341534,5.066039805,-5.955234719
11.66,-74.22860121,0.01670737474,0.4063049927,0.4745979462,0,-0.02824747555,5.061799536,-5.952480363
11.67,-74.21940384,0.01672635505,0.4068848637,0.4741056538,0,-0.02838220644,5.057558983,-5.949721153
11.68,-74.21019034,0.0167453907,0.4074636048,0.4736143935,0,-0.0285176117,5.053318189,-5.946957101
11.69,-74.20096073,0.01676448176,0.4080412175,0.4731241641,0,-0.02865369502,5.049077199,-5.944188218
11.7,-74.19171505,0.01678362828,0.4086177029,0.472634964,0,-0.02879046013,5.044836054,-5.941414516
11.71,-74.18245336,0.01680283032,0.4091930623,0.4721467919,0,-0.02892791076,5.040594799,-5.938636008
11.72,-74.17317569,0.01682208794,0.4097672971,0.4716596464,0,-0.02906605065,5.036353475,-5.935852706
11.73,-74.16388207,0.01684140118,0.4103404084,0.4711735262,0,-0.02920488357,5.032112126,-5.933064621
11.74,-74.15457255,0.01686077011,0.4109123977,0.4706884298,0,-0.02934441331,5.027870795,-5.930271765
11.75,-74.14524717,0.01688019479,0.4114832661,0.4702043559,0,-0.02948464365,5.023629526,-5.927474152
11.76,-74.13590598,0.01689967526,0.4120530149,0.469721303,0,-0.02962557842,5.01938836,-5.924671794
11.77,-74.12654901,0.01691921158,0.4126216455,0.4692392699,0,-0.02976722144,5.015147341,-5.921864703
11.78,-74.1171763,0.01693880381,0.413189159,0.4687582551,0,-0.02990957655,5.010906512,-5.919052891
11.79,-74.1077879,0.01695845199,0.4137555568,0.4682782573,0,-0.03005264762,5.006665916,-5.916236371
11.8,-74.09838385,0.01697815619,0.4143208402,0.4677992751,0,-0.03019643852,5.002425596,-5.913415156
11.81,-74.0889642,0.01699791644,0.4148850104,0.4673213071,0,-0.03034095315,4.998185595,-5.910589259
11.82,-74.07952898,0.01701773282,0.4154480686,0.466844352,0,-0.03048619541,4.993945955,-5.907758693
11.83,-74.07007823,0.01703760536,0.4160100163,0.4663684083,0,-0.03063216924,4.989706721,-5.90492347
11.84,-74.06061201,0.01705753411,0.4165708546,0.4658934748,0,-0.03077887856,4.985467934,-5.902083604
11.85,-74.05113036,0.01707751914,0.4171305848,0.4654195501,0,-0.03092632735,4.981229638,-5.899239107
11.86,-74.04163331,0.01709756048,0.4176892081,0.4649466328,0,-0.03107451956,4.976991875,-5.896389993
11.87,-74.03212092,0.01711765819,0.418246726,0.4644747215,0,-0.0312234592,4.972754689,-5.893536276
11.88,-74.02259323,0.01713781232,0.4188031395,0.464003815,0,-0.03137315027,4.968518122,-5.890677968
11.89,-74.01305027,0.0171580229,0.4193584501,0.4635339118,0,-0.03152359679,4.964282217,-5.887815082
11.9,-74.00349211,0.01717829,0.4199126589,0.4630650106,0,-0.0316748028,4.960047017,-5.884947633
11.91,-73.99391878,0.01719861366,0.4204657673,0.4625971101,0,-0.03182677236,4.955812564,-5.882075634
11.92,-73.98433033,0.01721899393,0.4210177765,0.4621302088,0,-0.03197950954,4.951578902,-5.879199099
11.93,-73.9747268,0.01723943085,0.4215686877,0.4616643056,0,-0.03213301842,4.947346072,-5.876318041
11.94,-73.96510825,0.01725992446,0.4221185024,0.4611993989,0,-0.03228730311,4.943114119,-5.873432474
11.95,-73.9554747,0.01728047482,0.4226672216,0.4607354875,0,-0.03244236773,4.938883084,-5.870542411
11.96,-73.94582623,0.01730108197,0.4232148467,0.4602725701,0,-0.03259821642,4.93465301,-5.867647868
11.97,-73.93616286,0.01732174595,0.4237613789,0.4598106452,0,-0.03275485333,4.93042394,-5.864748858
11.98,-73.92648465,0.0173424668,0.4243068196,0.4593497116,0,-0.03291228264,4.926195915,-5.861845394
11.99,-73.91679164,0.01736324458,0.4248511699,0.4588897679,0,-0.03307050852,4.92196898,-5.858937492
12,-73.90708388,0.01738407931,0.4253944311,0.4584308128,0,-0.03322953519,4.917743176,-5.856025165
12.01,-73.89736142,0.01740497105,0.4259366046,0.457972845,0,-0.03338936686,4.913518545,-5.853108427
12.02,-73.88762431,0.01742591983,0.4264776916,0.4575158631,0,-0.03355000777,4.909295131,-5.850187294
12.03,-73.8778726,0.0174469257,0.4270176932,0.4570598658,0,-0.03371146217,4.905072975,-5.847261779
12.04,-73.86810632,0.0174679887,0.4275566109,0.4566048518,0,-0.03387373433,4.90085212,-5.844331897
12.05,-73.85832554,0.01748910886,0.4280944458,0.4561508197,0,-0.03403682855,4.896632608,-5.841397663
12.06,-73.8485303,0.01751028623,0.4286311993,0.4556977683,0,-0.03420074911,4.892414481,-5.838459091
12.07,-73.83872065,0.01753152085,0.4291668725,0.4552456961,0,-0.03436550035,4.888197782,-5.835516196
12.08,-73.82889664,0.01755281274,0.4297014668,0.454794602,0,-0.03453108659,4.883982552,-5.832568992
12.09,-73.81905832,0.01757416196,0.4302349834,0.4543444845,0,-0.0346975122,4.879768834,-5.829617496
12.1,-73.80920573,0.01759556854,0.4307674235,0.4538953424,0,-0.03486478154,4.875556671,-5.82666172
12.11,-73.79933894,0.01761703251,0.4312987884,0.4534471743,0,-0.035032899,4.871346103,-5.823701682
12.12,-73.78945798,0.01763855391,0.4318290795,0.452999979,0,-0.03520186898,4.867137173,-5.820737394
12.13,-73.77956291,0.01766013278,0.4323582978,0.452553755,0,-0.0353716959,4.862929922,-5.817768874
12.14,-73.76965379,0.01768176914,0.4328864448,0.4521085012,0,-0.0355423842,4.858724394,-5.814796136
12.15,-73.75973065,0.01770346305,0.4334135216,0.4516642162,0,-0.03571393833,4.854520629,-5.811819194
12.16,-73.74979355,0.01772521452,0.4339395295,0.4512208987,0,-0.03588636276,4.850318668,-5.808838066
12.17,-73.73984255,0.0177470236,0.4344644698,0.4507785474,0,-0.03605966198,4.846118555,-5.805852765
12.18,-73.72987769,0.01776889031,0.4349883437,0.4503371609,0,-0.0362338405,4.841920331,-5.802863308
12.19,-73.71989903,0.01779081469,0.4355111525,0.4498967381,0,-0.03640890284,4.837724036,-5.799869709
12.2,-73.70990662,0.01781279677,0.4360328974,0.4494572775,0,-0.03658485352,4.833529713,-5.796871985
12.21,-73.69990051,0.01783483658,0.4365535796,0.4490187779,0,-0.03676169712,4.829337403,-5.793870152
12.22,-73.68988075,0.01785693414,0.4370732006,0.4485812381,0,-0.03693943819,4.825147148,-5.790864224
12.23,-73.67984739,0.0178790895,0.4375917614,0.4481446566,0,-0.03711808133,4.820958988,-5.787854218
12.24,-73.6698005,0.01790130268,0.4381092633,0.4477090323,0,-0.03729763114,4.816772965,-5.784840149
12.25,-73.65974011,0.01792357371,0.4386257076,0.4472743637,0,-0.03747809225,4.812589121,-5.781822034
12.26,-73.6496663,0.01794590261,0.4391410956,0.4468406497,0,-0.03765946929,4.808407496,-5.778799889
12.27,-73.6395791,0.01796828942,0.4396554285,0.4464078889,0,-0.03784176693,4.804228131,-5.775773729
12.28,-73.62947857,0.01799073416,0.4401687075,0.4459760801,0,-0.03802498982,4.800051068,-5.77274357
12.29,-73.61936476,0.01801323685,0.4406809339,0.4455452219,0,-0.03820914267,4.795876348,-5.769709429
12.3,-73.60923774,0.01803579753,0.441192109,0.4451153132,0,-0.03839423017,4.79170401,-5.766671322
12.31,-73.59909755,0.01805841621,0.4417022339,0.4446863525,0,-0.03858025706,4.787534097,-5.763629265
12.32,-73.58894425,0.01808109293,0.44221131,0.4442583387,0,-0.03876722807,4.783366649,-5.760583275
12.33,-73.57877789,0.0181038277,0.4427193385,0.4438312704,0,-0.03895514795,4.779201705,-5.757533367
12.34,-73.56859853,0.01812662056,0.4432263206,0.4434051463,0,-0.0391440215,4.775039308,-5.754479559
12.35,-73.55840622,0.01814947151,0.4437322576,0.4429799653,0,-0.03933385348,4.770879498,-5.751421867
12.36,-73.54820103,0.01817238059,0.4442371507,0.4425557259,0,-0.03952464872,4.766722314,-5.748360308
12.37,-73.53798299,0.01819534782,0.4447410012,0.442132427,0,-0.03971641204,4.762567797,-5.745294897
12.38,-73.52775217,0.01821837321,0.4452438103,0.4417100673,0,-0.03990914827,4.758415988,-5.742225652
12.39,-73.51750863,0.0182414568,0.4457455793,0.4412886455,0,-0.04010286229,4.754266927,-5.73915259
12.4,-73.50725242,0.01826459858,0.4462463094,0.4408681603,0,-0.04029755895,4.750120653,-5.736075727
12.41,-73.4969836,0.0182877986,0.4467460019,0.4404486104,0,-0.04049324316,4.745977207,-5.73299508
12.42,-73.48670222,0.01831105686,0.4472446579,0.4400299947,0,-0.04068991983,4.741836629,-5.729910666
12.43,-73.47640834,0.01833437338,0.4477422788,0.4396123118,0,-0.04088759388,4.737698958,-5.726822502
12.44,-73.46610201,0.01835774818,0.4482388658,0.4391955604,0,-0.04108627024,4.733564235,-5.723730604
12.45,-73.4557833,0.01838118128,0.4487344201,0.4387797394,0,-0.0412859539,4.729432498,-5.720634991
12.46,-73.44545226,0.01840467269,0.4492289429,0.4383648474,0,-0.04148664981,4.725303789,-5.717535679
12.47,-73.43510895,0.01842822243,0.4497224356,0.4379508832,0,-0.04168836298,4.721178145,-5.714432686
12.48,-73.42475343,0.01845183051,0.4502148993,0.4375378456,0,-0.04189109841,4.717055607,-5.711326028
12.49,-73.41438574,0.01847549695,0.4507063353,0.4371257332,0,-0.04209486113,4.712936214,-5.708215723
12.5,-73.40400596,0.01849922176,0.4511967448,0.4367145448,0,-0.04229965618,4.708820004,-5.705101787
12.51,-73.39361413,0.01852300495,0.4516861291,0.4363042792,0,-0.04250548863,4.704707018,-5.70198424
12.52,-73.38321032,0.01854684654,0.4521744894,0.4358949351,0,-0.04271236356,4.700597295,-5.698863097
12.53,-73.37279459,0.01857074653,0.4526618269,0.4354865113,0,-0.04292028605,4.696490872,-5.695738377
12.54,-73.36236699,0.01859470495,0.4531481429,0.4350790065,0,-0.04312926121,4.69238779,-5.692610096
12.55,-73.35192758,0.01861872179,0.4536334386,0.4346724195,0,-0.04333929419,4.688288086,-5.689478273
12.56,-73.34147642,0.01864279707,0.4541177153,0.434266749,0,-0.04355039011,4.6841918,-5.686342925
12.57,-73.33101357,0.0186669308,0.4546009741,0.4338619937,0,-0.04376255415,4.680098971,-5.68320407
12.58,-73.32053908,0.01869112298,0.4550832164,0.4334581525,0,-0.04397579147,4.676009635,-5.680061725
12.59,-73.31005303,0.01871537363,0.4555644433,0.4330552241,0,-0.04419010728,4.671923833,-5.676915908
12.6,-73.29955546,0.01873968275,0.4560446561,0.4326532072,0,-0.04440550678,4.667841602,-5.673766638
12.61,-73.28904644,0.01876405035,0.456523856,0.4322521007,0,-0.0446219952,4.663762981,-5.670613931
12.62,-73.27852602,0.01878847643,0.4570020443,0.4318519032,0,-0.04483957779,4.659688007,-5.667457806
12.63,-73.26799427,0.018812961,0.4574792222,0.4314526135,0,-0.04505825981,4.655616719,-5.664298281
12.64,-73.25745124,0.01883750406,0.4579553909,0.4310542305,0,-0.04527804653,4.651549154,-5.661135373
12.65,-73.246897,0.01886210562,0.4584305517,0.4306567528,0,-0.04549894325,4.64748535,-5.657969101
12.66,-73.23633161,0.01888676568,0.4589047057,0.4302601792,0,-0.04572095528,4.643425345,-5.654799483
12.67,-73.22575512,0.01891148424,0.4593778543,0.4298645086,0,-0.04594408795,4.639369176,-5.651626537
12.68,-73.2151676,0.01893626131,0.4598499985,0.4294697396,0,-0.04616834659,4.635316882,-5.64845028
12.69,-73.20456911,0.01896109689,0.4603211398,0.429075871,0,-0.04639373658,4.631268498,-5.645270732
12.7,-73.1939597,0.01898599097,0.4607912793,0.4286829017,0,-0.04662026328,4.627224063,-5.642087911
12.71,-73.18333945,0.01901094356,0.4612604182,0.4282908303,0,-0.04684793209,4.623183614,-5.638901834
12.72,-73.1727084,0.01903595466,0.4617285578,0.4278996557,0,-0.04707674841,4.619147187,-5.63571252
12.73,-73.16206662,0.01906102426,0.4621956992,0.4275093766,0,-0.04730671768,4.61511482,-5.632519987
12.74,-73.15141418,0.01908615237,0.4626618438,0.4271199918,0,-0.04753784533,4.611086549,-5.629324255
12.75,-73.14075113,0.01911133898,0.4631269927,0.4267315001,0,-0.04777013683,4.607062411,-5.62612534
12.76,-73.13007754,0.01913658408,0.4635911471,0.4263439003,0,-0.04800359764,4.603042443,-5.622923262
12.77,-73.11939347,0.01916188768,0.4640543084,0.4259571911,0,-0.04823823325,4.599026681,-5.61971804
12.78,-73.10869897,0.01918724977,0.4645164777,0.4255713713,0,-0.04847404918,4.595015161,-5.616509691
12.79,-73.09799412,0.01921267035,0.4649776562,0.4251864397,0,-0.04871105095,4.59100792,-5.613298235
12.8,-73.08727896,0.0192381494,0.4654378452,0.4248023951,0,-0.04894924408,4.587004994,-5.610083689
12.81,-73.07655358,0.01926368692,0.4658970459,0.4244192363,0,-0.04918863415,4.583006419,-5.606866073
12.82,-73.06581802,0.01928928291,0.4663552595,0.4240369621,0,-0.04942922671,4.579012231,-5.603645406
12.83,-73.05507235,0.01931493735,0.4668124872,0.4236555712,0,-0.04967102735,4.575022465,-5.600421705
12.84,-73.04431663,0.01934065025,0.4672687303,0.4232750624,0,-0.04991404169,4.571037157,-5.59719499
12.85,-73.03355093,0.01936642158,0.4677239899,0.4228954346,0,-0.05015827533,4.567056343,-5.59396528
12.86,-73.02277531,0.01939225134,0.4681782674,0.4225166865,0,-0.05040373391,4.563080059,-5.590732593
12.87,-73.01198983,0.01941813951,0.4686315639,0.4221388169,0,-0.05065042308,4.559108338,-5.587496949
12.88,-73.00119455,0.0194440861,0.4690838806,0.4217618246,0,-0.0508983485,4.555141218,-5.584258365
12.89,-72.99038954,0.01947009108,0.4695352187,0.4213857084,0,-0.05114751586,4.551178732,-5.581016862
12.9,-72.97957486,0.01949615444,0.4699855796,0.421010467,0,-0.05139793085,4.547220916,-5.577772458
12.91,-72.96875057,0.01952227617,0.4704349643,0.4206360994,0,-0.05164959919,4.543267804,-5.574525172
12.92,-72.95791674,0.01954845626,0.4708833742,0.4202626042,0,-0.0519025266,4.539319432,-5.571275022
12.93,-72.94707343,0.01957469468,0.4713308104,0.4198899803,0,-0.05215671883,4.535375833,-5.568022029
12.94,-72.9362207,0.01960099144,0.4717772741,0.4195182266,0,-0.05241218164,4.531437043,-5.564766211
12.95,-72.92535863,0.0196273465,0.4722227666,0.4191473416,0,-0.0526689208,4.527503095,-5.561507588
12.96,-72.91448726,0.01965375985,0.4726672891,0.4187773244,0,-0.0529269421,4.523574024,-5.558246177
12.97,-72.90360666,0.01968023147,0.4731108427,0.4184081736,0,-0.05318625135,4.519649863,-5.554981999
12.98,-72.89271691,0.01970676136,0.4735534288,0.4180398882,0,-0.05344685436,4.515730648,-5.551715073
12.99,-72.88181806,0.01973334948,0.4739950485,0.4176724668,0,-0.05370875697,4.511816411,-5.548445418
13,-72.87091018,0.01975999582,0.474435703,0.4173059083,0,-0.05397196504,4.507907187,-5.545173053
13.01,-72.85999333,0.01978670036,0.4748753936,0.4169402116,0,-0.05423648443,4.504003008,-5.541897998
13.02,-72.84906757,0.01981346307,0.4753141214,0.4165753753,0,-0.05450232101,4.500103909,-5.538620271
13.03,-72.83813297,0.01984028395,0.4757518877,0.4162113984,0,-0.05476948069,4.496209922,-5.535339892
13.04,-72.8271896,0.01986716295,0.4761886937,0.4158482796,0,-0.05503796938,4.492321081,-5.53205688
13.05,-72.81623752,0.01989410007,0.4766245405,0.4154860178,0,-0.055307793,4.48843742,-5.528771256
13.06,-72.80527679,0.01992109527,0.4770594295,0.4151246117,0,-0.05557895749,4.484558969,-5.525483037
13.07,-72.79430748,0.01994814854,0.4774933618,0.4147640601,0,-0.0558514688,4.480685764,-5.522192244
13.08,-72.78332965,0.01997525984,0.4779263386,0.414404362,0,-0.05612533292,4.476817836,-5.518898896
13.09,-72.77234337,0.02000242916,0.4783583612,0.414045516,0,-0.05640055581,4.472955217,-5.515603012
13.1,-72.76134871,0.02002965646,0.4787894306,0.4136875211,0,-0.05667714348,4.469097941,-5.512304612
13.11,-72.75034572,0.02005694173,0.4792195483,0.413330376,0,-0.05695510194,4.46524604,-5.509003716
13.12,-72.73933447,0.02008428492,0.4796487152,0.4129740796,0,-0.05723443723,4.461399544,-5.505700342
13.13,-72.72831504,0.02011168602,0.4800769328,0.4126186306,0,-0.05751515537,4.457558488,-5.502394511
13.14,-72.71728747,0.02013914498,0.4805042021,0.4122640279,0,-0.05779726243,4.453722902,-5.499086242
13.15,-72.70625185,0.0201666618,0.4809305244,0.4119102703,0,-0.05808076449,4.449892818,-5.495775554
13.16,-72.69520822,0.02019423642,0.4813559008,0.4115573567,0,-0.05836566761,4.446068268,-5.492462467
13.17,-72.68415667,0.02022186883,0.4817803326,0.4112052858,0,-0.0586519779,4.442249283,-5.489147001
13.18,-72.67309725,0.02024955899,0.482203821,0.4108540564,0,-0.05893970148,4.438435895,-5.485829175
13.19,-72.66203003,0.02027730687,0.4826263672,0.4105036675,0,-0.05922884446,4.434628134,-5.48250901
13.2,-72.65095508,0.02030511243,0.4830479724,0.4101541178,0,-0.059519413,4.430826033,-5.479186524
13.21,-72.63987246,0.02033297564,0.4834686378,0.4098054062,0,-0.05981141324,4.427029621,-5.475861737
13.22,-72.62878223,0.02036089646,0.4838883646,0.4094575315,0,-0.06010485134,4.423238929,-5.472534669
13.23,-72.61768447,0.02038887487,0.4843071539,0.4091104924,0,-0.0603997335,4.419453989,-5.46920534
13.24,-72.60657923,0.02041691082,0.4847250071,0.4087642879,0,-0.0606960659,4.41567483,-5.465873769
13.25,-72.59546659,0.02044500427,0.4851419252,0.4084189168,0,-0.06099385476,4.411901484,-5.462539976
13.26,-72.58434661,0.0204731552,0.4855579096,0.4080743779,0,-0.06129310629,4.408133979,-5.459203982
13.27,-72.57321935,0.02050136356,0.4859729613,0.40773067,0,-0.06159382673,4.404372347,-5.455865804
13.28,-72.56208488,0.02052962931,0.4863870816,0.407387792,0,-0.06189602232,4.400616617,-5.452525465
13.29,-72.55094327,0.02055795241,0.4868002717,0.4070457427,0,-0.06219969933,4.39686682,-5.449182982
13.3,-72.53979459,0.02058633282,0.4872125328,0.4067045209,0,-0.06250486403,4.393122984,-5.445838376
13.31,-72.52863889,0.02061477051,0.4876238661,0.4063641255,0,-0.06281152271,4.389385139,-5.442491667
13.32,-72.51747625,0.02064326542,0.4880342727,0.4060245553,0,-0.06311968166,4.385653315,-5.439142874
13.33,-72.50630673,0.02067181753,0.4884437539,0.4056858092,0,-0.06342934719,4.381927541,-5.435792018
13.34,-72.49513039,0.02070042677,0.4888523109,0.4053478859,0,-0.06374052564,4.378207845,-5.432439118
13.35,-72.48394731,0.02072909312,0.4892599448,0.4050107844,0,-0.06405322333,4.374494258,-5.429084194
13.36,-72.47275755,0.02075781652,0.4896666569,0.4046745034,0,-0.06436744663,4.370786808,-5.425727266
13.37,-72.46156118,0.02078659694,0.4900724483,0.4043390419,0,-0.06468320188,4.367085523,-5.422368353
13.38,-72.45035825,0.02081543431,0.4904773203,0.4040043986,0,-0.06500049546,4.363390432,-5.419007476
13.39,-72.43914885,0.02084432861,0.490881274,0.4036705723,0,-0.06531933376,4.359701563,-5.415644654
13.4,-72.42793303,0.02087327977,0.4912843106,0.4033375621,0,-0.06563972318,4.356018945,-5.412279908
13.41,-72.41671086,0.02090228776,0.4916864313,0.4030053666,0,-0.06596167012,4.352342606,-5.408913257
13.42,-72.4054824,0.02093135252,0.4920876373,0.4026739847,0,-0.06628518102,4.348672573,-5.405544721
13.43,-72.39424773,0.02096047401,0.4924879298,0.4023434153,0,-0.06661026229,4.345008875,-5.40217432
13.44,-72.38300691,0.02098965217,0.49288731,0.4020136572,0,-0.06693692039,4.341351539,-5.398802073
13.45,-72.37176,0.02101888695,0.4932857791,0.4016847093,0,-0.06726516177,4.337700593,-5.395428001
13.46,-72.36050708,0.02104817831,0.4936833382,0.4013565704,0,-0.06759499291,4.334056064,-5.392052124
13.47,-72.34924821,0.02107752618,0.4940799886,0.4010292394,0,-0.06792642027,4.33041798,-5.388674462
13.48,-72.33798345,0.02110693052,0.4944757314,0.4007027151,0,-0.06825945036,4.326786367,-5.385295034
13.49,-72.32671287,0.02113639128,0.4948705678,0.4003769963,0,-0.06859408966,4.323161252,-5.38191386
13.5,-72.31543653,0.02116590839,0.495264499,0.400052082,0,-0.06893034471,4.319542662,-5.37853096
13.51,-72.30415451,0.0211954818,0.4956575261,0.3997279709,0,-0.06926822201,4.315930625,-5.375146354
13.52,-72.29286688,0.02122511147,0.4960496505,0.399404662,0,-0.0696077281,4.312325166,-5.371760063
13.53,-72.28157368,0.02125479732,0.4964408732,0.3990821541,0,-0.06994886953,4.308726311,-5.368372105
13.54,-72.27027501,0.02128453931,0.4968311954,0.3987604459,0,-0.07029165285,4.305134088,-5.364982502
13.55,-72.25897091,0.02131433737,0.4972206184,0.3984395365,0,-0.07063608463,4.301548522,-5.361591272
13.56,-72.24766145,0.02134419145,0.4976091433,0.3981194246,0,-0.07098217145,4.297969639,-5.358198435
13.57,-72.23634671,0.02137410149,0.4979967712,0.3978001092,0,-0.07132991988,4.294397464,-5.354804012
13.58,-72.22502674,0.02140406743,0.4983835034,0.3974815889,0,-0.07167933654,4.290832025,-5.351408023
13.59,-72.21370162,0.0214340892,0.498769341,0.3971638629,0,-0.07203042801,4.287273345,-5.348010487
13.6,-72.20237141,0.02146416675,0.4991542853,0.3968469297,0,-0.07238320093,4.28372145,-5.344611424
13.61,-72.19103618,0.02149430001,0.4995383374,0.3965307885,0,-0.07273766191,4.280176366,-5.341210855
13.62,-72.17969599,0.02152448893,0.4999214984,0.3962154379,0,-0.07309381758,4.276638118,-5.337808798
13.63,-72.16835091,0.02155473343,0.5003037696,0.3959008769,0,-0.07345167461,4.27310673,-5.334405274
13.64,-72.15700101,0.02158503346,0.5006851521,0.3955871044,0,-0.07381123963,4.269582227,-5.331000303
13.65,-72.14564635,0.02161538894,0.5010656471,0.3952741191,0,-0.07417251931,4.266064634,-5.327593905
13.66,-72.134287,0.02164579982,0.5014452559,0.39496192,0,-0.07453552033,4.262553976,-5.324186099
13.67,-72.12292302,0.02167626602,0.5018239794,0.3946505059,0,-0.07490024937,4.259050276,-5.320776906
13.68,-72.11155448,0.02170678749,0.5022018191,0.3943398757,0,-0.07526671311,4.25555356,-5.317366345
13.69,-72.10018145,0.02173736414,0.5025787759,0.3940300282,0,-0.07563491825,4.25206385,-5.313954435
13.7,-72.08880399,0.02176799593,0.5029548511,0.3937209624,0,-0.07600487151,4.248581171,-5.310541198
13.71,-72.07742218,0.02179868276,0.5033300458,0.3934126771,0,-0.07637657959,4.245105546,-5.307126653
13.72,-72.06603606,0.02182942458,0.5037043613,0.3931051711,0,-0.07675004922,4.241637,-5.303710819
13.73,-72.05464572,0.02186022131,0.5040777987,0.3927984433,0,-0.07712528714,4.238175555,-5.300293716
13.74,-72.04325122,0.02189107289,0.5044503591,0.3924924927,0,-0.07750230008,4.234721235,-5.296875365
13.75,-72.03185261,0.02192197924,0.5048220438,0.392187318,0,-0.07788109479,4.231274063,-5.293455784
13.76,-72.02044998,0.02195294029,0.5051928539,0.3918829182,0,-0.07826167803,4.227834062,-5.290034994
13.77,-72.00904338,0.02198395596,0.5055627906,0.391579292,0,-0.07864405656,4.224401255,-5.286613015
13.78,-71.99763289,0.02201502619,0.505931855,0.3912764385,0,-0.07902823715,4.220975665,-5.283189866
13.79,-71.98621856,0.0220461509,0.5063000483,0.3909743564,0,-0.07941422658,4.217557313,-5.279765567
13.8,-71.97480046,0.02207733,0.5066673718,0.3906730446,0,-0.07980203163,4.214146224,-5.276340138
13.81,-71.96337866,0.02210856343,0.5070338264,0.3903725021,0,-0.0801916591,4.210742418,-5.272913598
13.82,-71.95195322,0.02213985112,0.5073994135,0.3900727276,0,-0.08058311579,4.207345918,-5.269485967
13.83,-71.94052422,0.02217119297,0.5077641341,0.3897737202,0,-0.0809764085,4.203956746,-5.266057265
13.84,-71.92909171,0.02220258892,0.5081279895,0.3894754785,0,-0.08137154404,4.200574923,-5.262627512
13.85,-71.91765576,0.02223403888,0.5084909808,0.3891780016,0,-0.08176852924,4.197200472,-5.259196727
13.86,-71.90621643,0.02226554278,0.5088531092,0.3888812882,0,-0.08216737091,4.193833415,-5.25576493
13.87,-71.8947738,0.02229710054,0.5092143758,0.3885853373,0,-0.08256807589,4.190473771,-5.25233214
13.88,-71.88332793,0.02232871207,0.5095747818,0.3882901478,0,-0.08297065102,4.187121563,-5.248898378
13.89,-71.87187887,0.0223603773,0.5099343283,0.3879957186,0,-0.08337510313,4.183776812,-5.245463662
13.9,-71.86042671,0.02239209614,0.5102930166,0.3877020484,0,-0.08378143909,4.180439538,-5.242028013
13.91,-71.8489715,0.02242386851,0.5106508478,0.3874091362,0,-0.08418966574,4.177109763,-5.238591449
13.92,-71.8375133,0.02245569432,0.511007823,0.3871169809,0,-0.08459978994,4.173787507,-5.235153991
13.93,-71.82605219,0.02248757349,0.5113639433,0.3868255814,0,-0.08501181855,4.17047279,-5.231715658
13.94,-71.81458823,0.02251950595,0.5117192101,0.3865349365,0,-0.08542575846,4.167165634,-5.228276469
13.95,-71.80312148,0.02255149159,0.5120736243,0.3862450452,0,-0.08584161652,4.163866057,-5.224836445
13.96,-71.79165201,0.02258353034,0.5124271873,0.3859559063,0,-0.08625939963,4.160574081,-5.221395604
13.97,-71.78017989,0.02261562211,0.5127799,0.3856675187,0,-0.08667911466,4.157289725,-5.217953966
13.98,-71.76870517,0.0226477668,0.5131317637,0.3853798812,0,-0.0871007685,4.154013009,-5.21451155
13.99,-71.75722792,0.02267996434,0.5134827796,0.3850929929,0,-0.08752436805,4.150743952,-5.211068376
14,-71.74574821,0.02271221464,0.5138329488,0.3848068525,0,-0.0879499202,4.147482574,-5.207624464
14.01,-71.73426611,0.0227445176,0.5141822724,0.3845214589,0,-0.08837743186,4.144228895,-5.204179832
14.02,-71.72278167,0.02277687313,0.5145307516,0.3842368111,0,-0.08880690992,4.140982933,-5.2007345
14.03,-71.71129496,0.02280928115,0.5148783875,0.383952908,0,-0.0892383613,4.137744708,-5.197288488
14.04,-71.69980605,0.02284174156,0.5152251814,0.3836697483,0,-0.0896717929,4.134514239,-5.193841814
14.05,-71.68831499,0.02287425427,0.5155711343,0.3833873311,0,-0.09010721165,4.131291544,-5.190394498
14.06,-71.67682186,0.02290681918,0.5159162474,0.3831056552,0,-0.09054462446,4.128076641,-5.186946559
14.07,-71.66532672,0.02293943621,0.5162605219,0.3828247194,0,-0.09098403825,4.12486955,-5.183498017
14.08,-71.65382964,0.02297210526,0.5166039588,0.3825445228,0,-0.09142545994,4.121670289,-5.180048891
14.09,-71.64233066,0.02300482624,0.5169465595,0.3822650641,0,-0.09186889646,4.118478876,-5.176599199
14.1,-71.63082987,0.02303759904,0.5172883249,0.3819863423,0,-0.09231435473,4.115295328,-5.173148962
14.11,-71.61932733,0.02307042358,0.5176292563,0.3817083563,0,-0.0927618417,4.112119664,-5.169698198
14.12,-71.60782309,0.02310329975,0.5179693547,0.381431105,0,-0.09321136428,4.108951902,-5.166246926
14.13,-71.59631722,0.02313622746,0.5183086215,0.3811545872,0,-0.09366292942,4.105792059,-5.162795166
14.14,-71.58480979,0.02316920662,0.5186470575,0.3808788019,0,-0.09411654405,4.102640153,-5.159342936
14.15,-71.57330085,0.02320223711,0.5189846642,0.3806037479,0,-0.0945722151,4.0994962,-5.155890256
14.16,-71.56179048,0.02323531885,0.5193214425,0.3803294242,0,-0.09502994953,4.096360219,-5.152437145
14.17,-71.55027874,0.02326845173,0.5196573936,0.3800558296,0,-0.09548975425,4.093232225,-5.148983621
14.18,-71.53876568,0.02330163566,0.5199925187,0.3797829631,0,-0.09595163623,4.090112237,-5.145529704
14.19,-71.52725138,0.02333487052,0.5203268189,0.3795108235,0,-0.0964156024,4.087000271,-5.142075413
14.2,-71.51573589,0.02336815623,0.5206602953,0.3792394098,0,-0.09688165969,4.083896343,-5.138620766
14.21,-71.50421928,0.02340149267,0.5209929491,0.3789687208,0,-0.09734981506,4.080800469,-5.135165783
14.22,-71.4927016,0.02343487975,0.5213247814,0.3786987555,0,-0.09782007545,4.077712667,-5.131710481
14.23,-71.48118294,0.02346831735,0.5216557935,0.3784295127,0,-0.09829244779,4.074632953,-5.128254881
14.24,-71.46966334,0.02350180539,0.5219859863,0.3781609914,0,-0.09876693903,4.071561341,-5.124799001
14.25,-71.45814287,0.02353534374,0.522315361,0.3778931904,0,-0.09924355612,4.068497849,-5.12134286
14.26,-71.44662159,0.0235689323,0.5226439188,0.3776261087,0,-0.099722306,4.065442492,-5.117886476
14.27,-71.43509956,0.02360257098,0.5229716609,0.3773597452,0,-0.1002031956,4.062395286,-5.114429869
14.28,-71.42357685,0.02363625965,0.5232985883,0.3770940987,0,-0.1006862319,4.059356245,-5.110973056
14.29,-71.41205352,0.02366999822,0.5236247022,0.3768291683,0,-0.1011714217,4.056325387,-5.107516057
14.3,-71.40052963,0.02370378658,0.5239500037,0.3765649527,0,-0.1016587721,4.053302724,-5.104058889
14.31,-71.38900524,0.02373762461,0.5242744939,0.3763014508,0,-0.10214829,4.050288274,-5.100601573
14.32,-71.37748042,0.02377151221,0.5245981741,0.3760386617,0,-0.1026399823,4.04728205,-5.097144126
14.33,-71.36595522,0.02380544927,0.5249210453,0.3757765842,0,-0.103133856,4.044284068,-5.093686567
14.34,-71.35442971,0.02383943567,0.5252431086,0.3755152172,0,-0.1036299179,4.041294342,-5.090228914
14.35,-71.34290395,0.02387347131,0.5255643652,0.3752545596,0,-0.1041281751,4.038312886,-5.086771186
14.36,-71.331378,0.02390755607,0.5258848162,0.3749946104,0,-0.1046286343,4.035339715,-5.083313401
14.37,-71.31985193,0.02394168984,0.5262044628,0.3747353683,0,-0.1051313026,4.032374843,-5.079855578
14.38,-71.30832578,0.02397587251,0.5265233061,0.3744768325,0,-0.1056361869,4.029418285,-5.076397735
14.39,-71.29679964,0.02401010396,0.5268413471,0.3742190016,0,-0.1061432941,4.026470054,-5.072939891
14.4,-71.28527354,0.02404438408,0.5271585871,0.3739618748,0,-0.1066526311,4.023530164,-5.069482063
14.41,-71.27374757,0.02407871276,0.5274750272,0.3737054508,0,-0.1071642047,4.020598628,-5.06602427
14.42,-71.26222177,0.02411308988,0.5277906684,0.3734497287,0,-0.107678022,4.017675461,-5.06256653
14.43,-71.2506962,0.02414751532,0.528105512,0.3731947072,0,-0.1081940899,4.014760675,-5.059108861
14.44,-71.23917094,0.02418198896,0.5284195589,0.3729403854,0,-0.1087124151,4.011854284,-5.055651282
14.45,-71.22764604,0.0242165107,0.5287328105,0.3726867621,0,-0.1092330047,4.008956302,-5.052193811
14.46,-71.21612155,0.0242510804,0.5290452677,0.3724338362,0,-0.1097558654,4.00606674,-5.048736465
14.47,-71.20459754,0.02428569796,0.5293569318,0.3721816068,0,-0.1102810043,4.003185612,-5.045279263
14.48,-71.19307408,0.02432036325,0.5296678038,0.3719300726,0,-0.1108084281,4.000312931,-5.041822223
14.49,-71.18155121,0.02435507615,0.5299778848,0.3716792326,0,-0.1113381438,3.997448709,-5.038365363
14.5,-71.170029,0.02438983655,0.530287176,0.3714290857,0,-0.1118701581,3.994592959,-5.0349087
14.51,-71.15850751,0.02442464431,0.5305956785,0.3711796308,0,-0.1124044781,3.991745693,-5.031452253
14.52,-71.1469868,0.02445949933,0.5309033934,0.3709308669,0,-0.1129411105,3.988906923,-5.02799604
14.53,-71.13546693,0.02449440148,0.5312103219,0.3706827929,0,-0.1134800621,3.986076661,-5.024540078
14.54,-71.12394795,0.02452935064,0.531516465,0.3704354077,0,-0.1140213399,3.983254919,-5.021084385
14.55,-71.11242993,0.02456434667,0.5318218239,0.3701887102,0,-0.1145649507,3.98044171,-5.017628979
14.56,-71.10091293,0.02459938947,0.5321263996,0.3699426993,0,-0.1151109012,3.977637044,-5.014173878
14.57,-71.08939699,0.0246344789,0.5324301934,0.3696973739,0,-0.1156591984,3.974840933,-5.010719098
14.58,-71.0778822,0.02466961484,0.5327332063,0.369452733,0,-0.1162098491,3.972053389,-5.007264659
14.59,-71.06636859,0.02470479716,0.5330354394,0.3692087756,0,-0.11676286,3.969274423,-5.003810578
14.6,-71.05485624,0.02474002575,0.5333368939,0.3689655004,0,-0.1173182379,3.966504046,-5.000356871
14.61,-71.04334519,0.02477530046,0.5336375708,0.3687229065,0,-0.1178759898,3.963742268,-4.996903557
14.62,-71.03183551,0.02481062118,0.5339374714,0.3684809927,0,-0.1184361222,3.960989102,-4.993450653
14.63,-71.02032726,0.02484598778,0.5342365966,0.368239758,0,-0.1189986421,3.958244557,-4.989998177
14.64,-71.00882048,0.02488140012,0.5345349476,0.3679992013,0,-0.1195635562,3.955508645,-4.986546145
14.65,-70.99731525,0.02491685809,0.5348325255,0.3677593216,0,-0.1201308713,3.952781375,-4.983094576
14.66,-70.98581162,0.02495236154,0.5351293314,0.3675201177,0,-0.1207005941,3.950062759,-4.979643487
14.67,-70.97430965,0.02498791036,0.5354253665,0.3672815887,0,-0.1212727313,3.947352806,-4.976192894
14.68,-70.96280939,0.0250235044,0.5357206318,0.3670437333,0,-0.1218472898,3.944651526,-4.972742816
14.69,-70.95131089,0.02505914355,0.5360151284,0.3668065506,0,-0.1224242761,3.94195893,-4.969293268
14.7,-70.93981423,0.02509482766,0.5363088575,0.3665700394,0,-0.1230036971,3.939275027,-4.96584427
14.71,-70.92831945,0.0251305566,0.5366018202,0.3663341988,0,-0.1235855595,3.936599827,-4.962395836
14.72,-70.91682662,0.02516633025,0.5368940175,0.3660990275,0,-0.1241698699,3.93393334,-4.958947986
14.73,-70.90533578,0.02520214847,0.5371854506,0.3658645246,0,-0.124756635,3.931275575,-4.955500735
14.74,-70.893847,0.02523801113,0.5374761206,0.3656306891,0,-0.1253458616,3.928626541,-4.952054101
14.75,-70.88236033,0.02527391808,0.5377660286,0.3653975197,0,-0.1259375562,3.925986248,-4.9486081
14.76,-70.87087583,0.0253098692,0.5380551756,0.3651650155,0,-0.1265317256,3.923354705,-4.94516275
14.77,-70.85939356,0.02534586436,0.5383435628,0.3649331753,0,-0.1271283763,3.920731921,-4.941718067
14.78,-70.84791356,0.02538190341,0.5386311914,0.3647019982,0,-0.127727515,3.918117904,-4.938274068
14.79,-70.8364359,0.02541798621,0.5389180623,0.364471483,0,-0.1283291484,3.915512664,-4.934830771
14.8,-70.82496063,0.02545411265,0.5392041767,0.3642416286,0,-0.128933283,3.912916209,-4.93138819
14.81,-70.81348782,0.02549028256,0.5394895357,0.3640124341,0,-0.1295399254,3.910328547,-4.927946345
14.82,-70.8020175,0.02552649582,0.5397741403,0.3637838984,0,-0.1301490822,3.907749687,-4.92450525
14.83,-70.79054974,0.0255627523,0.5400579918,0.3635560203,0,-0.13076076,3.905179637,-4.921064922
14.84,-70.7790846,0.02559905184,0.5403410911,0.3633287988,0,-0.1313749654,3.902618405,-4.917625379
14.85,-70.76762212,0.02563539431,0.5406234395,0.3631022328,0,-0.1319917048,3.900065999,-4.914186636
14.86,-70.75616237,0.02567177957,0.5409050379,0.3628763214,0,-0.1326109849,3.897522428,-4.91074871
14.87,-70.74470539,0.02570820749,0.5411858874,0.3626510634,0,-0.133232812,3.894987698,-4.907311618
14.88,-70.73325125,0.02574467791,0.5414659893,0.3624264577,0,-0.1338571928,3.892461818,-4.903875375
14.89,-70.7218,0.0257811907,0.5417453445,0.3622025033,0,-0.1344841338,3.889944794,-4.900439999
14.9,-70.71035168,0.02581774571,0.5420239541,0.3619791992,0,-0.1351136413,3.887436635,-4.897005505
14.91,-70.69890636,0.02585434281,0.5423018193,0.3617565442,0,-0.1357457219,3.884937348,-4.893571909
14.92,-70.68746409,0.02589098185,0.5425789412,0.3615345374,0,-0.136380382,3.88244694,-4.890139228
14.93,-70.67602493,0.02592766269,0.5428553208,0.3613131776,0,-0.1370176281,3.879965417,-4.886707479
14.94,-70.66458892,0.02596438518,0.5431309592,0.3610924637,0,-0.1376574665,3.877492787,-4.883276676
14.95,-70.65315612,0.02600114918,0.5434058575,0.3608723949,0,-0.1382999037,3.875029057,-4.879846836
14.96,-70.64172658,0.02603795455,0.5436800168,0.3606529699,0,-0.138944946,3.872574233,-4.876417975
14.97,-70.63030036,0.02607480113,0.5439534382,0.3604341877,0,-0.1395925998,3.870128322,-4.872990109
14.98,-70.61887751,0.02611168879,0.5442261227,0.3602160472,0,-0.1402428716,3.86769133,-4.869563254
14.99,-70.60745808,0.02614861737,0.5444980715,0.3599985475,0,-0.1408957675,3.865263264,-4.866137425
15,-70.59604213,0.02618558674,0.5447692857,0.3597816874,0,-0.1415512939,3.86284413,-4.862712639
15.01,-70.58462971,0.02622259674,0.5450397663,0.3595654659,0,-0.1422094572,3.860433933,-4.859288912
15.02,-70.57322086,0.02625964722,0.5453095145,0.359349882,0,-0.1428702635,3.858032681,-4.855866258
15.03,-70.56181565,0.02629673804,0.5455785312,0.3591349345,0,-0.1435337193,3.855640379,-4.852444694
15.04,-70.55041412,0.02633386906,0.5458468176,0.3589206224,0,-0.1441998307,3.853257033,-4.849024235
15.05,-70.53901632,0.02637104011,0.5461143748,0.3587069447,0,-0.144868604,3.850882647,-4.845604897
15.06,-70.52762232,0.02640825105,0.5463812038,0.3584939003,0,-0.1455400453,3.848517229,-4.842186695
15.07,-70.51623215,0.02644550173,0.5466473058,0.3582814882,0,-0.146214161,3.846160783,-4.838769645
15.08,-70.50484587,0.02648279201,0.5469126818,0.3580697073,0,-0.1468909571,3.843813315,-4.835353762
15.09,-70.49346354,0.02652012172,0.5471773329,0.3578585565,0,-0.1475704398,3.841474829,-4.831939062
15.1,-70.4820852,0.02655749072,0.5474412601,0.3576480349,0,-0.1482526153,3.839145332,-4.828525559
15.11,-70.4707109,0.02659489886,0.5477044646,0.3574381413,0,-0.1489374897,3.836824827,-4.82511327
15.12,-70.4593407,0.02663234599,0.5479669475,0.3572288747,0,-0.1496250691,3.834513321,-4.821702209
15.13,-70.44797464,0.02666983195,0.5482287097,0.3570202341,0,-0.1503153595,3.832210817,-4.818292391
15.14,-70.43661277,0.02670735658,0.5484897524,0.3568122184,0,-0.1510083671,3.82991732,-4.814883832
15.15,-70.42525516,0.02674491975,0.5487500767,0.3566048265,0,-0.1517040979,3.827632836,-4.811476547
15.16,-70.41390183,0.02678252128,0.5490096836,0.3563980575,0,-0.1524025579,3.825357367,-4.80807055
15.17,-70.40255286,0.02682016104,0.5492685742,0.3561919102,0,-0.1531037531,3.823090919,-4.804665857
15.18,-70.39120828,0.02685783886,0.5495267496,0.3559863836,0,-0.1538076895,3.820833497,-4.801262483
15.19,-70.37986814,0.02689555458,0.5497842108,0.3557814767,0,-0.154514373,3.818585103,-4.797860442
15.2,-70.3685325,0.02693330806,0.550040959,0.3555771884,0,-0.1552238097,3.816345742,-4.79445975
15.21,-70.3572014,0.02697109914,0.5502969952,0.3553735177,0,-0.1559360053,3.814115418,-4.79106042
15.22,-70.3458749,0.02700892766,0.5505523204,0.3551704635,0,-0.1566509658,3.811894135,-4.787662469
15.23,-70.33455303,0.02704679346,0.5508069357,0.3549680248,0,-0.1573686971,3.809681897,-4.784265909
15.24,-70.32323586,0.02708469639,0.5510608423,0.3547662006,0,-0.1580892051,3.807478706,-4.780870757
15.25,-70.31192342,0.02712263629,0.5513140411,0.3545649897,0,-0.1588124955,3.805284567,-4.777477027
15.26,-70.30061577,0.02716061301,0.5515665333,0.3543643912,0,-0.1595385742,3.803099483,-4.774084732
15.27,-70.28931296,0.02719862637,0.5518183199,0.354164404,0,-0.1602674469,3.800923458,-4.770693889
15.28,-70.27801503,0.02723667623,0.552069402,0.3539650271,0,-0.1609991194,3.798756493,-4.76730451
15.29,-70.26672203,0.02727476243,0.5523197806,0.3537662594,0,-0.1617335975,3.796598594,-4.76391661
15.3,-70.25543402,0.02731288481,0.5525694568,0.3535680999,0,-0.1624708868,3.794449761,-4.760530205
15.31,-70.24415102,0.0273510432,0.5528184317,0.3533705476,0,-0.1632109931,3.79231,-4.757145307
15.32,-70.23287311,0.02738923745,0.5530667063,0.3531736013,0,-0.163953922,3.790179311,-4.753761932
15.33,-70.22160031,0.0274274674,0.5533142817,0.3529772602,0,-0.1646996792,3.788057698,-4.750380093
15.34,-70.21033268,0.02746573288,0.5535611589,0.352781523,0,-0.1654482702,3.785945164,-4.746999804
15.35,-70.19907027,0.02750403373,0.5538073391,0.3525863889,0,-0.1661997007,3.783841711,-4.74362108
15.36,-70.18781311,0.0275423698,0.5540528233,0.3523918567,0,-0.1669539762,3.78174734,-4.740243934
15.37,-70.17656127,0.02758074092,0.5542976125,0.3521979254,0,-0.1677111022,3.779662056,-4.736868381
15.38,-70.16531478,0.02761914693,0.5545417078,0.352004594,0,-0.1684710844,3.777585859,-4.733494434
15.39,-70.15407369,0.02765758766,0.5547851102,0.3518118615,0,-0.1692339281,3.775518752,-4.730122108
15.4,-70.14283805,0.02769606296,0.5550278209,0.3516197267,0,-0.1699996389,3.773460737,-4.726751415
15.41,-70.1316079,0.02773457265,0.5552698408,0.3514281887,0,-0.1707682221,3.771411815,-4.72338237
15.42,-70.12038329,0.02777311658,0.5555111711,0.3512372465,0,-0.1715396832,3.76937199,-4.720014987
15.43,-70.10916426,0.02781169458,0.5557518127,0.351046899,0,-0.1723140276,3.767341261,-4.716649279
15.44,-70.09795086,0.02785030649,0.5559917668,0.3508571451,0,-0.1730912606,3.765319631,-4.713285259
15.45,-70.08674314,0.02788895214,0.5562310344,0.3506679839,0,-0.1738713875,3.763307101,-4.709922942
15.46,-70.07554113,0.02792763137,0.5564696165,0.3504794143,0,-0.1746544137,3.761303673,-4.70656234
15.47,-70.06434489,0.027966344,0.5567075142,0.3502914353,0,-0.1754403444,3.759309348,-4.703203468
15.48,-70.05315446,0.02800508989,0.5569447286,0.3501040458,0,-0.1762291849,3.757324127,-4.699846338
15.49,-70.04196988,0.02804386885,0.5571812607,0.3499172448,0,-0.1770209404,3.755348012,-4.696490964
15.5,-70.0307912,0.02808268072,0.5574171115,0.3497310313,0,-0.177815616,3.753381003,-4.693137359
15.51,-70.01961846,0.02812152535,0.5576522821,0.3495454043,0,-0.178613217,3.751423102,-4.689785537
15.52,-70.0084517,0.02816040255,0.5578867736,0.3493603627,0,-0.1794137484,3.749474308,-4.68643551
15.53,-69.99729097,0.02819931216,0.5581205869,0.3491759055,0,-0.1802172155,3.747534624,-4.683087291
15.54,-69.98613632,0.02823825401,0.5583537232,0.3489920316,0,-0.1810236231,3.745604049,-4.679740895
15.55,-69.97498778,0.02827722794,0.5585861835,0.3488087401,0,-0.1818329765,3.743682584,-4.676396333
15.56,-69.9638454,0.02831623378,0.5588179689,0.3486260299,0,-0.1826452806,3.74177023,-4.673053619
15.57,-69.95270922,0.02835527136,0.5590490803,0.3484439,0,-0.1834605403,3.739866987,-4.669712765
15.58,-69.94157928,0.02839434051,0.5592795189,0.3482623493,0,-0.1842787607,3.737972855,-4.666373785
15.59,-69.93045564,0.02843344106,0.5595092856,0.3480813769,0,-0.1850999467,3.736087835,-4.663036691
15.6,-69.91933832,0.02847257283,0.5597383816,0.3479009817,0,-0.1859241031,3.734211926,-4.659701496
15.61,-69.90822738,0.02851173567,0.5599668078,0.3477211627,0,-0.1867512348,3.732345129,-4.656368213
15.62,-69.89712285,0.0285509294,0.5601945653,0.3475419189,0,-0.1875813467,3.730487444,-4.653036855
15.63,-69.88602478,0.02859015386,0.5604216551,0.3473632492,0,-0.1884144435,3.72863887,-4.649707433
15.64,-69.8749332,0.02862940886,0.5606480784,0.3471851526,0,-0.18925053,3.726799408,-4.646379961
15.65,-69.86384817,0.02866869424,0.560873836,0.3470076281,0,-0.190089611,3.724969057,-4.643054451
15.66,-69.85276972,0.02870800982,0.5610989291,0.3468306747,0,-0.1909316911,3.723147816,-4.639730915
15.67,-69.84169789,0.02874735545,0.5613233588,0.3466542913,0,-0.191776775,3.721335685,-4.636409366
15.68,-69.83063272,0.02878673093,0.5615471259,0.346478477,0,-0.1926248674,3.719532663,-4.633089816
15.69,-69.81957426,0.02882613611,0.5617702317,0.3463032307,0,-0.1934759729,3.717738751,-4.629772278
15.7,-69.80852254,0.02886557081,0.561992677,0.3461285513,0,-0.194330096,3.715953946,-4.626456763
15.71,-69.79747762,0.02890503485,0.562214463,0.345954438,0,-0.1951872412,3.714178249,-4.623143285
15.72,-69.78643951,0.02894452807,0.5624355907,0.3457808896,0,-0.1960474132,3.712411658,-4.619831854
15.73,-69.77540828,0.02898405029,0.562656061,0.3456079052,0,-0.1969106163,3.710654173,-4.616522483
15.74,-69.76438395,0.02902360134,0.5628758752,0.3454354837,0,-0.1977768549,3.708905791,-4.613215184
15.75,-69.75336657,0.02906318104,0.5630950341,0.3452636241,0,-0.1986461336,3.707166513,-4.60990997
15.76,-69.74235617,0.02910278922,0.5633135388,0.3450923254,0,-0.1995184566,3.705436337,-4.606606851
15.77,-69.7313528,0.02914242571,0.5635313904,0.3449215865,0,-0.2003938283,3.703715261,-4.60330584
15.78,-69.72035649,0.02918209033,0.5637485898,0.3447514066,0,-0.201272253,3.702003284,-4.600006948
15.79,-69.70936729,0.0292217829,0.5639651382,0.3445817845,0,-0.202153735,3.700300404,-4.596710188
15.8,-69.69838524,0.02926150326,0.5641810365,0.3444127192,0,-0.2030382784,3.698606621,-4.593415571
15.81,-69.68741036,0.02930125122,0.5643962857,0.3442442097,0,-0.2039258876,3.696921932,-4.590123109
15.82,-69.67644271,0.02934102661,0.5646108869,0.3440762551,0,-0.2048165665,3.695246336,-4.586832812
15.83,-69.66548231,0.02938082926,0.5648248412,0.3439088542,0,-0.2057103195,3.693579831,-4.583544694
15.84,-69.65452922,0.02942065899,0.5650381495,0.3437420062,0,-0.2066071504,3.691922414,-4.580258765
15.85,-69.64358346,0.02946051562,0.5652508128,0.3435757099,0,-0.2075070635,3.690274084,-4.576975037
15.86,-69.63264507,0.02950039898,0.5654628323,0.3434099644,0,-0.2084100626,3.68863484,-4.573693521
15.87,-69.62171409,0.02954030889,0.5656742088,0.3432447687,0,-0.2093161519,3.687004678,-4.570414228
15.88,-69.61079057,0.02958024517,0.5658849436,0.3430801217,0,-0.2102253352,3.685383597,-4.56713717
15.89,-69.59987453,0.02962020765,0.5660950374,0.3429160224,0,-0.2111376163,3.683771593,-4.563862358
15.9,-69.58896601,0.02966019615,0.5663044915,0.3427524699,0,-0.2120529993,3.682168666,-4.560589804
15.91,-69.57806506,0.0297002105,0.5665133067,0.3425894632,0,-0.2129714879,3.680574813,-4.557319517
15.92,-69.5671717,0.0297402505,0.5667214842,0.3424270011,0,-0.2138930859,3.67899003,-4.55405151
15.93,-69.55628598,0.029780316,0.5669290249,0.3422650828,0,-0.214817797,3.677414316,-4.550785794
15.94,-69.54540793,0.0298204068,0.5671359299,0.3421037071,0,-0.215745625,3.675847667,-4.547522378
15.95,-69.53453758,0.02986052274,0.5673422002,0.3419428732,0,-0.2166765735,3.674290082,-4.544261275
15.96,-69.52367498,0.02990066363,0.5675478368,0.34178258,0,-0.2176106462,3.672741556,-4.541002495
15.97,-69.51282016,0.02994082929,0.5677528407,0.3416228265,0,-0.2185478467,3.671202088,-4.537746049
15.98,-69.50197316,0.02998101955,0.5679572129,0.3414636117,0,-0.2194881785,3.669671674,-4.534491948
15.99,-69.49113401,0.03002123422,0.5681609544,0.3413049345,0,-0.2204316451,3.668150312,-4.531240202
16,-69.48030274,0.03006147314,0.5683640664,0.3411467941,0,-0.2213782501,3.666637997,-4.527990822
16.01,-69.4694794,0.03010173611,0.5685665497,0.3409891894,0,-0.2223279968,3.665134728,-4.524743819
16.02,-69.45866401,0.03014202296,0.5687684054,0.3408321193,0,-0.2232808886,3.6636405,-4.521499203
16.03,-69.44785662,0.0301823335,0.5689696345,0.340675583,0,-0.224236929,3.662155311,-4.518256985
16.04,-69.43705725,0.03022266757,0.569170238,0.3405195793,0,-0.2251961212,3.660679157,-4.515017175
16.05,-69.42626595,0.03026302498,0.569370217,0.3403641074,0,-0.2261584685,3.659212035,-4.511779784
16.06,-69.41548274,0.03030340554,0.5695695723,0.3402091661,0,-0.2271239741,3.65775394,-4.508544821
16.07,-69.40470766,0.03034380909,0.5697683052,0.3400547546,0,-0.2280926413,3.65630487,-4.505312298
16.08,-69.39394075,0.03038423543,0.5699664165,0.3399008717,0,-0.2290644731,3.65486482,-4.502082224
16.09,-69.38318203,0.03042468439,0.5701639072,0.3397475166,0,-0.2300394727,3.653433788,-4.49885461
16.1,-69.37243155,0.03046515578,0.5703607784,0.3395946882,0,-0.2310176433,3.652011769,-4.495629466
16.11,-69.36168934,0.03050564943,0.5705570311,0.3394423855,0,-0.2319989877,3.650598759,-4.492406802
16.12,-69.35095542,0.03054616516,0.5707526663,0.3392906075,0,-0.232983509,3.649194754,-4.489186627
16.13,-69.34022984,0.03058670278,0.570947685,0.3391393532,0,-0.2339712101,3.647799751,-4.485968953
16.14,-69.32951263,0.03062726211,0.5711420881,0.3389886217,0,-0.2349620939,3.646413745,-4.482753788
16.15,-69.31880381,0.03066784297,0.5713358768,0.3388384119,0,-0.2359561633,3.645036732,-4.479541143
16.16,-69.30810343,0.03070844519,0.571529052,0.3386887229,0,-0.2369534212,3.643668708,-4.476331028
16.17,-69.29741151,0.03074906856,0.5717216146,0.3385395537,0,-0.2379538702,3.642309668,-4.473123452
16.18,-69.28672808,0.03078971293,0.5719135658,0.3383909032,0,-0.2389575131,3.640959609,-4.469918425
16.19,-69.27605319,0.03083037809,0.5721049065,0.3382427705,0,-0.2399643526,3.639618525,-4.466715957
16.2,-69.26538686,0.03087106388,0.5722956377,0.3380951546,0,-0.2409743913,3.638286413,-4.463516058
16.21,-69.25472912,0.0309117701,0.5724857604,0.3379480545,0,-0.2419876319,3.636963267,-4.460318736
16.22,-69.24408001,0.03095249658,0.5726752756,0.3378014693,0,-0.2430040769,3.635649084,-4.457124002
16.23,-69.23343955,0.03099324314,0.5728641843,0.3376553978,0,-0.2440237287,3.634343858,-4.453931865
16.24,-69.22280778,0.03103400958,0.5730524875,0.3375098393,0,-0.24504659,3.633047584,-4.450742335
16.25,-69.21218473,0.03107479573,0.5732401862,0.3373647925,0,-0.246072663,3.631760259,-4.44755542
16.26,-69.20157044,0.03111560141,0.5734272814,0.3372202567,0,-0.2471019501,3.630481876,-4.444371131
16.27,-69.19096492,0.03115642643,0.5736137742,0.3370762307,0,-0.2481344538,3.629212432,-4.441189476
16.28,-69.18036822,0.0311972706,0.5737996653,0.3369327136,0,-0.2491701763,3.62795192,-4.438010465
16.29,-69.16978036,0.03123813375,0.573984956,0.3367897045,0,-0.2502091198,3.626700337,-4.434834107
16.3,-69.15920137,0.0312790157,0.5741696472,0.3366472023,0,-0.2512512865,3.625457677,-4.431660411
16.31,-69.14863129,0.03131991625,0.5743537398,0.336505206,0,-0.2522966785,3.624223934,-4.428489386
16.32,-69.13807014,0.03136083522,0.5745372349,0.3363637148,0,-0.2533452981,3.622999103,-4.425321041
16.33,-69.12751795,0.03140177244,0.5747201334,0.3362227275,0,-0.2543971472,3.62178318,-4.422155385
16.34,-69.11697476,0.03144272771,0.5749024364,0.3360822433,0,-0.2554522278,3.620576158,-4.418992428
16.35,-69.10644059,0.03148370086,0.5750841448,0.335942261,0,-0.256510542,3.619378033,-4.415832177
16.36,-69.09591548,0.03152469169,0.5752652596,0.3358027799,0,-0.2575720916,3.618188799,-4.412674643
16.37,-69.08539944,0.03156570003,0.5754457818,0.3356637988,0,-0.2586368785,3.61700845,-4.409519833
16.38,-69.07489252,0.0316067257,0.5756257124,0.3355253168,0,-0.2597049045,3.61583698,-4.406367756
16.39,-69.06439474,0.03164776849,0.5758050524,0.335387333,0,-0.2607761715,3.614674385,-4.403218421
16.4,-69.05390613,0.03168882825,0.5759838028,0.3352498463,0,-0.2618506811,3.613520658,-4.400071838
16.41,-69.04342671,0.03172990476,0.5761619646,0.3351128558,0,-0.262928435,3.612375793,-4.396928013
16.42,-69.03295652,0.03177099787,0.5763395386,0.3349763604,0,-0.2640094349,3.611239785,-4.393786957
16.43,-69.02249559,0.03181210737,0.576516526,0.3348403593,0,-0.2650936823,3.610112627,-4.390648676
16.44,-69.01204394,0.03185323308,0.5766929278,0.3347048515,0,-0.2661811788,3.608994315,-4.387513181
16.45,-69.0016016,0.03189437483,0.5768687448,0.3345698359,0,-0.2672719259,3.607884841,-4.384380479
16.46,-68.99116859,0.03193553242,0.577043978,0.3344353117,0,-0.2683659251,3.6067842,-4.381250578
16.47,-68.98074496,0.03197670567,0.5772186286,0.3343012778,0,-0.2694631777,3.605692385,-4.378123488
16.48,-68.97033072,0.0320178944,0.5773926974,0.3341677332,0,-0.270563685,3.604609391,-4.374999215
16.49,-68.9599259,0.03205909841,0.5775661853,0.334034677,0,-0.2716674485,3.603535211,-4.37187777
16.5,-68.94953053,0.03210031753,0.5777390935,0.3339021083,0,-0.2727744692,3.602469838,-4.368759158
16.51,-68.93914463,0.03214155158,0.5779114229,0.333770026,0,-0.2738847485,3.601413267,-4.365643389
16.52,-68.92876824,0.03218280035,0.5780831744,0.3336384293,0,-0.2749982874,3.600365491,-4.362530472
16.53,-68.91840138,0.03222406368,0.5782543491,0.333507317,0,-0.2761150872,3.599326504,-4.359420413
16.54,-68.90804407,0.03226534137,0.5784249478,0.3333766883,0,-0.2772351487,3.598296299,-4.35631322
16.55,-68.89769634,0.03230663324,0.5785949716,0.3332465422,0,-0.2783584731,3.597274869,-4.353208903
16.56,-68.88735823,0.03234793911,0.5787644215,0.3331168777,0,-0.2794850613,3.596262208,-4.350107468
16.57,-68.87702974,0.03238925878,0.5789332985,0.3329876939,0,-0.2806149142,3.595258309,-4.347008923
16.58,-68.86671092,0.03243059208,0.5791016034,0.3328589898,0,-0.2817480326,3.594263166,-4.343913277
16.59,-68.85640179,0.03247193882,0.5792693373,0.3327307644,0,-0.2828844173,3.593276771,-4.340820537
16.6,-68.84610237,0.03251329881,0.5794365012,0.3326030168,0,-0.2840240692,3.592299118,-4.337730711
16.61,-68.83581269,0.03255467186,0.579603096,0.332475746,0,-0.2851669888,3.5913302,-4.334643806
16.62,-68.82553277,0.0325960578,0.5797691226,0.332348951,0,-0.2863131769,3.590370009,-4.33155983
16.63,-68.81526263,0.03263745643,0.5799345822,0.3322226309,0,-0.2874626341,3.58941854,-4.32847879
16.64,-68.80500232,0.03267886758,0.5800994756,0.3320967848,0,-0.2886153608,3.588475785,-4.325400695
16.65,-68.79475184,0.03272029105,0.5802638038,0.3319714116,0,-0.2897713576,3.587541736,-4.322325551
16.66,-68.78451122,0.03276172666,0.5804275677,0.3318465105,0,-0.290930625,3.586616387,-4.319253366
16.67,-68.77428049,0.03280317422,0.5805907684,0.3317220804,0,-0.2920931632,3.585699731,-4.316184148
16.68,-68.76405968,0.03284463355,0.5807534068,0.3315981204,0,-0.2932589728,3.584791759,-4.313117903
16.69,-68.7538488,0.03288610446,0.5809154839,0.3314746296,0,-0.2944280539,3.583892466,-4.31005464
16.7,-68.74364788,0.03292758677,0.5810770006,0.3313516069,0,-0.2956004068,3.583001843,-4.306994364
16.71,-68.73345695,0.03296908029,0.581237958,0.3312290515,0,-0.2967760318,3.582119883,-4.303937084
16.72,-68.72327602,0.03301058484,0.5813983569,0.3311069623,0,-0.2979549288,3.581246579,-4.300882807
16.73,-68.71310513,0.03305210022,0.5815581983,0.3309853385,0,-0.299137098,3.580381923,-4.29783154
16.74,-68.7029443,0.03309362626,0.5817174832,0.330864179,0,-0.3003225395,3.579525907,-4.294783289
16.75,-68.69279354,0.03313516277,0.5818762126,0.330743483,0,-0.3015112532,3.578678524,-4.291738063
16.76,-68.68265289,0.03317670956,0.5820343874,0.3306232495,0,-0.302703239,3.577839767,-4.288695867
16.77,-68.67252236,0.03321826644,0.5821920085,0.3305034774,0,-0.3038984968,3.577009628,-4.285656709
16.78,-68.66240199,0.03325983324,0.582349077,0.330384166,0,-0.3050970264,3.576188098,-4.282620596
16.79,-68.65229178,0.03330140976,0.5825055938,0.3302653141,0,-0.3062988276,3.57537517,-4.279587534
16.8,-68.64219177,0.03334299582,0.5826615599,0.330146921,0,-0.3075039001,3.574570837,-4.276557531
16.81,-68.63210198,0.03338459124,0.5828169762,0.3300289855,0,-0.3087122436,3.57377509,-4.273530593
16.82,-68.62202242,0.03342619582,0.5829718436,0.3299115069,0,-0.3099238576,3.572987922,-4.270506727
16.83,-68.61195313,0.03346780938,0.5831261632,0.329794484,0,-0.3111387418,3.572209324,-4.267485939
16.84,-68.60189412,0.03350943175,0.5832799359,0.3296779161,0,-0.3123568955,3.571439288,-4.264468237
16.85,-68.59184542,0.03355106272,0.5834331626,0.3295618021,0,-0.3135783183,3.570677806,-4.261453626
16.86,-68.58180705,0.03359270212,0.5835858442,0.3294461411,0,-0.3148030096,3.569924871,-4.258442114
16.87,-68.57177902,0.03363434975,0.5837379819,0.3293309322,0,-0.3160309686,3.569180474,-4.255433707
16.88,-68.56176137,0.03367600544,0.5838895764,0.3292161744,0,-0.3172621947,3.568444607,-4.252428411
16.89,-68.55175411,0.033717669,0.5840406288,0.3291018668,0,-0.318496687,3.567717261,-4.249426233
16.9,-68.54175726,0.03375934025,0.58419114,0.3289880084,0,-0.3197344448,3.566998428,-4.246427179
16.91,-68.53177085,0.03380101899,0.584341111,0.3288745983,0,-0.3209754672,3.566288101,-4.243431256
16.92,-68.5217949,0.03384270504,0.5844905426,0.3287616355,0,-0.3222197532,3.56558627,-4.24043847
16.93,-68.51182942,0.03388439821,0.5846394359,0.3286491192,0,-0.3234673018,3.564892927,-4.237448826
16.94,-68.50187444,0.03392609833,0.5847877919,0.3285370484,0,-0.324718112,3.564208063,-4.234462332
16.95,-68.49192998,0.03396780521,0.5849356113,0.3284254221,0,-0.3259721827,3.563531671,-4.231478994
16.96,-68.48199606,0.03400951865,0.5850828953,0.3283142394,0,-0.3272295128,3.562863741,-4.228498817
16.97,-68.4720727,0.03405123848,0.5852296447,0.3282034993,0,-0.3284901009,3.562204265,-4.225521809
16.98,-68.46215991,0.03409296451,0.5853758606,0.328093201,0,-0.3297539459,3.561553234,-4.222547974
16.99,-68.45225773,0.03413469655,0.5855215437,0.3279833436,0,-0.3310210464,3.56091064,-4.219577318
17,-68.44236616,0.03417643442,0.5856666952,0.3278739259,0,-0.3322914011,3.560276473,-4.216609849
17.01,-68.43248524,0.03421817793,0.5858113159,0.3277649473,0,-0.3335650085,3.559650726,-4.213645572
17.02,-68.42261497,0.0342599269,0.5859554067,0.3276564066,0,-0.334841867,3.559033389,-4.210684492
17.03,-68.41275539,0.03430168115,0.5860989687,0.327548303,0,-0.3361219753,3.558424452,-4.207726616
17.04,-68.4029065,0.03434344048,0.5862420027,0.3274406355,0,-0.3374053316,3.557823909,-4.204771949
17.05,-68.39306833,0.03438520472,0.5863845097,0.3273334033,0,-0.3386919342,3.557231748,-4.201820498
17.06,-68.38324089,0.03442697367,0.5865264907,0.3272266054,0,-0.3399817816,3.556647963,-4.198872267
17.07,-68.37342421,0.03446874716,0.5866679466,0.3271202408,0,-0.3412748719,3.556072542,-4.195927263
17.08,-68.3636183,0.034510525,0.5868088782,0.3270143086,0,-0.3425712033,3.555505478,-4.192985491
17.09,-68.35382319,0.034552307,0.5869492867,0.326908808,0,-0.3438707738,3.554946761,-4.190046958
17.1,-68.34403889,0.03459409297,0.5870891728,0.3268037379,0,-0.3451735817,3.554396382,-4.187111667
17.11,-68.33426542,0.03463588275,0.5872285376,0.3266990975,0,-0.3464796247,3.553854332,-4.184179626
17.12,-68.3245028,0.03467767613,0.5873673819,0.3265948858,0,-0.347788901,3.553320601,-4.18125084
17.13,-68.31475104,0.03471947294,0.5875057067,0.3264911019,0,-0.3491014084,3.552795181,-4.178325313
17.14,-68.30501017,0.03476127298,0.587643513,0.3263877449,0,-0.3504171446,3.552278061,-4.175403052
17.15,-68.29528021,0.03480307609,0.5877808017,0.3262848139,0,-0.3517361076,3.551769233,-4.172484062
17.16,-68.28556116,0.03484488206,0.5879175737,0.3261823079,0,-0.3530582949,3.551268688,-4.169568348
17.17,-68.27585305,0.03488669073,0.5880538299,0.3260802261,0,-0.3543837044,3.550776415,-4.166655916
17.18,-68.2661559,0.03492850189,0.5881895714,0.3259785674,0,-0.3557123334,3.550292405,-4.163746771
17.19,-68.25646973,0.03497031537,0.5883247989,0.3258773311,0,-0.3570441797,3.549816649,-4.160840918
17.2,-68.24679454,0.03501213099,0.5884595135,0.3257765161,0,-0.3583792407,3.549349138,-4.157938362
17.21,-68.23713036,0.03505394856,0.588593716,0.3256761215,0,-0.3597175138,3.548889861,-4.155039109
17.22,-68.22747721,0.0350957679,0.5887274075,0.3255761465,0,-0.3610589964,3.548438809,-4.152143163
17.23,-68.2178351,0.03513758882,0.5888605888,0.3254765902,0,-0.3624036858,3.547995972,-4.14925053
17.24,-68.20820405,0.03517941113,0.5889932608,0.3253774515,0,-0.3637515793,3.54756134,-4.146361215
17.25,-68.19858408,0.03522123467,0.5891254246,0.3252787296,0,-0.365102674,3.547134905,-4.143475223
17.26,-68.1889752,0.03526305923,0.5892570809,0.3251804236,0,-0.3664569671,3.546716655,-4.140592559
17.27,-68.17937743,0.03530488464,0.5893882309,0.3250825326,0,-0.3678144557,3.546306582,-4.137713228
17.28,-68.16979078,0.03534671072,0.5895188752,0.3249850556,0,-0.3691751368,3.545904675,-4.134837234
17.29,-68.16021528,0.03538853728,0.589649015,0.3248879918,0,-0.3705390073,3.545510925,-4.131964583
17.3,-68.15065093,0.03543036413,0.5897786511,0.3247913402,0,-0.3719060642,3.54512532,-4.12909528
17.31,-68.14109776,0.0354721911,0.5899077845,0.3246950999,0,-0.3732763044,3.544747853,-4.126229329
17.32,-68.13155578,0.035514018,0.590036416,0.3245992701,0,-0.3746497245,3.544378512,-4.123366735
17.33,-68.12202501,0.03555584465,0.5901645466,0.3245038497,0,-0.3760263214,3.544017287,-4.120507502
17.34,-68.11250546,0.03559767087,0.5902921773,0.324408838,0,-0.3774060917,3.543664169,-4.117651637
17.35,-68.10299714,0.03563949646,0.5904193089,0.324314234,0,-0.3787890321,3.543319147,-4.114799143
17.36,-68.09350008,0.03568132126,0.5905459423,0.3242200367,0,-0.380175139,3.54298221,-4.111950024
17.37,-68.08401429,0.03572314507,0.5906720785,0.3241262454,0,-0.381564409,3.54265335,-4.109104286
17.38,-68.07453978,0.03576496772,0.5907977184,0.324032859,0,-0.3829568385,3.542332555,-4.106261934
17.39,-68.06507657,0.03580678902,0.590922863,0.3239398768,0,-0.3843524239,3.542019816,-4.103422971
17.4,-68.05562467,0.03584860878,0.591047513,0.3238472977,0,-0.3857511616,3.541715122,-4.100587402
17.41,-68.0461841,0.03589042684,0.5911716695,0.3237551209,0,-0.3871530477,3.541418462,-4.097755231
17.42,-68.03675488,0.035932243,0.5912953334,0.3236633455,0,-0.3885580784,3.541129827,-4.094926464
17.43,-68.02733702,0.03597405708,0.5914185056,0.3235719706,0,-0.38996625,3.540849206,-4.092101105
17.44,-68.01793052,0.0360158689,0.591541187,0.3234809952,0,-0.3913775586,3.540576588,-4.089279157
17.45,-68.00853542,0.03605767828,0.5916633785,0.3233904186,0,-0.392792,3.540311963,-4.086460625
17.46,-67.99915171,0.03609948503,0.591785081,0.3233002397,0,-0.3942095703,3.54005532,-4.083645514
17.47,-67.98977943,0.03614128898,0.5919062955,0.3232104578,0,-0.3956302655,3.53980665,-4.080833828
17.48,-67.98041857,0.03618308995,0.5920270229,0.3231210718,0,-0.3970540813,3.53956594,-4.078025571
17.49,-67.97106916,0.03622488774,0.592147264,0.3230320809,0,-0.3984810135,3.539333182,-4.075220747
17.5,-67.9617312,0.03626668219,0.5922670198,0.3229434843,0,-0.3999110579,3.539108363,-4.072419361
17.51,-67.95240472,0.0363084731,0.5923862912,0.322855281,0,-0.4013442101,3.538891474,-4.069621416
17.52,-67.94308972,0.0363502603,0.5925050791,0.3227674701,0,-0.4027804657,3.538682504,-4.066826917
17.53,-67.93378623,0.03639204361,0.5926233844,0.3226800507,0,-0.4042198204,3.538481441,-4.064035868
17.54,-67.92449424,0.03643382284,0.592741208,0.322593022,0,-0.4056622695,3.538288275,-4.061248273
17.55,-67.91521379,0.03647559782,0.5928585509,0.3225063831,0,-0.4071078085,3.538102996,-4.058464136
17.56,-67.90594487,0.03651736836,0.5929754139,0.322420133,0,-0.4085564328,3.537925592,-4.055683461
17.57,-67.89668751,0.03655913428,0.5930917979,0.3223342709,0,-0.4100081377,3.537756052,-4.052906252
17.58,-67.88744171,0.03660089541,0.5932077039,0.322248796,0,-0.4114629185,3.537594366,-4.050132512
17.59,-67.87820749,0.03664265156,0.5933231328,0.3221637072,0,-0.4129207702,3.537440523,-4.047362247
17.6,-67.86898486,0.03668440255,0.5934380854,0.3220790037,0,-0.4143816882,3.537294511,-4.044595459
17.61,-67.85977384,0.0367261482,0.5935525628,0.3219946847,0,-0.4158456673,3.53715632,-4.041832152
17.62,-67.85057444,0.03676788833,0.5936665656,0.3219107493,0,-0.4173127027,3.537025938,-4.039072331
17.63,-67.84138666,0.03680962276,0.593780095,0.3218271965,0,-0.4187827893,3.536903355,-4.036315999
17.64,-67.83221053,0.03685135132,0.5938931517,0.3217440255,0,-0.420255922,3.536788559,-4.033563159
17.65,-67.82304606,0.03689307381,0.5940057368,0.3216612354,0,-0.4217320956,3.536681539,-4.030813817
17.66,-67.81389325,0.03693479007,0.594117851,0.3215788254,0,-0.4232113049,3.536582284,-4.028067974
17.67,-67.80475212,0.03697649991,0.5942294953,0.3214967945,0,-0.4246935445,3.536490782,-4.025325636
17.68,-67.79562268,0.03701820315,0.5943406705,0.3214151419,0,-0.4261788093,3.536407024,-4.022586805
17.69,-67.78650495,0.03705989962,0.5944513777,0.3213338667,0,-0.4276670937,3.536330996,-4.019851486
17.7,-67.77739894,0.03710158913,0.5945616177,0.321252968,0,-0.4291583922,3.536262688,-4.017119681
17.71,-67.76830465,0.03714327151,0.5946713913,0.321172445,0,-0.4306526994,3.536202089,-4.014391395
17.72,-67.7592221,0.03718494657,0.5947806995,0.3210922967,0,-0.4321500096,3.536149187,-4.01166663
17.73,-67.7501513,0.03722661414,0.5948895432,0.3210125223,0,-0.4336503173,3.53610397,-4.008945391
17.74,-67.74109227,0.03726827405,0.5949979232,0.320933121,0,-0.4351536166,3.536066428,-4.006227681
17.75,-67.73204501,0.0373099261,0.5951058406,0.3208540918,0,-0.4366599018,3.536036548,-4.003513503
17.76,-67.72300954,0.03735157012,0.5952132961,0.3207754339,0,-0.4381691672,3.53601432,-4.000802861
17.77,-67.71398586,0.03739320594,0.5953202906,0.3206971464,0,-0.4396814067,3.535999732,-3.998095758
17.78,-67.70497399,0.03743483337,0.5954268251,0.3206192284,0,-0.4411966145,3.535992771,-3.995392197
17.79,-67.69597394,0.03747645224,0.5955329004,0.3205416791,0,-0.4427147845,3.535993427,-3.992692183
17.8,-67.68698572,0.03751806237,0.5956385175,0.3204644976,0,-0.4442359107,3.536001688,-3.989995717
17.81,-67.67800935,0.03755966358,0.5957436772,0.320387683,0,-0.445759987,3.536017543,-3.987302804
17.82,-67.66904482,0.0376012557,0.5958483805,0.3203112346,0,-0.447287007,3.536040978,-3.984613447
17.83,-67.66009216,0.03764283854,0.5959526281,0.3202351513,0,-0.4488169647,3.536071984,-3.981927648
17.84,-67.65115137,0.03768441193,0.5960564211,0.3201594323,0,-0.4503498536,3.536110547,-3.979245412
17.85,-67.64222247,0.03772597569,0.5961597602,0.3200840769,0,-0.4518856674,3.536156657,-3.976566741
17.86,-67.63330546,0.03776752965,0.5962626464,0.320009084,0,-0.4534243997,3.536210301,-3.973891639
17.87,-67.62440036,0.03780907363,0.5963650806,0.3199344529,0,-0.454966044,3.536271468,-3.971220108
17.88,-67.61550717,0.03785060745,0.5964670637,0.3198601827,0,-0.4565105937,3.536340145,-3.968552152
17.89,-67.60662591,0.03789213093,0.5965685964,0.3197862725,0,-0.4580580421,3.536416321,-3.965887773
17.9,-67.59775659,0.0379336439,0.5966696799,0.3197127215,0,-0.4596083828,3.536499984,-3.963226976
17.91,-67.58889921,0.03797514618,0.5967703148,0.3196395287,0,-0.4611616088,3.536591122,-3.960569762
17.92,-67.58005378,0.03801663759,0.5968705021,0.3195666935,0,-0.4627177134,3.536689722,-3.957916135
17.93,-67.57122033,0.03805811797,0.5969702427,0.3194942148,0,-0.4642766897,3.536795774,-3.955266098
17.94,-67.56239885,0.03809958713,0.5970695375,0.3194220919,0,-0.4658385308,3.536909264,-3.952619654
17.95,-67.55358935,0.03814104489,0.5971683873,0.3193503239,0,-0.4674032298,3.53703018,-3.949976806
17.96,-67.54479185,0.03818249108,0.5972667931,0.3192789099,0,-0.4689707796,3.537158511,-3.947337556
17.97,-67.53600636,0.03822392553,0.5973647557,0.319207849,0,-0.4705411731,3.537294245,-3.944701908
17.98,-67.52723288,0.03826534806,0.5974622759,0.3191371405,0,-0.4721144032,3.537437368,-3.942069864
17.99,-67.51847142,0.03830675849,0.5975593548,0.3190667835,0,-0.4736904626,3.53758787,-3.939441427
18,-67.509722,0.03834815666,0.5976559931,0.3189967771,0,-0.475269344,3.537745737,-3.936816601
18.01,-67.50098462,0.03838954237,0.5977521918,0.3189271205,0,-0.4768510402,3.537910957,-3.934195387
18.02,-67.4922593,0.03843091547,0.5978479516,0.3188578127,0,-0.4784355436,3.538083519,-3.931577789
18.03,-67.48354603,0.03847227576,0.5979432736,0.3187888531,0,-0.4800228469,3.538263409,-3.928963809
18.04,-67.47484483,0.03851362309,0.5980381585,0.3187202407,0,-0.4816129426,3.538450616,-3.92635345
18.05,-67.46615572,0.03855495727,0.5981326073,0.3186519747,0,-0.483205823,3.538645127,-3.923746715
18.06,-67.45747869,0.03859627814,0.5982266208,0.3185840542,0,-0.4848014805,3.538846929,-3.921143607
18.07,-67.44881376,0.03863758551,0.5983201999,0.3185164784,0,-0.4863999074,3.539056011,-3.918544127
18.08,-67.44016093,0.03867887921,0.5984133454,0.3184492464,0,-0.4880010959,3.539272359,-3.915948279
18.09,-67.43152022,0.03872015906,0.5985060584,0.3183823575,0,-0.4896050383,3.539495961,-3.913356066
18.1,-67.42289163,0.03876142491,0.5985983395,0.3183158107,0,-0.4912117266,3.539726804,-3.910767489
18.11,-67.41427517,0.03880267656,0.5986901898,0.3182496053,0,-0.4928211529,3.539964877,-3.908182552
18.12,-67.40567086,0.03884391385,0.59878161,0.3181837403,0,-0.4944333092,3.540210166,-3.905601257
18.13,-67.39707869,0.0388851366,0.598872601,0.3181182149,0,-0.4960481875,3.540462659,-3.903023607
18.14,-67.38849868,0.03892634464,0.5989631638,0.3180530284,0,-0.4976657795,3.540722342,-3.900449603
18.15,-67.37993083,0.0389675378,0.5990532991,0.3179881798,0,-0.4992860772,3.540989205,-3.897879249
18.16,-67.37137516,0.03900871591,0.599143008,0.3179236684,0,-0.5009090723,3.541263233,-3.895312547
18.17,-67.36283167,0.03904987878,0.5992322911,0.3178594933,0,-0.5025347565,3.541544413,-3.8927495
18.18,-67.35430036,0.03909102625,0.5993211494,0.3177956536,0,-0.5041631213,3.541832734,-3.890190109
18.19,-67.34578126,0.03913215815,0.5994095838,0.3177321485,0,-0.5057941585,3.542128183,-3.887634378
18.2,-67.33727436,0.0391732743,0.5994975951,0.3176689773,0,-0.5074278595,3.542430746,-3.885082308
18.21,-67.32877967,0.03921437453,0.5995851842,0.317606139,0,-0.5090642158,3.54274041,-3.882533902
18.22,-67.32029721,0.03925545867,0.599672352,0.3175436328,0,-0.5107032188,3.543057163,-3.879989162
18.23,-67.31182697,0.03929652655,0.5997590993,0.3174814579,0,-0.5123448597,3.543380993,-3.877448091
18.24,-67.30336897,0.03933757799,0.599845427,0.3174196135,0,-0.51398913,3.543711885,-3.874910691
18.25,-67.29492321,0.03937861282,0.599931336,0.3173580987,0,-0.5156360207,3.544049826,-3.872376964
18.26,-67.28648971,0.03941963088,0.6000168271,0.3172969128,0,-0.5172855232,3.544394805,-3.869846913
18.27,-67.27806846,0.03946063199,0.6001019011,0.3172360548,0,-0.5189376283,3.544746808,-3.867320539
18.28,-67.26965949,0.03950161597,0.600186559,0.317175524,0,-0.5205923273,3.545105821,-3.864797846
18.29,-67.26126278,0.03954258266,0.6002708017,0.3171153195,0,-0.5222496111,3.545471832,-3.862278834
18.3,-67.25287836,0.03958353189,0.6003546299,0.3170554405,0,-0.5239094706,3.545844828,-3.859763507
18.31,-67.24450622,0.03962446348,0.6004380445,0.3169958862,0,-0.5255718967,3.546224795,-3.857251866
18.32,-67.23614638,0.03966537727,0.6005210465,0.3169366558,0,-0.5272368801,3.546611721,-3.854743914
18.33,-67.22779884,0.03970627309,0.6006036366,0.3168777484,0,-0.5289044116,3.547005591,-3.852239652
18.34,-67.21946361,0.03974715075,0.6006858157,0.3168191632,0,-0.5305744819,3.547406393,-3.849739083
18.35,-67.2111407,0.0397880101,0.6007675847,0.3167608995,0,-0.5322470816,3.547814114,-3.84724221
18.36,-67.20283011,0.03982885097,0.6008489444,0.3167029563,0,-0.5339222014,3.54822874,-3.844749033
18.37,-67.19453185,0.03986967318,0.6009298957,0.3166453329,0,-0.5355998316,3.548650258,-3.842259555
18.38,-67.18624593,0.03991047656,0.6010104395,0.3165880284,0,-0.5372799627,3.549078655,-3.839773779
18.39,-67.17797235,0.03995126094,0.6010905765,0.3165310421,0,-0.5389625851,3.549513916,-3.837291706
18.4,-67.16971112,0.03999202616,0.6011703078,0.3164743731,0,-0.5406476892,3.54995603,-3.834813337
18.41,-67.16146225,0.04003277205,0.601249634,0.3164180205,0,-0.5423352652,3.550404982,-3.832338676
18.42,-67.15322575,0.04007349843,0.6013285561,0.3163619837,0,-0.5440253033,3.550860758,-3.829867724
18.43,-67.14500161,0.04011420513,0.6014070749,0.3163062618,0,-0.5457177937,3.551323346,-3.827400483
18.44,-67.13678985,0.040154892,0.6014851913,0.3162508539,0,-0.5474127264,3.551792732,-3.824936955
18.45,-67.12859047,0.04019555885,0.6015629062,0.3161957592,0,-0.5491100916,3.552268903,-3.822477142
18.46,-67.12040349,0.04023620552,0.6016402203,0.316140977,0,-0.5508098791,3.552751844,-3.820021046
18.47,-67.11222889,0.04027683185,0.6017171346,0.3160865065,0,-0.5525120789,3.553241542,-3.817568668
18.48,-67.1040667,0.04031743765,0.6017936498,0.3160323467,0,-0.5542166808,3.553737983,-3.815120011
18.49,-67.09591692,0.04035802277,0.6018697669,0.315978497,0,-0.5559236747,3.554241155,-3.812675077
18.5,-67.08777955,0.04039858704,0.6019454867,0.3159249565,0,-0.5576330502,3.554751042,-3.810233866
18.51,-67.07965461,0.04043913029,0.60202081,0.3158717244,0,-0.5593447971,3.555267633,-3.807796382
18.52,-67.07154209,0.04047965235,0.6020957377,0.3158187999,0,-0.561058905,3.555790911,-3.805362626
18.53,-67.063442,0.04052015305,0.6021702706,0.3157661822,0,-0.5627753635,3.556320865,-3.802932599
18.54,-67.05535435,0.04056063223,0.6022444096,0.3157138705,0,-0.564494162,3.55685748,-3.800506304
18.55,-67.04727914,0.04060108971,0.6023181555,0.315661864,0,-0.56621529,3.557400742,-3.798083742
18.56,-67.03921638,0.04064152534,0.6023915092,0.3156101618,0,-0.5679387368,3.557950637,-3.795664915
18.57,-67.03116608,0.04068193894,0.6024644716,0.3155587633,0,-0.5696644919,3.558507152,-3.793249824
18.58,-67.02312824,0.04072233035,0.6025370434,0.3155076676,0,-0.5713925445,3.559070273,-3.790838472
18.59,-67.01510287,0.04076269939,0.6026092255,0.3154568738,0,-0.5731228839,3.559639985,-3.78843086
18.6,-67.00708997,0.04080304591,0.6026810187,0.3154063813,0,-0.5748554991,3.560216275,-3.78602699
18.61,-66.99908954,0.04084336974,0.602752424,0.3153561892,0,-0.5765903792,3.560799128,-3.783626863
18.62,-66.99110161,0.04088367071,0.6028234421,0.3153062966,0,-0.5783275134,3.561388531,-3.781230482
18.63,-66.98312616,0.04092394865,0.6028940739,0.3152567029,0,-0.5800668906,3.56198447,-3.778837847
18.64,-66.9751632,0.0409642034,0.6029643202,0.3152074072,0,-0.5818084997,3.562586931,-3.776448961
18.65,-66.96721275,0.0410044348,0.6030341819,0.3151584087,0,-0.5835523296,3.563195898,-3.774063825
18.66,-66.9592748,0.04104464267,0.6031036598,0.3151097067,0,-0.5852983691,3.563811359,-3.77168244
18.67,-66.95134936,0.04108482685,0.6031727547,0.3150613003,0,-0.587046607,3.564433299,-3.769304808
18.68,-66.94343644,0.04112498718,0.6032414676,0.3150131887,0,-0.5887970319,3.565061704,-3.766930932
18.69,-66.93553604,0.04116512348,0.6033097991,0.3149653712,0,-0.5905496326,3.56569656,-3.764560811
18.7,-66.92764816,0.0412052356,0.6033777502,0.314917847,0,-0.5923043975,3.566337852,-3.762194449
18.71,-66.91977282,0.04124532337,0.6034453218,0.3148706153,0,-0.5940613153,3.566985566,-3.759831846
18.72,-66.91191001,0.04128538663,0.6035125145,0.3148236752,0,-0.5958203744,3.567639688,-3.757473004
18.73,-66.90405975,0.04132542521,0.6035793294,0.3147770261,0,-0.5975815631,3.568300203,-3.755117924
18.74,-66.89622203,0.04136543894,0.6036457671,0.3147306671,0,-0.5993448699,3.568967097,-3.752766609
18.75,-66.88839686,0.04140542766,0.6037118287,0.3146845975,0,-0.6011102831,3.569640356,-3.750419058
18.76,-66.88058425,0.04144539121,0.6037775148,0.3146388164,0,-0.6028777909,3.570319966,-3.748075275
18.77,-66.8727842,0.04148532942,0.6038428263,0.3145933231,0,-0.6046473815,3.571005911,-3.74573526
18.78,-66.86499672,0.04152524213,0.6039077641,0.3145481168,0,-0.606419043,3.571698177,-3.743399015
18.79,-66.85722181,0.04156512917,0.6039723289,0.3145031967,0,-0.6081927636,3.572396751,-3.741066542
18.8,-66.84945947,0.04160499039,0.6040365217,0.3144585621,0,-0.6099685311,3.573101616,-3.73873784
18.81,-66.84170971,0.04164482561,0.6041003432,0.3144142121,0,-0.6117463336,3.573812759,-3.736412914
18.82,-66.83397254,0.04168463467,0.6041637944,0.314370146,0,-0.613526159,3.574530166,-3.734091762
18.83,-66.82624796,0.04172441742,0.6042268759,0.314326363,0,-0.6153079952,3.575253821,-3.731774387
18.84,-66.81853597,0.04176417368,0.6042895887,0.3142828624,0,-0.6170918299,3.575983709,-3.729460791
18.85,-66.81083658,0.0418039033,0.6043519336,0.3142396433,0,-0.6188776509,3.576719817,-3.727150974
18.86,-66.8031498,0.0418436061,0.6044139113,0.314196705,0,-0.6206654458,3.57746213,-3.724844939
18.87,-66.79547562,0.04188328194,0.6044755228,0.3141540467,0,-0.6224552023,3.578210632,-3.722542685
18.88,-66.78781405,0.04192293064,0.6045367689,0.3141116676,0,-0.624246908,3.578965309,-3.720244216
18.89,-66.7801651,0.04196255204,0.6045976504,0.314069567,0,-0.6260405504,3.579726146,-3.717949531
18.9,-66.77252877,0.04200214598,0.6046581681,0.3140277441,0,-0.6278361169,3.580493128,-3.715658632
18.91,-66.76490507,0.04204171231,0.6047183228,0.3139861982,0,-0.629633595,3.581266241,-3.713371522
18.92,-66.757294,0.04208125084,0.6047781154,0.3139449283,0,-0.631432972,3.58204547,-3.7110882
18.93,-66.74969556,0.04212076144,0.6048375467,0.3139039339,0,-0.6332342352,3.582830799,-3.708808668
18.94,-66.74210976,0.04216024392,0.6048966175,0.3138632141,0,-0.6350373719,3.583622214,-3.706532927
18.95,-66.7345366,0.04219969814,0.6049553287,0.3138227682,0,-0.6368423692,3.584419699,-3.70426098
18.96,-66.72697609,0.04223912392,0.605013681,0.3137825953,0,-0.6386492142,3.585223241,-3.701992826
18.97,-66.71942822,0.04227852112,0.6050716754,0.3137426948,0,-0.6404578942,3.586032823,-3.699728467
18.98,-66.71189302,0.04231788956,0.6051293125,0.3137030659,0,-0.642268396,3.586848431,-3.697467905
18.99,-66.70437047,0.04235722908,0.6051865933,0.3136637077,0,-0.6440807067,3.58767005,-3.695211141
19,-66.69686058,0.04239653953,0.6052435186,0.3136246197,0,-0.6458948131,3.588497664,-3.692958175
19.01,-66.68936336,0.04243582075,0.6053000891,0.3135858008,0,-0.6477107022,3.589331259,-3.690709009
19.02,-66.68187881,0.04247507256,0.6053563058,0.3135472506,0,-0.6495283608,3.590170818,-3.688463644
19.03,-66.67440694,0.04251429482,0.6054121694,0.313508968,0,-0.6513477755,3.591016328,-3.686222082
19.04,-66.66694775,0.04255348737,0.6054676807,0.3134709525,0,-0.6531689332,3.591867773,-3.683984324
19.05,-66.65950123,0.04259265003,0.6055228406,0.3134332033,0,-0.6549918204,3.592725137,-3.68175037
19.06,-66.65206741,0.04263178266,0.6055776498,0.3133957195,0,-0.6568164238,3.593588405,-3.679520222
19.07,-66.64464627,0.04267088509,0.6056321093,0.3133585005,0,-0.6586427299,3.594457563,-3.677293881
19.08,-66.63723783,0.04270995716,0.6056862198,0.3133215454,0,-0.6604707252,3.595332594,-3.675071348
19.09,-66.62984208,0.04274899871,0.6057399821,0.3132848536,0,-0.6623003961,3.596213483,-3.672852624
19.1,-66.62245904,0.04278800959,0.6057933971,0.3132484243,0,-0.6641317291,3.597100215,-3.670637711
19.11,-66.6150887,0.04282698963,0.6058464656,0.3132122567,0,-0.6659647103,3.597992775,-3.668426609
19.12,-66.60773107,0.04286593867,0.6058991883,0.3131763501,0,-0.6677993263,3.598891147,-3.66621932
19.13,-66.60038615,0.04290485656,0.6059515661,0.3131407037,0,-0.669635563,3.599795315,-3.664015845
19.14,-66.59305395,0.04294374313,0.6060035999,0.3131053168,0,-0.6714734069,3.600705264,-3.661816184
19.15,-66.58573446,0.04298259824,0.6060552904,0.3130701886,0,-0.6733128438,3.601620978,-3.659620339
19.16,-66.5784277,0.04302142171,0.6061066384,0.3130353184,0,-0.67515386,3.602542443,-3.657428311
19.17,-66.57113367,0.04306021339,0.6061576447,0.3130007055,0,-0.6769964415,3.603469642,-3.655240101
19.18,-66.56385237,0.04309897312,0.6062083103,0.3129663491,0,-0.6788405741,3.604402559,-3.65305571
19.19,-66.5565838,0.04313770074,0.6062586358,0.3129322484,0,-0.6806862439,3.605341179,-3.650875139
19.2,-66.54932796,0.0431763961,0.6063086221,0.3128984027,0,-0.6825334367,3.606285487,-3.648698389
19.21,-66.54208487,0.04321505904,0.60635827,0.3128648113,0,-0.6843821383,3.607235466,-3.646525461
19.22,-66.53485452,0.0432536894,0.6064075803,0.3128314734,0,-0.6862323345,3.608191102,-3.644356357
19.23,-66.52763692,0.04329228701,0.6064565538,0.3127983883,0,-0.6880840109,3.609152377,-3.642191076
19.24,-66.52043207,0.04333085173,0.6065051913,0.3127655552,0,-0.6899371533,3.610119276,-3.640029621
19.25,-66.51323997,0.0433693834,0.6065534937,0.3127329734,0,-0.6917917473,3.611091784,-3.637871991
19.26,-66.50606063,0.04340788186,0.6066014618,0.3127006422,0,-0.6936477783,3.612069885,-3.635718189
19.27,-66.49889405,0.04344634694,0.6066490962,0.3126685609,0,-0.695505232,3.613053562,-3.633568215
19.28,-66.49174023,0.0434847785,0.606696398,0.3126367286,0,-0.6973640938,3.614042801,-3.63142207
19.29,-66.48459918,0.04352317638,0.6067433678,0.3126051447,0,-0.6992243491,3.615037583,-3.629279755
19.3,-66.4774709,0.04356154042,0.6067900065,0.3125738084,0,-0.7010859832,3.616037895,-3.627141271
19.31,-66.4703554,0.04359987047,0.6068363148,0.3125427191,0,-0.7029489815,3.61704372,-3.625006619
19.32,-66.46325267,0.04363816636,0.6068822936,0.3125118758,0,-0.7048133292,3.618055042,-3.6228758
19.33,-66.45616272,0.04367642794,0.6069279438,0.312481278,0,-0.7066790115,3.619071844,-3.620748815
19.34,-66.44908555,0.04371465505,0.606973266,0.3124509249,0,-0.7085460136,3.620094111,-3.618625665
19.35,-66.44202117,0.04375284755,0.6070182611,0.3124208158,0,-0.7104143206,3.621121826,-3.61650635
19.36,-66.43496957,0.04379100527,0.6070629299,0.3123909499,0,-0.7122839176,3.622154974,-3.614390872
19.37,-66.42793077,0.04382912805,0.6071072732,0.3123613265,0,-0.7141547895,3.623193538,-3.612279232
19.38,-66.42090477,0.04386721575,0.6071512918,0.3123319449,0,-0.7160269214,3.624237503,-3.61017143
19.39,-66.41389156,0.0439052682,0.6071949865,0.3123028044,0,-0.7179002981,3.62528685,-3.608067467
19.4,-66.40689115,0.04394328525,0.6072383581,0.3122739042,0,-0.7197749046,3.626341566,-3.605967344
19.41,-66.39990354,0.04398126675,0.6072814074,0.3122452436,0,-0.7216507256,3.627401632,-3.603871063
19.42,-66.39292875,0.04401921253,0.6073241352,0.3122168219,0,-0.7235277459,3.628467034,-3.601778624
19.43,-66.38596676,0.04405712245,0.6073665423,0.3121886383,0,-0.7254059503,3.629537754,-3.599690027
19.44,-66.37901758,0.04409499635,0.6074086295,0.3121606922,0,-0.7272853233,3.630613776,-3.597605275
19.45,-66.37208122,0.04413283408,0.6074503976,0.3121329829,0,-0.7291658498,3.631695084,-3.595524367
19.46,-66.36515768,0.04417063547,0.6074918474,0.3121055095,0,-0.7310475141,3.632781661,-3.593447304
19.47,-66.35824696,0.04420840038,0.6075329797,0.3120782714,0,-0.7329303009,3.633873491,-3.591374088
19.48,-66.35134906,0.04424612866,0.6075737952,0.3120512678,0,-0.7348141946,3.634970557,-3.589304719
19.49,-66.34446399,0.04428382014,0.6076142949,0.3120244981,0,-0.7366991797,3.636072843,-3.587239198
19.5,-66.33759175,0.04432147467,0.6076544795,0.3119979616,0,-0.7385852406,3.637180332,-3.585177526
19.51,-66.33073235,0.0443590921,0.6076943497,0.3119716574,0,-0.7404723617,3.638293007,-3.583119704
19.52,-66.32388577,0.04439667228,0.6077339064,0.3119455849,0,-0.7423605271,3.639410853,-3.581065732
19.53,-66.31705204,0.04443421504,0.6077731503,0.3119197435,0,-0.7442497212,3.640533852,-3.579015612
19.54,-66.31023114,0.04447172025,0.6078120824,0.3118941323,0,-0.7461399282,3.641661987,-3.576969343
19.55,-66.30342309,0.04450918774,0.6078507032,0.3118687506,0,-0.7480311323,3.642795242,-3.574926928
19.56,-66.29662789,0.04454661736,0.6078890137,0.3118435979,0,-0.7499233175,3.643933601,-3.572888367
19.57,-66.28984553,0.04458400896,0.6079270147,0.3118186732,0,-0.751816468,3.645077046,-3.57085366
19.58,-66.28307603,0.04462136238,0.6079647069,0.311793976,0,-0.7537105678,3.64622556,-3.568822809
19.59,-66.27631938,0.04465867748,0.6080020911,0.3117695055,0,-0.7556056007,3.647379127,-3.566795813
19.6,-66.26957558,0.0446959541,0.6080391681,0.311745261,0,-0.7575015509,3.64853773,-3.564772675
19.61,-66.26284465,0.04473319208,0.6080759387,0.3117212419,0,-0.7593984022,3.649701352,-3.562753395
19.62,-66.25612658,0.04477039128,0.6081124037,0.3116974473,0,-0.7612961383,3.650869977,-3.560737973
19.63,-66.24942137,0.04480755154,0.6081485639,0.3116738766,0,-0.7631947432,3.652043586,-3.55872641
19.64,-66.24272903,0.04484467271,0.60818442,0.3116505291,0,-0.7650942006,3.653222163,-3.556718708
19.65,-66.23604955,0.04488175463,0.6082199729,0.3116274041,0,-0.7669944942,3.654405692,-3.554714866
19.66,-66.22938295,0.04491879717,0.6082552234,0.3116045009,0,-0.7688956077,3.655594154,-3.552714886
19.67,-66.22272923,0.04495580015,0.6082901721,0.3115818188,0,-0.7707975246,3.656787534,-3.550718768
19.68,-66.21608838,0.04499276344,0.60832482,0.3115593571,0,-0.7727002287,3.657985813,-3.548726513
19.69,-66.20946041,0.04502968688,0.6083591678,0.3115371151,0,-0.7746037034,3.659188976,-3.546738123
19.7,-66.20284532,0.04506657032,0.6083932163,0.311515092,0,-0.7765079322,3.660397003,-3.544753597
19.71,-66.19624312,0.04510341361,0.6084269663,0.3114932873,0,-0.7784128986,3.66160988,-3.542772936
19.72,-66.1896538,0.04514021659,0.6084604185,0.3114717001,0,-0.780318586,3.662827587,-3.540796141
19.73,-66.18307738,0.04517697912,0.6084935737,0.3114503298,0,-0.7822249777,3.664050109,-3.538823213
19.74,-66.17651384,0.04521370105,0.6085264328,0.3114291758,0,-0.7841320572,3.665277427,-3.536854153
19.75,-66.1699632,0.04525038222,0.6085589965,0.3114082372,0,-0.7860398077,3.666509524,-3.534888961
19.76,-66.16342546,0.04528702248,0.6085912656,0.3113875135,0,-0.7879482124,3.667746383,-3.532927638
19.77,-66.15690061,0.04532362169,0.6086232408,0.3113670038,0,-0.7898572545,3.668987987,-3.530970184
19.78,-66.15038867,0.04536017969,0.6086549231,0.3113467077,0,-0.7917669173,3.670234319,-3.529016601
19.79,-66.14388963,0.04539669633,0.608686313,0.3113266242,0,-0.7936771837,3.67148536,-3.527066889
19.8,-66.1374035,0.04543317147,0.6087174115,0.3113067528,0,-0.795588037,3.672741093,-3.525121049
19.81,-66.13093027,0.04546960495,0.6087482192,0.3112870928,0,-0.7974994601,3.674001501,-3.523179082
19.82,-66.12446996,0.04550599662,0.6087787371,0.3112676434,0,-0.7994114361,3.675266567,-3.521240987
19.83,-66.11802256,0.04554234634,0.6088089658,0.311248404,0,-0.8013239479,3.676536272,-3.519306767
19.84,-66.11158807,0.04557865395,0.6088389061,0.311229374,0,-0.8032369785,3.677810599,-3.517376421
19.85,-66.1051665,0.04561491931,0.6088685589,0.3112105525,0,-0.8051505107,3.679089531,-3.51544995
19.86,-66.09875785,0.04565114226,0.6088979248,0.311191939,0,-0.8070645273,3.68037305,-3.513527355
19.87,-66.09236212,0.04568732266,0.6089270047,0.3111735327,0,-0.8089790112,3.681661139,-3.511608637
19.88,-66.08597932,0.04572346035,0.6089557994,0.311155333,0,-0.8108939451,3.682953778,-3.509693796
19.89,-66.07960945,0.0457595552,0.6089843096,0.3111373391,0,-0.8128093118,3.684250952,-3.507782834
19.9,-66.0732525,0.04579560704,0.609012536,0.3111195505,0,-0.8147250939,3.685552641,-3.50587575
19.91,-66.06690848,0.04583161574,0.6090404796,0.3111019663,0,-0.8166412741,3.686858829,-3.503972545
19.92,-66.0605774,0.04586758114,0.609068141,0.3110845861,0,-0.818557835,3.688169497,-3.50207322
19.93,-66.05425925,0.0459035031,0.609095521,0.3110674089,0,-0.8204747592,3.689484628,-3.500177776
19.94,-66.04795404,0.04593938146,0.6091226204,0.3110504343,0,-0.8223920292,3.690804204,-3.498286213
19.95,-66.04166177,0.04597521609,0.60914944,0.3110336615,0,-0.8243096275,3.692128206,-3.496398532
19.96,-66.03538244,0.04601100682,0.6091759806,0.3110170898,0,-0.8262275365,3.693456617,-3.494514733
19.97,-66.02911606,0.04604675352,0.6092022428,0.3110007185,0,-0.8281457388,3.694789419,-3.492634818
19.98,-66.02286262,0.04608245603,0.6092282275,0.3109845471,0,-0.8300642166,3.696126594,-3.490758787
19.99,-66.01662213,0.04611811421,0.6092539355,0.3109685747,0,-0.8319829524,3.697468124,-3.48888664
20,-66.01039459,0.04615372792,0.6092793676,0.3109528008,0,-0.8339019284,3.69881399,-3.487018378
20.01,-66.00418001,0.046189297,0.6093045244,0.3109372247,0,-0.835821127,3.700164175,-3.485154002
20.02,-65.99797837,0.04622482131,0.6093294068,0.3109218456,0,-0.8377405303,3.701518661,-3.483293512
20.03,-65.9917897,0.04626030069,0.6093540155,0.310906663,0,-0.8396601207,3.702877429,-3.48143691
20.04,-65.98561398,0.04629573502,0.6093783514,0.3108916762,0,-0.8415798801,3.704240461,-3.479584195
20.05,-65.97945123,0.04633112413,0.6094024151,0.3108768844,0,-0.8434997909,3.705607739,-3.477735368
20.06,-65.97330144,0.04636646788,0.6094262074,0.310862287,0,-0.845419835,3.706979245,-3.475890431
20.07,-65.96716461,0.04640176612,0.6094497292,0.3108478834,0,-0.8473399947,3.70835496,-3.474049382
20.08,-65.96104075,0.04643701872,0.6094729812,0.3108336729,0,-0.8492602518,3.709734866,-3.472212224
20.09,-65.95492986,0.04647222552,0.6094959641,0.3108196548,0,-0.8511805884,3.711118945,-3.470378957
20.1,-65.94883194,0.04650738638,0.6095186787,0.3108058285,0,-0.8531009865,3.712507179,-3.468549581
20.11,-65.94274699,0.04654250114,0.6095411258,0.3107921932,0,-0.8550214281,3.713899549,-3.466724097
20.12,-65.93667502,0.04657756968,0.6095633062,0.3107787484,0,-0.8569418949,3.715296036,-3.464902505
20.13,-65.93061602,0.04661259183,0.6095852205,0.3107654934,0,-0.8588623689,3.716696622,-3.463084807
20.14,-65.92457001,0.04664756746,0.6096068697,0.3107524275,0,-0.8607828319,3.718101289,-3.461271002
20.15,-65.91853697,0.04668249643,0.6096282543,0.3107395501,0,-0.8627032658,3.719510019,-3.459461092
20.16,-65.91251692,0.04671737857,0.6096493753,0.3107268604,0,-0.8646236522,3.720922791,-3.457655076
20.17,-65.90650985,0.04675221376,0.6096702333,0.3107143579,0,-0.866543973,3.722339589,-3.455852956
20.18,-65.90051578,0.04678700185,0.6096908292,0.3107020419,0,-0.8684642099,3.723760394,-3.454054733
20.19,-65.89453468,0.04682174268,0.6097111637,0.3106899116,0,-0.8703843444,3.725185186,-3.452260405
20.2,-65.88856658,0.04685643613,0.6097312375,0.3106779666,0,-0.8723043584,3.726613947,-3.450469975
20.21,-65.88261148,0.04689108204,0.6097510514,0.3106662061,0,-0.8742242333,3.728046658,-3.448683443
20.22,-65.87666936,0.04692568027,0.6097706061,0.3106546294,0,-0.8761439508,3.729483302,-3.446900809
20.23,-65.87074025,0.04696023067,0.6097899026,0.310643236,0,-0.8780634925,3.730923858,-3.445122075
20.24,-65.86482413,0.04699473311,0.6098089414,0.3106320251,0,-0.8799828398,3.732368308,-3.443347239
20.25,-65.85892101,0.04702918743,0.6098277233,0.3106209961,0,-0.8819019743,3.733816634,-3.441576304
20.26,-65.8530309,0.0470635935,0.6098462492,0.3106101484,0,-0.8838208774,3.735268816,-3.43980927
20.27,-65.84715379,0.04709795117,0.6098645197,0.3105994812,0,-0.8857395305,3.736724836,-3.438046136
20.28,-65.84128968,0.04713226031,0.6098825357,0.3105889941,0,-0.8876579152,3.738184675,-3.436286905
20.29,-65.83543859,0.04716652075,0.6099002978,0.3105786862,0,-0.8895760127,3.739648313,-3.434531576
20.3,-65.8296005,0.04720073237,0.6099178069,0.310568557,0,-0.8914938045,3.741115732,-3.432780149
20.31,-65.82377542,0.04723489503,0.6099350637,0.3105586059,0,-0.8934112718,3.742586913,-3.431032627
20.32,-65.81796336,0.04726900857,0.6099520689,0.3105488321,0,-0.895328396,3.744061837,-3.429289008
20.33,-65.81216431,0.04730307286,0.6099688234,0.310539235,0,-0.8972451583,3.745540485,-3.427549293
20.34,-65.80637828,0.04733708775,0.6099853278,0.3105298141,0,-0.8991615399,3.747022837,-3.425813484
20.35,-65.80060527,0.0473710531,0.6100015829,0.3105205685,0,-0.9010775222,3.748508875,-3.42408158
20.36,-65.79484528,0.04740496877,0.6100175895,0.3105114978,0,-0.9029930862,3.749998579,-3.422353583
20.37,-65.78909831,0.04743883463,0.6100333483,0.3105026013,0,-0.9049082132,3.751491931,-3.420629492
20.38,-65.78336436,0.04747265052,0.6100488601,0.3104938782,0,-0.9068228843,3.75298891,-3.418909308
20.39,-65.77764344,0.0475064163,0.6100641256,0.3104853281,0,-0.9087370806,3.754489498,-3.417193032
20.4,-65.77193555,0.04754013185,0.6100791456,0.3104769502,0,-0.9106507833,3.755993676,-3.415480665
20.41,-65.76624069,0.047573797,0.6100939209,0.3104687439,0,-0.9125639733,3.757501424,-3.413772206
20.42,-65.76055886,0.04760741163,0.6101084521,0.3104607086,0,-0.9144766317,3.759012724,-3.412067657
20.43,-65.75489006,0.04764097559,0.61012274,0.3104528436,0,-0.9163887396,3.760527554,-3.410367017
20.44,-65.74923429,0.04767448875,0.6101367855,0.3104451483,0,-0.9183002779,3.762045897,-3.408670287
20.45,-65.74359156,0.04770795095,0.6101505891,0.3104376221,0,-0.9202112276,3.763567733,-3.406977469
20.46,-65.73796187,0.04774136207,0.6101641518,0.3104302643,0,-0.9221215697,3.765093042,-3.405288562
20.47,-65.73234522,0.04777472196,0.6101774742,0.3104230744,0,-0.924031285,3.766621806,-3.403603567
20.48,-65.72674161,0.04780803048,0.6101905571,0.3104160516,0,-0.9259403546,3.768154003,-3.401922484
20.49,-65.72115105,0.0478412875,0.6102034012,0.3104091953,0,-0.9278487592,3.769689616,-3.400245314
20.5,-65.71557352,0.04787449287,0.6102160073,0.310402505,0,-0.9297564798,3.771228624,-3.398572057
20.51,-65.71000905,0.04790764645,0.6102283761,0.3103959799,0,-0.9316634972,3.772771007,-3.396902714
20.52,-65.70445762,0.04794074811,0.6102405084,0.3103896195,0,-0.9335697921,3.774316747,-3.395237286
20.53,-65.69891924,0.0479737977,0.6102524049,0.3103834231,0,-0.9354753455,3.775865824,-3.393575773
20.54,-65.69339392,0.04800679509,0.6102640663,0.3103773901,0,-0.937380138,3.777418217,-3.391918175
20.55,-65.68788164,0.04803974014,0.6102754935,0.3103715199,0,-0.9392841505,3.778973908,-3.390264492
20.56,-65.68238242,0.04807263272,0.6102866871,0.3103658119,0,-0.9411873636,3.780532876,-3.388614726
20.57,-65.67689626,0.04810547267,0.6102976479,0.3103602653,0,-0.9430897582,3.782095102,-3.386968877
20.58,-65.67142315,0.04813825987,0.6103083767,0.3103548797,0,-0.9449913148,3.783660566,-3.385326945
20.59,-65.6659631,0.04817099417,0.6103188741,0.3103496544,0,-0.9468920142,3.785229247,-3.383688931
20.6,-65.66051612,0.04820367545,0.610329141,0.3103445887,0,-0.948791837,3.786801128,-3.382054835
20.61,-65.65508219,0.04823630355,0.610339178,0.3103396821,0,-0.9506907639,3.788376187,-3.380424658
20.62,-65.64966133,0.04826887835,0.610348986,0.3103349338,0,-0.9525887755,3.789954404,-3.3787984
20.63,-65.64425354,0.04830139971,0.6103585656,0.3103303434,0,-0.9544858524,3.79153576,-3.377176062
20.64,-65.63885881,0.04833386749,0.6103679176,0.3103259102,0,-0.9563819752,3.793120235,-3.375557643
20.65,-65.63347715,0.04836628155,0.6103770427,0.3103216335,0,-0.9582771246,3.794707808,-3.373943145
20.66,-65.62810856,0.04839864176,0.6103859417,0.3103175128,0,-0.9601712809,3.796298461,-3.372332569
20.67,-65.62275304,0.04843094798,0.6103946153,0.3103135474,0,-0.9620644249,3.797892172,-3.370725913
20.68,-65.6174106,0.04846320008,0.6104030643,0.3103097368,0,-0.963956537,3.799488921,-3.36912318
20.69,-65.61208123,0.04849539791,0.6104112893,0.3103060802,0,-0.9658475977,3.801088689,-3.367524369
20.7,-65.60676493,0.04852754135,0.6104192912,0.3103025772,0,-0.9677375875,3.802691456,-3.36592948
20.71,-65.60146172,0.04855963026,0.6104270707,0.310299227,0,-0.969626487,3.804297201,-3.364338515
20.72,-65.59617158,0.0485916645,0.6104346284,0.3102960291,0,-0.9715142766,3.805905904,-3.362751474
20.73,-65.59089452,0.04862364393,0.6104419652,0.3102929829,0,-0.9734009367,3.807517546,-3.361168356
20.74,-65.58563054,0.04865556843,0.6104490818,0.3102900877,0,-0.9752864478,3.809132105,-3.359589163
20.75,-65.58037965,0.04868743786,0.6104559789,0.3102873429,0,-0.9771707903,3.810749561,-3.358013895
20.76,-65.57514184,0.04871925208,0.6104626572,0.310284748,0,-0.9790539447,3.812369895,-3.356442553
20.77,-65.56991712,0.04875101096,0.6104691175,0.3102823023,0,-0.9809358913,3.813993085,-3.354875136
20.78,-65.56470548,0.04878271437,0.6104753605,0.3102800052,0,-0.9828166106,3.815619113,-3.353311645
20.79,-65.55950694,0.04881436216,0.610481387,0.3102778562,0,-0.9846960828,3.817247956,-3.351752081
20.8,-65.55432148,0.04884595422,0.6104871977,0.3102758545,0,-0.9865742885,3.818879596,-3.350196444
20.81,-65.54914911,0.0488774904,0.6104927933,0.3102739997,0,-0.988451208,3.820514011,-3.348644734
20.82,-65.54398984,0.04890897056,0.6104981745,0.3102722911,0,-0.9903268215,3.82215118,-3.347096952
20.83,-65.53884366,0.04894039459,0.6105033421,0.310270728,0,-0.9922011095,3.823791085,-3.345553099
20.84,-65.53371058,0.04897176234,0.6105082968,0.31026931,0,-0.9940740523,3.825433704,-3.344013174
20.85,-65.52859059,0.04900307369,0.6105130394,0.3102680364,0,-0.9959456302,3.827079016,-3.342477178
20.86,-65.5234837,0.04903432849,0.6105175706,0.3102669065,0,-0.9978158235,3.828727001,-3.340945111
20.87,-65.51838991,0.04906552662,0.610521891,0.3102659199,0,-0.9996846126,3.830377639,-3.339416974
20.88,-65.51330923,0.04909666795,0.6105260015,0.3102650759,0,-1.001551978,3.832030908,-3.337892768
20.89,-65.50824164,0.04912775234,0.6105299027,0.3102643738,0,-1.003417899,3.833686789,-3.336372492
20.9,-65.50318715,0.04915877966,0.6105335955,0.3102638132,0,-1.005282357,3.835345261,-3.334856146
20.91,-65.49814577,0.04918974979,0.6105370805,0.3102633934,0,-1.007145332,3.837006302,-3.333343732
20.92,-65.4931175,0.04922066259,0.6105403584,0.3102631138,0,-1.009006804,3.838669893,-3.33183525
20.93,-65.48810233,0.04925151792,0.61054343,0.3102629739,0,-1.010866753,3.840336012,-3.330330699
20.94,-65.48310027,0.04928231567,0.610546296,0.310262973,0,-1.01272516,3.84200464,-3.328830081
20.95,-65.47811132,0.04931305569,0.6105489571,0.3102631105,0,-1.014582005,3.843675754,-3.327333396
20.96,-65.47313548,0.04934373786,0.6105514141,0.3102633858,0,-1.016437269,3.845349334,-3.325840643
20.97,-65.46817275,0.04937436205,0.6105536676,0.3102637985,0,-1.01829093,3.84702536,-3.324351824
20.98,-65.46322313,0.04940492812,0.6105557185,0.3102643478,0,-1.02014297,3.848703811,-3.322866939
20.99,-65.45828663,0.04943543596,0.6105575674,0.3102650331,0,-1.021993369,3.850384665,-3.321385988
21,-65.45336324,0.04946588543,0.610559215,0.310265854,0,-1.023842108,3.852067902,-3.319908971
21.01,-65.44845296,0.0494962764,0.6105606622,0.3102668098,0,-1.025689165,3.853753502,-3.318435889
21.02,-65.44355581,0.04952660874,0.6105619095,0.3102678998,0,-1.027534523,3.855441442,-3.316966742
21.03,-65.43867177,0.04955688232,0.6105629577,0.3102691236,0,-1.02937816,3.857131702,-3.31550153
21.04,-65.43380085,0.04958709702,0.6105638076,0.3102704806,0,-1.031220057,3.858824261,-3.314040254
21.05,-65.42894305,0.04961725271,0.6105644599,0.3102719701,0,-1.033060194,3.860519098,-3.312582914
21.06,-65.42409837,0.04964734926,0.6105649153,0.3102735916,0,-1.034898552,3.862216193,-3.31112951
21.07,-65.41926681,0.04967738654,0.6105651744,0.3102753445,0,-1.03673511,3.863915523,-3.309680043
21.08,-65.41444837,0.04970736442,0.6105652381,0.3102772282,0,-1.03856985,3.865617068,-3.308234512
21.09,-65.40964306,0.04973728278,0.610565107,0.3102792422,0,-1.040402751,3.867320807,-3.306792919
21.1,-65.40485088,0.0497671415,0.610564782,0.3102813858,0,-1.042233793,3.869026719,-3.305355263
21.11,-65.40007182,0.04979694044,0.6105642635,0.3102836585,0,-1.044062956,3.870734782,-3.303921545
21.12,-65.39530588,0.04982667948,0.6105635525,0.3102860596,0,-1.045890222,3.872444975,-3.302491765
21.13,-65.39055308,0.04985635849,0.6105626497,0.3102885887,0,-1.047715569,3.874157278,-3.301065923
21.14,-65.3858134,0.04988597735,0.6105615556,0.3102912452,0,-1.049538979,3.875871668,-3.29964402
21.15,-65.38108685,0.04991553593,0.6105602711,0.3102940284,0,-1.051360432,3.877588126,-3.298226055
21.16,-65.37637343,0.04994503411,0.6105587969,0.3102969378,0,-1.053179907,3.879306628,-3.29681203
21.17,-65.37167315,0.04997447175,0.6105571337,0.3102999728,0,-1.054997386,3.881027155,-3.295401944
21.18,-65.36698599,0.05000384875,0.6105552822,0.3103031329,0,-1.056812847,3.882749685,-3.293995797
21.19,-65.36231197,0.05003316497,0.6105532431,0.3103064174,0,-1.058626272,3.884474196,-3.29259359
21.2,-65.35765108,0.05006242029,0.6105510171,0.3103098258,0,-1.060437642,3.886200667,-3.291195323
21.21,-65.35300332,0.05009161458,0.610548605,0.3103133576,0,-1.062246935,3.887929077,-3.289800996
21.22,-65.3483687,0.05012074772,0.6105460075,0.3103170121,0,-1.064054132,3.889659404,-3.28841061
21.23,-65.34374721,0.05014981959,0.6105432252,0.3103207888,0,-1.065859214,3.891391628,-3.287024164
21.24,-65.33913887,0.05017883007,0.6105402589,0.3103246871,0,-1.067662162,3.893125726,-3.28564166
21.25,-65.33454365,0.05020777903,0.6105371093,0.3103287065,0,-1.069462954,3.894861677,-3.284263096
21.26,-65.32996158,0.05023666635,0.6105337771,0.3103328464,0,-1.071261572,3.89659946,-3.282888473
21.27,-65.32539264,0.0502654919,0.610530263,0.3103371062,0,-1.073057996,3.898339053,-3.281517792
21.28,-65.32083684,0.05029425558,0.6105265678,0.3103414853,0,-1.074852206,3.900080435,-3.280151053
21.29,-65.31629418,0.05032295724,0.6105226921,0.3103459833,0,-1.076644182,3.901823583,-3.278788255
21.3,-65.31176467,0.05035159678,0.6105186366,0.3103505995,0,-1.078433905,3.903568477,-3.2774294
21.31,-65.30724829,0.05038017408,0.6105144021,0.3103553333,0,-1.080221356,3.905315096,-3.276074487
21.32,-65.30274505,0.050408689,0.6105099893,0.3103601842,0,-1.082006514,3.907063416,-3.274723515
21.33,-65.29825496,0.05043714144,0.6105053989,0.3103651517,0,-1.08378936,3.908813418,-3.273376487
21.34,-65.293778,0.05046553127,0.6105006315,0.3103702352,0,-1.085569875,3.910565078,-3.272033401
21.35,-65.28931419,0.05049385837,0.6104956879,0.310375434,0,-1.087348038,3.912318376,-3.270694258
21.36,-65.28486352,0.05052212262,0.6104905688,0.3103807478,0,-1.08912383,3.91407329,-3.269359057
21.37,-65.280426,0.0505503239,0.610485275,0.3103861758,0,-1.090897232,3.915829798,-3.2680278
21.38,-65.27600162,0.0505784621,0.610479807,0.3103917176,0,-1.092668224,3.917587878,-3.266700486
21.39,-65.27159038,0.0506065371,0.6104741656,0.3103973726,0,-1.094436787,3.919347509,-3.265377115
21.4,-65.26719229,0.05063454877,0.6104683516,0.3104031402,0,-1.0962029,3.921108669,-3.264057688
21.41,-65.26280735,0.050662497,0.6104623656,0.3104090199,0,-1.097966545,3.922871336,-3.262742204
21.42,-65.25843554,0.05069038168,0.6104562083,0.3104150112,0,-1.099727702,3.924635489,-3.261430663
21.43,-65.25407689,0.05071820268,0.6104498804,0.3104211134,0,-1.101486352,3.926401105,-3.260123067
21.44,-65.24973138,0.05074595988,0.6104433826,0.310427326,0,-1.103242474,3.928168164,-3.258819414
21.45,-65.24539901,0.05077365318,0.6104367157,0.3104336485,0,-1.10499605,3.929936642,-3.257519704
21.46,-65.2410798,0.05080128246,0.6104298803,0.3104400803,0,-1.10674706,3.931706518,-3.256223939
21.47,-65.23677372,0.05082884759,0.6104228772,0.3104466209,0,-1.108495485,3.933477771,-3.254932117
21.48,-65.2324808,0.05085634847,0.610415707,0.3104532697,0,-1.110241305,3.935250378,-3.25364424
21.49,-65.22820102,0.05088378498,0.6104083704,0.3104600262,0,-1.111984501,3.937024317,-3.252360306
21.5,-65.22393439,0.050911157,0.6104008682,0.3104668898,0,-1.113725054,3.938799567,-3.251080317
21.51,-65.21968091,0.05093846442,0.6103932009,0.31047386,0,-1.115462944,3.940576106,-3.249804272
21.52,-65.21544057,0.05096570712,0.6103853694,0.3104809362,0,-1.117198152,3.942353911,-3.24853217
21.53,-65.21121338,0.05099288499,0.6103773744,0.3104881179,0,-1.118930659,3.944132962,-3.247264013
21.54,-65.20699933,0.05101999793,0.6103692164,0.3104954046,0,-1.120660445,3.945913235,-3.2459998
21.55,-65.20279844,0.0510470458,0.6103608963,0.3105027957,0,-1.122387491,3.947694709,-3.244739531
21.56,-65.19861069,0.05107402851,0.6103524147,0.3105102906,0,-1.124111778,3.949477362,-3.243483206
21.57,-65.19443608,0.05110094594,0.6103437723,0.3105178888,0,-1.125833287,3.951261171,-3.242230825
21.58,-65.19027463,0.05112779797,0.6103349699,0.3105255898,0,-1.127551999,3.953046116,-3.240982388
21.59,-65.18612632,0.0511545845,0.610326008,0.3105333931,0,-1.129267894,3.954832173,-3.239737896
21.6,-65.18199116,0.05118130541,0.6103168874,0.310541298,0,-1.130980953,3.956619321,-3.238497347
21.61,-65.17786914,0.0512079606,0.6103076088,0.3105493042,0,-1.132691157,3.958407538,-3.237260742
21.62,-65.17376027,0.05123454994,0.6102981729,0.3105574109,0,-1.134398488,3.960196801,-3.236028081
21.63,-65.16966454,0.05126107334,0.6102885804,0.3105656177,0,-1.136102925,3.961987088,-3.234799363
21.64,-65.16558196,0.05128753068,0.6102788319,0.3105739241,0,-1.137804451,3.963778378,-3.233574589
21.65,-65.16151253,0.05131392186,0.6102689282,0.3105823295,0,-1.139503045,3.965570648,-3.232353759
21.66,-65.15745624,0.05134024675,0.61025887,0.3105908333,0,-1.14119869,3.967363876,-3.231136872
21.67,-65.1534131,0.05136650526,0.6102486579,0.3105994351,0,-1.142891366,3.969158041,-3.229923929
21.68,-65.1493831,0.05139269728,0.6102382926,0.3106081343,0,-1.144581054,3.970953118,-3.228714929
21.69,-65.14536624,0.05141882269,0.6102277748,0.3106169304,0,-1.146267735,3.972749088,-3.227509872
21.7,-65.14136253,0.05144488139,0.6102171052,0.3106258229,0,-1.147951391,3.974545927,-3.226308758
21.71,-65.13737195,0.05147087328,0.6102062846,0.3106348112,0,-1.149632002,3.976343613,-3.225111586
21.72,-65.13339453,0.05149679824,0.6101953135,0.3106438947,0,-1.151309551,3.978142125,-3.223918358
21.73,-65.12943024,0.05152265617,0.6101841927,0.3106530731,0,-1.152984017,3.979941439,-3.222729072
21.74,-65.12547909,0.05154844696,0.6101729228,0.3106623456,0,-1.154655383,3.981741534,-3.221543728
21.75,-65.12154109,0.05157417052,0.6101615046,0.3106717119,0,-1.156323629,3.983542387,-3.220362326
21.76,-65.11761622,0.05159982672,0.6101499388,0.3106811713,0,-1.157988738,3.985343976,-3.219184866
21.77,-65.11370449,0.05162541547,0.6101382259,0.3106907234,0,-1.15965069,3.987146279,-3.218011348
21.78,-65.10980591,0.05165093667,0.6101263667,0.3107003677,0,-1.161309466,3.988949274,-3.216841772
21.79,-65.10592045,0.0516763902,0.6101143619,0.3107101035,0,-1.162965049,3.990752939,-3.215676136
21.8,-65.10204814,0.05170177597,0.6101022122,0.3107199305,0,-1.16461742,3.99255725,-3.214514442
21.81,-65.09818896,0.05172709388,0.6100899182,0.310729848,0,-1.16626656,3.994362186,-3.213356689
21.82,-65.09434292,0.05175234381,0.6100774807,0.3107398555,0,-1.167912451,3.996167725,-3.212202876
21.83,-65.09051001,0.05177752567,0.6100649002,0.3107499526,0,-1.169555074,3.997973844,-3.211053003
21.84,-65.08669023,0.05180263935,0.6100521776,0.3107601386,0,-1.171194411,3.999780521,-3.20990707
21.85,-65.08288359,0.05182768476,0.6100393134,0.3107704132,0,-1.172830443,4.001587734,-3.208765077
21.86,-65.07909008,0.05185266179,0.6100263084,0.3107807757,0,-1.174463153,4.00339546,-3.207627023
21.87,-65.0753097,0.05187757034,0.6100131632,0.3107912256,0,-1.176092522,4.005203676,-3.206492909
21.88,-65.07154244,0.05190241031,0.6099998785,0.3108017625,0,-1.177718532,4.007012362,-3.205362733
21.89,-65.06778832,0.05192718161,0.609986455,0.3108123858,0,-1.179341165,4.008821494,-3.204236495
21.9,-65.06404732,0.05195188413,0.6099728934,0.310823095,0,-1.180960402,4.010631049,-3.203114196
21.91,-65.06031945,0.05197651777,0.6099591943,0.3108338896,0,-1.182576225,4.012441007,-3.201995834
21.92,-65.0566047,0.05200108243,0.6099453584,0.3108447691,0,-1.184188617,4.014251343,-3.200881409
21.93,-65.05290307,0.05202557803,0.6099313865,0.3108557329,0,-1.18579756,4.016062037,-3.199770921
21.94,-65.04921457,0.05205000445,0.6099172791,0.3108667806,0,-1.187403034,4.017873064,-3.19866437
21.95,-65.04553918,0.05207436161,0.6099030369,0.3108779116,0,-1.189005023,4.019684405,-3.197561755
21.96,-65.04187692,0.0520986494,0.6098886606,0.3108891255,0,-1.190603509,4.021496034,-3.196463076
21.97,-65.03822777,0.05212286773,0.609874151,0.3109004217,0,-1.192198473,4.023307932,-3.195368332
21.98,-65.03459174,0.05214701651,0.6098595086,0.3109117996,0,-1.193789898,4.025120074,-3.194277523
21.99,-65.03096883,0.05217109563,0.6098447341,0.3109232589,0,-1.195377766,4.026932439,-3.193190648
22,-65.02735902,0.05219510501,0.6098298283,0.310934799,0,-1.19696206,4.028745004,-3.192107707
22.01,-65.02376233,0.05221904455,0.6098147917,0.3109464194,0,-1.198542761,4.030557747,-3.191028699
22.02,-65.02017875,0.05224291415,0.6097996251,0.3109581196,0,-1.200119852,4.032370646,-3.189953624
22.03,-65.01660827,0.05226671373,0.6097843291,0.3109698991,0,-1.201693316,4.034183677,-3.188882482
22.04,-65.0130509,0.05229044318,0.6097689044,0.3109817573,0,-1.203263136,4.03599682,-3.187815271
22.05,-65.00950664,0.05231410242,0.6097533516,0.3109936939,0,-1.204829292,4.03781005,-3.186751992
22.06,-65.00597548,0.05233769136,0.6097376715,0.3110057082,0,-1.206391769,4.039623347,-3.185692644
22.07,-65.00245742,0.0523612099,0.6097218647,0.3110177997,0,-1.207950549,4.041436687,-3.184637225
22.08,-64.99895246,0.05238465796,0.6097059318,0.3110299681,0,-1.209505614,4.043250048,-3.183585737
22.09,-64.99546059,0.05240803544,0.6096898735,0.3110422128,0,-1.211056947,4.045063408,-3.182538177
22.1,-64.99198182,0.05243134225,0.6096736906,0.3110545332,0,-1.212604531,4.046876744,-3.181494546
22.11,-64.98851614,0.0524545783,0.6096573835,0.3110669289,0,-1.214148349,4.048690034,-3.180454843
22.12,-64.98506356,0.05247774351,0.6096409532,0.3110793994,0,-1.215688383,4.050503256,-3.179419067
22.13,-64.98162406,0.05250083779,0.6096244001,0.3110919442,0,-1.217224617,4.052316387,-3.178387218
22.14,-64.97819765,0.05252386104,0.6096077249,0.3111045627,0,-1.218757034,4.054129404,-3.177359294
22.15,-64.97478432,0.05254681318,0.6095909283,0.3111172546,0,-1.220285616,4.055942286,-3.176335296
22.16,-64.97138407,0.05256969413,0.6095740111,0.3111300193,0,-1.221810347,4.05775501,-3.175315222
22.17,-64.96799691,0.05259250379,0.6095569737,0.3111428563,0,-1.22333121,4.059567554,-3.174299072
22.18,-64.96462282,0.05261524209,0.609539817,0.3111557652,0,-1.224848188,4.061379895,-3.173286846
22.19,-64.9612618,0.05263790893,0.6095225415,0.3111687453,0,-1.226361265,4.06319201,-3.172278541
22.2,-64.95791386,0.05266050424,0.6095051479,0.3111817964,0,-1.227870422,4.065003878,-3.171274159
22.21,-64.95457899,0.05268302792,0.6094876369,0.3111949177,0,-1.229375645,4.066815477,-3.170273697
22.22,-64.95125718,0.0527054799,0.6094700091,0.311208109,0,-1.230876917,4.068626783,-3.169277155
22.23,-64.94794844,0.05272786009,0.6094522652,0.3112213696,0,-1.23237422,4.070437774,-3.168284533
22.24,-64.94465276,0.0527501684,0.6094344058,0.3112346991,0,-1.233867539,4.072248429,-3.167295829
22.25,-64.94137014,0.05277240476,0.6094164317,0.311248097,0,-1.235356857,4.074058724,-3.166311043
22.26,-64.93810058,0.05279456909,0.6093983434,0.3112615629,0,-1.236842158,4.075868637,-3.165330174
22.27,-64.93484407,0.0528166613,0.6093801416,0.3112750962,0,-1.238323425,4.077678147,-3.164353221
22.28,-64.93160061,0.05283868131,0.6093618269,0.3112886964,0,-1.239800643,4.07948723,-3.163380182
22.29,-64.9283702,0.05286062905,0.6093434001,0.3113023631,0,-1.241273794,4.081295865,-3.162411059
22.3,-64.92515283,0.05288250443,0.6093248618,0.3113160958,0,-1.242742864,4.083104029,-3.161445848
22.31,-64.9219485,0.05290430738,0.6093062126,0.311329894,0,-1.244207836,4.0849117,-3.16048455
22.32,-64.91875721,0.05292603781,0.6092874531,0.3113437573,0,-1.245668694,4.086718855,-3.159527164
22.33,-64.91557896,0.05294769566,0.6092685841,0.3113576851,0,-1.247125422,4.088525472,-3.158573688
22.34,-64.91241374,0.05296928083,0.6092496062,0.311371677,0,-1.248578004,4.090331529,-3.157624122
22.35,-64.90926155,0.05299079326,0.6092305199,0.3113857324,0,-1.250026425,4.092137004,-3.156678464
22.36,-64.90612238,0.05301223288,0.6092113261,0.311399851,0,-1.251470669,4.093941875,-3.155736714
22.37,-64.90299624,0.0530335996,0.6091920252,0.3114140323,0,-1.25291072,4.095746118,-3.154798871
22.38,-64.89988311,0.05305489335,0.6091726181,0.3114282757,0,-1.254346563,4.097549713,-3.153864933
22.39,-64.896783,0.05307611405,0.6091531052,0.3114425808,0,-1.255778182,4.099352636,-3.1529349
22.4,-64.8936959,0.05309726164,0.6091334874,0.3114569471,0,-1.257205562,4.101154865,-3.15200877
22.41,-64.89062181,0.05311833604,0.6091137651,0.3114713742,0,-1.258628687,4.102956379,-3.151086542
22.42,-64.88756072,0.05313933718,0.609093939,0.3114858616,0,-1.260047543,4.104757155,-3.150168216
22.43,-64.88451263,0.05316026498,0.6090740099,0.3115004088,0,-1.261462113,4.106557171,-3.14925379
22.44,-64.88147755,0.05318111938,0.6090539783,0.3115150153,0,-1.262872383,4.108356405,-3.148343264
22.45,-64.87845545,0.0532019003,0.6090338449,0.3115296807,0,-1.264278337,4.110154834,-3.147436635
22.46,-64.87544634,0.05322260768,0.6090136103,0.3115444045,0,-1.265679961,4.111952436,-3.146533902
22.47,-64.87245022,0.05324324144,0.6089932752,0.3115591862,0,-1.26707724,4.11374919,-3.145635066
22.48,-64.86946708,0.05326380152,0.6089728402,0.3115740254,0,-1.268470158,4.115545074,-3.144740123
22.49,-64.86649691,0.05328428785,0.6089523059,0.3115889216,0,-1.269858701,4.117340064,-3.143849074
22.5,-64.86353972,0.05330470036,0.608931673,0.3116038743,0,-1.271242855,4.119134139,-3.142961917
22.51,-64.8605955,0.05332503898,0.6089109422,0.3116188832,0,-1.272622604,4.120927278,-3.14207865
22.52,-64.85766424,0.05334530366,0.6088901139,0.3116339476,0,-1.273997934,4.122719457,-3.141199272
22.53,-64.85474594,0.05336549432,0.608869189,0.3116490672,0,-1.275368831,4.124510655,-3.140323783
22.54,-64.8518406,0.05338561089,0.6088481681,0.3116642415,0,-1.27673528,4.12630085,-3.13945218
22.55,-64.84894821,0.05340565332,0.6088270517,0.31167947,0,-1.278097266,4.12809002,-3.138584463
22.56,-64.84606876,0.05342562154,0.6088058404,0.3116947522,0,-1.279454776,4.129878143,-3.137720629
22.57,-64.84320226,0.05344551549,0.6087845351,0.3117100878,0,-1.280807795,4.131665197,-3.136860679
22.58,-64.8403487,0.0534653351,0.6087631362,0.3117254763,0,-1.282156309,4.13345116,-3.136004609
22.59,-64.83750807,0.05348508032,0.6087416444,0.3117409171,0,-1.283500304,4.13523601,-3.13515242
22.6,-64.83468036,0.05350475108,0.6087200603,0.3117564099,0,-1.284839767,4.137019725,-3.134304108
22.61,-64.83186558,0.05352434732,0.6086983846,0.3117719542,0,-1.286174682,4.138802283,-3.133459674
22.62,-64.82906372,0.05354386898,0.6086766179,0.3117875495,0,-1.287505037,4.140583663,-3.132619116
22.63,-64.82627477,0.05356331601,0.6086547609,0.3118031954,0,-1.288830817,4.142363843,-3.131782431
22.64,-64.82349873,0.05358268835,0.6086328141,0.3118188914,0,-1.290152009,4.1441428,-3.130949619
22.65,-64.82073559,0.05360198593,0.6086107781,0.3118346371,0,-1.2914686,4.145920513,-3.130120677
22.66,-64.81798535,0.05362120871,0.6085886537,0.311850432,0,-1.292780575,4.14769696,-3.129295606
22.67,-64.81524801,0.05364035661,0.6085664414,0.3118662757,0,-1.294087922,4.14947212,-3.128474402
22.68,-64.81252355,0.0536594296,0.6085441419,0.3118821678,0,-1.295390627,4.15124597,-3.127657064
22.69,-64.80981197,0.05367842761,0.6085217558,0.3118981077,0,-1.296688677,4.15301849,-3.126843591
22.7,-64.80711327,0.0536973506,0.6084992837,0.311914095,0,-1.297982059,4.154789657,-3.126033981
22.71,-64.80442744,0.0537161985,0.6084767262,0.3119301293,0,-1.299270759,4.156559449,-3.125228232
22.72,-64.80175448,0.05373497126,0.6084540839,0.3119462102,0,-1.300554765,4.158327845,-3.124426343
22.73,-64.79909437,0.05375366883,0.6084313576,0.3119623371,0,-1.301834064,4.160094824,-3.123628312
22.74,-64.79644712,0.05377229117,0.6084085478,0.3119785097,0,-1.303108642,4.161860363,-3.122834137
22.75,-64.79381272,0.05379083821,0.608385655,0.3119947276,0,-1.304378488,4.163624442,-3.122043817
22.76,-64.79119116,0.05380930992,0.6083626801,0.3120109901,0,-1.305643588,4.165387038,-3.121257349
22.77,-64.78858244,0.05382770623,0.6083396234,0.3120272971,0,-1.30690393,4.16714813,-3.120474733
22.78,-64.78598655,0.05384602711,0.6083164858,0.3120436479,0,-1.308159502,4.168907697,-3.119695965
22.79,-64.78340348,0.0538642725,0.6082932677,0.3120600421,0,-1.309410291,4.170665718,-3.118921045
22.8,-64.78083324,0.05388244236,0.6082699699,0.3120764793,0,-1.310656284,4.17242217,-3.118149971
22.81,-64.7782758,0.05390053664,0.6082465929,0.3120929592,0,-1.31189747,4.174177032,-3.11738274
22.82,-64.77573117,0.05391855529,0.6082231373,0.3121094811,0,-1.313133837,4.175930283,-3.116619351
22.83,-64.77319934,0.05393649827,0.6081996038,0.3121260448,0,-1.314365372,4.177681903,-3.115859802
22.84,-64.7706803,0.05395436554,0.608175993,0.3121426497,0,-1.315592063,4.179431868,-3.115104091
22.85,-64.76817405,0.05397215705,0.6081523054,0.3121592955,0,-1.316813899,4.181180159,-3.114352216
22.86,-64.76568058,0.05398987275,0.6081285418,0.3121759816,0,-1.318030867,4.182926753,-3.113604175
22.87,-64.76319988,0.05400751262,0.6081047026,0.3121927077,0,-1.319242957,4.18467163,-3.112859965
22.88,-64.76073195,0.0540250766,0.6080807886,0.3122094734,0,-1.320450156,4.186414768,-3.112119586
22.89,-64.75827678,0.05404256466,0.6080568003,0.3122262781,0,-1.321652454,4.188156146,-3.111383035
22.9,-64.75583436,0.05405997675,0.6080327383,0.3122431215,0,-1.322849838,4.189895744,-3.110650309
22.91,-64.75340469,0.05407731284,0.6080086032,0.3122600032,0,-1.324042297,4.19163354,-3.109921408
22.92,-64.75098776,0.05409457289,0.6079843957,0.3122769227,0,-1.325229821,4.193369512,-3.109196328
22.93,-64.74858356,0.05411175686,0.6079601164,0.3122938796,0,-1.326412397,4.195103641,-3.108475067
22.94,-64.74619208,0.05412886471,0.6079357658,0.3123108734,0,-1.327590016,4.196835904,-3.107757624
22.95,-64.74381332,0.05414589641,0.6079113445,0.3123279038,0,-1.328762665,4.198566282,-3.107043996
22.96,-64.74144727,0.05416285193,0.6078868532,0.3123449703,0,-1.329930335,4.200294752,-3.106334181
22.97,-64.73909392,0.05417973122,0.6078622925,0.3123620725,0,-1.331093015,4.202021295,-3.105628177
22.98,-64.73675327,0.05419653426,0.607837663,0.3123792099,0,-1.332250693,4.203745889,-3.104925981
22.99,-64.7344253,0.05421326101,0.6078129652,0.3123963823,0,-1.33340336,4.205468513,-3.104227591
23,-64.73211002,0.05422991144,0.6077881998,0.312413589,0,-1.334551004,4.207189147,-3.103533005
23.01,-64.7298074,0.05424648552,0.6077633674,0.3124308297,0,-1.335693616,4.20890777,-3.102842221
23.02,-64.72751745,0.05426298322,0.6077384685,0.3124481041,0,-1.336831186,4.210624362,-3.102155236
23.03,-64.72524016,0.05427940451,0.6077135038,0.3124654116,0,-1.337963702,4.2123389,-3.101472048
23.04,-64.72297551,0.05429574935,0.6076884738,0.3124827519,0,-1.339091156,4.214051366,-3.100792654
23.05,-64.72072351,0.05431201773,0.6076633792,0.3125001245,0,-1.340213537,4.215761739,-3.100117053
23.06,-64.71848413,0.05432820962,0.6076382206,0.312517529,0,-1.341330835,4.217469997,-3.09944524
23.07,-64.71625738,0.05434432498,0.6076129985,0.3125349651,0,-1.34244304,4.21917612,-3.098777215
23.08,-64.71404325,0.05436036379,0.6075877135,0.3125524322,0,-1.343550144,4.220880088,-3.098112975
23.09,-64.71184172,0.05437632603,0.6075623662,0.3125699301,0,-1.344652136,4.222581881,-3.097452516
23.1,-64.70965279,0.05439221168,0.6075369573,0.3125874582,0,-1.345749007,4.224281478,-3.096795837
23.11,-64.70747645,0.0544080207,0.6075114873,0.3126050162,0,-1.346840747,4.225978858,-3.096142935
23.12,-64.70531269,0.05442375308,0.6074859567,0.3126226036,0,-1.347927348,4.227674002,-3.095493808
23.13,-64.7031615,0.0544394088,0.6074603663,0.3126402201,0,-1.3490088,4.229366889,-3.094848451
23.14,-64.70102288,0.05445498783,0.6074347165,0.3126578652,0,-1.350085094,4.231057499,-3.094206864
23.15,-64.69889681,0.05447049016,0.607409008,0.3126755386,0,-1.351156221,4.232745812,-3.093569044
23.16,-64.69678329,0.05448591577,0.6073832413,0.3126932398,0,-1.352222173,4.234431807,-3.092934987
23.17,-64.6946823,0.05450126463,0.607357417,0.3127109684,0,-1.35328294,4.236115465,-3.092304691
23.18,-64.69259384,0.05451653673,0.6073315358,0.312728724,0,-1.354338515,4.237796765,-3.091678153
23.19,-64.6905179,0.05453173206,0.6073055981,0.3127465062,0,-1.355388888,4.239475688,-3.09105537
23.2,-64.68845447,0.05454685059,0.6072796047,0.3127643147,0,-1.356434051,4.241152213,-3.090436341
23.21,-64.68640353,0.05456189232,0.6072535559,0.312782149,0,-1.357473996,4.242826321,-3.08982106
23.22,-64.68436509,0.05457685722,0.6072274526,0.3128000087,0,-1.358508714,4.244497992,-3.089209527
23.23,-64.68233913,0.05459174529,0.6072012951,0.3128178934,0,-1.359538199,4.246167206,-3.088601738
23.24,-64.68032563,0.05460655652,0.6071750841,0.3128358027,0,-1.36056244,4.247833943,-3.08799769
23.25,-64.6783246,0.05462129088,0.6071488202,0.3128537362,0,-1.361581432,4.249498183,-3.08739738
23.26,-64.67633602,0.05463594838,0.607122504,0.3128716936,0,-1.362595165,4.251159908,-3.086800805
23.27,-64.67435987,0.054650529,0.6070961359,0.3128896744,0,-1.363603633,4.252819096,-3.086207962
23.28,-64.67239616,0.05466503273,0.6070697167,0.3129076782,0,-1.364606827,4.25447573,-3.085618849
23.29,-64.67044487,0.05467945956,0.6070432468,0.3129257047,0,-1.365604741,4.256129788,-3.085033462
23.3,-64.66850599,0.05469380949,0.6070167269,0.3129437534,0,-1.366597367,4.257781252,-3.084451798
23.31,-64.66657951,0.05470808251,0.6069901574,0.3129618239,0,-1.367584697,4.259430103,-3.083873853
23.32,-64.66466542,0.05472227862,0.6069635391,0.312979916,0,-1.368566725,4.261076321,-3.083299626
23.33,-64.66276371,0.05473639781,0.6069368724,0.3129980291,0,-1.369543444,4.262719886,-3.082729112
23.34,-64.66087436,0.05475044007,0.6069101579,0.3130161629,0,-1.370514846,4.26436078,-3.082162309
23.35,-64.65899738,0.05476440541,0.6068833962,0.313034317,0,-1.371480926,4.265998982,-3.081599213
23.36,-64.65713274,0.05477829382,0.6068565879,0.313052491,0,-1.372441675,4.267634475,-3.081039821
23.37,-64.65528043,0.05479210529,0.6068297335,0.3130706845,0,-1.373397089,4.269267239,-3.080484129
23.38,-64.65344045,0.05480583984,0.6068028335,0.3130888972,0,-1.37434716,4.270897255,-3.079932136
23.39,-64.65161279,0.05481949747,0.6067758886,0.3131071287,0,-1.375291881,4.272524504,-3.079383836
23.4,-64.64979742,0.05483307816,0.6067488993,0.3131253785,0,-1.376231248,4.274148966,-3.078839227
23.41,-64.64799435,0.05484658193,0.6067218662,0.3131436463,0,-1.377165253,4.275770624,-3.078298306
23.42,-64.64620356,0.05486000878,0.6066947898,0.3131619317,0,-1.378093891,4.277389459,-3.077761069
23.43,-64.64442504,0.05487335871,0.6066676707,0.3131802343,0,-1.379017155,4.27900545,-3.077227512
23.44,-64.64265877,0.05488663172,0.6066405095,0.3131985539,0,-1.379935041,4.280618581,-3.076697632
23.45,-64.64090475,0.05489982784,0.6066133066,0.3132168898,0,-1.380847542,4.282228832,-3.076171426
23.46,-64.63916297,0.05491294705,0.6065860627,0.3132352419,0,-1.381754653,4.283836185,-3.07564889
23.47,-64.6374334,0.05492598937,0.6065587783,0.3132536097,0,-1.382656368,4.28544062,-3.075130021
23.48,-64.63571605,0.05493895481,0.606531454,0.3132719929,0,-1.383552682,4.28704212,-3.074614814
23.49,-64.63401089,0.05495184338,0.6065040903,0.313290391,0,-1.38444359,4.288640667,-3.074103267
23.5,-64.63231792,0.05496465508,0.6064766878,0.3133088037,0,-1.385329087,4.290236242,-3.073595376
23.51,-64.63063712,0.05497738994,0.606449247,0.3133272307,0,-1.386209168,4.291828826,-3.073091137
23.52,-64.62896849,0.05499004796,0.6064217685,0.3133456715,0,-1.387083828,4.293418401,-3.072590546
23.53,-64.627312,0.05500262915,0.6063942528,0.3133641258,0,-1.387953062,4.29500495,-3.0720936
23.54,-64.62566765,0.05501513353,0.6063667005,0.3133825932,0,-1.388816866,4.296588453,-3.071600294
23.55,-64.62403542,0.05502756112,0.6063391121,0.3134010734,0,-1.389675235,4.298168894,-3.071110626
23.56,-64.6224153,0.05503991193,0.6063114881,0.3134195659,0,-1.390528165,4.299746254,-3.070624591
23.57,-64.62080729,0.05505218598,0.6062838292,0.3134380705,0,-1.391375651,4.301320515,-3.070142186
23.58,-64.61921135,0.05506438328,0.6062561358,0.3134565867,0,-1.392217689,4.30289166,-3.069663406
23.59,-64.61762749,0.05507650386,0.6062284085,0.3134751142,0,-1.393054277,4.30445967,-3.069188248
23.6,-64.61605569,0.05508854774,0.6062006478,0.3134936527,0,-1.393885408,4.306024528,-3.068716708
23.61,-64.61449594,0.05510051493,0.6061728543,0.3135122017,0,-1.39471108,4.307586216,-3.068248781
23.62,-64.61294821,0.05511240546,0.6061450285,0.3135307609,0,-1.395531289,4.309144716,-3.067784464
23.63,-64.61141251,0.05512421935,0.606117171,0.3135493299,0,-1.396346032,4.310700012,-3.067323753
23.64,-64.60988881,0.05513595663,0.6060892822,0.3135679084,0,-1.397155304,4.312252085,-3.066866644
23.65,-64.60837711,0.05514761731,0.6060613628,0.313586496,0,-1.397959103,4.313800918,-3.066413133
23.66,-64.60687738,0.05515920143,0.6060334132,0.3136050924,0,-1.398757426,4.315346495,-3.065963215
23.67,-64.60538962,0.05517070901,0.6060054341,0.3136236972,0,-1.399550269,4.316888797,-3.065516887
23.68,-64.60391381,0.05518214008,0.6059774258,0.3136423101,0,-1.400337629,4.318427807,-3.065074144
23.69,-64.60244994,0.05519349466,0.605949389,0.3136609307,0,-1.401119505,4.319963509,-3.064634981
23.7,-64.60099799,0.05520477279,0.6059213242,0.3136795586,0,-1.401895891,4.321495885,-3.064199396
23.71,-64.59955795,0.0552159745,0.6058932319,0.3136981935,0,-1.402666788,4.323024918,-3.063767384
23.72,-64.5981298,0.05522709982,0.6058651126,0.313716835,0,-1.403432191,4.324550591,-3.063338939
23.73,-64.59671353,0.05523814877,0.6058369669,0.3137354829,0,-1.404192098,4.326072888,-3.062914059
23.74,-64.59530913,0.05524912141,0.6058087953,0.3137541366,0,-1.404946507,4.327591792,-3.062492738
23.75,-64.59391658,0.05526001774,0.6057805984,0.313772796,0,-1.405695417,4.329107286,-3.062074973
23.76,-64.59253586,0.05527083782,0.6057523765,0.3137914606,0,-1.406438825,4.330619353,-3.061660758
23.77,-64.59116697,0.05528158168,0.6057241304,0.3138101302,0,-1.407176729,4.332127978,-3.06125009
23.78,-64.58980988,0.05529224936,0.6056958604,0.3138288043,0,-1.407909127,4.333633142,-3.060842964
23.79,-64.58846458,0.05530284089,0.6056675671,0.3138474826,0,-1.408636018,4.335134831,-3.060439375
23.8,-64.58713106,0.05531335632,0.605639251,0.3138661647,0,-1.4093574,4.336633027,-3.060039319
23.81,-64.5858093,0.05532379567,0.6056109127,0.3138848504,0,-1.410073273,4.338127715,-3.059642791
23.82,-64.58449929,0.055334159,0.6055825526,0.3139035393,0,-1.410783633,4.339618877,-3.059249787
23.83,-64.58320101,0.05534444635,0.6055541714,0.313922231,0,-1.411488482,4.341106499,-3.058860302
23.84,-64.58191444,0.05535465776,0.6055257694,0.3139409253,0,-1.412187816,4.342590564,-3.058474332
23.85,-64.58063957,0.05536479327,0.6054973472,0.3139596217,0,-1.412881637,4.344071056,-3.058091871
23.86,-64.57937639,0.05537485292,0.6054689053,0.31397832,0,-1.413569942,4.34554796,-3.057712916
23.87,-64.57812487,0.05538483677,0.6054404442,0.3139970197,0,-1.414252731,4.347021258,-3.05733746
23.88,-64.576885,0.05539474486,0.6054119644,0.3140157206,0,-1.414930003,4.348490937,-3.0569655
23.89,-64.57565677,0.05540457724,0.6053834665,0.3140344224,0,-1.415601759,4.349956979,-3.056597031
23.9,-64.57444016,0.05541433396,0.605354951,0.3140531246,0,-1.416267997,4.35141937,-3.056232048
23.91,-64.57323515,0.05542401506,0.6053264183,0.314071827,0,-1.416928718,4.352878094,-3.055870545
23.92,-64.57204173,0.0554336206,0.6052978689,0.3140905292,0,-1.417583922,4.354333135,-3.055512519
23.93,-64.57085988,0.05544315063,0.6052693034,0.314109231,0,-1.418233608,4.355784479,-3.055157964
23.94,-64.56968958,0.05545260521,0.6052407223,0.3141279319,0,-1.418877777,4.357232109,-3.054806875
23.95,-64.56853082,0.05546198438,0.605212126,0.3141466317,0,-1.419516429,4.358676011,-3.054459247
23.96,-64.56738358,0.0554712882,0.6051835151,0.31416533,0,-1.420149565,4.36011617,-3.054115075
23.97,-64.56624785,0.05548051672,0.60515489,0.3141840265,0,-1.420777185,4.361552571,-3.053774355
23.98,-64.5651236,0.05548967001,0.6051262513,0.3142027208,0,-1.42139929,4.362985198,-3.05343708
23.99,-64.56401082,0.05549874812,0.6050975995,0.3142214127,0,-1.42201588,4.364414037,-3.053103246
24,-64.56290949,0.05550775111,0.605068935,0.3142401019,0,-1.422626957,4.365839073,-3.052772847
24.01,-64.5618196,0.05551667904,0.6050402583,0.314258788,0,-1.423232522,4.367260291,-3.05244588
24.02,-64.56074112,0.05552553197,0.60501157,0.3142774706,0,-1.423832575,4.368677677,-3.052122337
24.03,-64.55967405,0.05553430996,0.6049828705,0.3142961495,0,-1.424427118,4.370091217,-3.051802214
24.04,-64.55861836,0.05554301307,0.6049541603,0.3143148244,0,-1.425016153,4.371500895,-3.051485507
24.05,-64.55757403,0.05555164137,0.6049254399,0.3143334949,0,-1.425599681,4.372906698,-3.051172208
24.06,-64.55654105,0.05556019493,0.6048967098,0.3143521607,0,-1.426177704,4.37430861,-3.050862314
24.07,-64.55551939,0.0555686738,0.6048679704,0.3143708215,0,-1.426750222,4.375706619,-3.050555818
24.08,-64.55450905,0.05557707806,0.6048392224,0.314389477,0,-1.42731724,4.37710071,-3.050252715
24.09,-64.55351,0.05558540777,0.604810466,0.3144081269,0,-1.427878757,4.378490868,-3.049953001
24.1,-64.55252223,0.055593663,0.6047817019,0.3144267708,0,-1.428434778,4.37987708,-3.049656668
24.11,-64.55154571,0.05560184383,0.6047529305,0.3144454086,0,-1.428985303,4.381259333,-3.049363713
24.12,-64.55058043,0.05560995031,0.6047241523,0.3144640397,0,-1.429530335,4.382637611,-3.049074128
24.13,-64.54962637,0.05561798253,0.6046953677,0.314482664,0,-1.430069877,4.384011903,-3.04878791
24.14,-64.5486835,0.05562594055,0.6046665772,0.3145012811,0,-1.430603931,4.385382193,-3.048505051
24.15,-64.54775182,0.05563382446,0.6046377814,0.3145198908,0,-1.4311325,4.386748469,-3.048225547
24.16,-64.54683131,0.05564163431,0.6046089807,0.3145384926,0,-1.431655588,4.388110717,-3.047949392
24.17,-64.54592193,0.0556493702,0.6045801755,0.3145570864,0,-1.432173196,4.389468924,-3.047676579
24.18,-64.54502368,0.05565703219,0.6045513664,0.3145756718,0,-1.432685329,4.390823076,-3.047407105
24.19,-64.54413654,0.05566462037,0.6045225537,0.3145942485,0,-1.433191988,4.392173161,-3.047140961
24.2,-64.54326048,0.05567213481,0.604493738,0.3146128163,0,-1.433693179,4.393519165,-3.046878144
24.21,-64.54239549,0.0556795756,0.6044649198,0.3146313747,0,-1.434188904,4.394861076,-3.046618647
24.22,-64.54154154,0.0556869428,0.6044360995,0.3146499235,0,-1.434679167,4.39619888,-3.046362463
24.23,-64.54069863,0.05569423651,0.6044072775,0.3146684625,0,-1.435163971,4.397532564,-3.046109588
24.24,-64.53986672,0.05570145681,0.6043784544,0.3146869913,0,-1.43564332,4.398862117,-3.045860015
24.25,-64.5390458,0.05570860378,0.6043496305,0.3147055096,0,-1.43611722,4.400187526,-3.045613739
24.26,-64.53823584,0.05571567751,0.6043208064,0.3147240171,0,-1.436585672,4.401508777,-3.045370753
24.27,-64.53743684,0.05572267808,0.6042919826,0.3147425136,0,-1.437048683,4.402825858,-3.045131051
24.28,-64.53664876,0.05572960558,0.6042631594,0.3147609987,0,-1.437506255,4.404138758,-3.044894627
24.29,-64.53587159,0.05573646009,0.6042343373,0.3147794721,0,-1.437958394,4.405447464,-3.044661476
24.3,-64.5351053,0.05574324171,0.6042055168,0.3147979337,0,-1.438405104,4.406751964,-3.044431591
24.31,-64.53434989,0.05574995052,0.6041766984,0.314816383,0,-1.43884639,4.408052245,-3.044204966
24.32,-64.53360531,0.05575658661,0.6041478825,0.3148348198,0,-1.439282256,4.409348296,-3.043981594
24.33,-64.53287157,0.05576315009,0.6041190695,0.3148532438,0,-1.439712708,4.410640106,-3.04376147
24.34,-64.53214863,0.05576964103,0.6040902599,0.3148716547,0,-1.440137751,4.411927661,-3.043544588
24.35,-64.53143647,0.05577605953,0.6040614541,0.3148900522,0,-1.440557389,4.413210951,-3.04333094
24.36,-64.53073507,0.0557824057,0.6040326526,0.3149084361,0,-1.440971629,4.414489964,-3.043120521
24.37,-64.53004442,0.05578867961,0.6040038559,0.3149268061,0,-1.441380475,4.415764688,-3.042913325
24.38,-64.52936448,0.05579488138,0.6039750643,0.3149451618,0,-1.441783933,4.417035112,-3.042709344
24.39,-64.52869525,0.05580101109,0.6039462784,0.3149635031,0,-1.442182009,4.418301225,-3.042508574
24.4,-64.52803669,0.05580706885,0.6039174985,0.3149818296,0,-1.442574708,4.419563016,-3.042311006
24.41,-64.52738878,0.05581305476,0.6038887252,0.315000141,0,-1.442962036,4.420820473,-3.042116635
24.42,-64.52675152,0.05581896891,0.6038599587,0.3150184371,0,-1.443344,4.422073585,-3.041925455
24.43,-64.52612486,0.05582481141,0.6038311997,0.3150367176,0,-1.443720606,4.423322342,-3.041737458
24.44,-64.52550879,0.05583058237,0.6038024485,0.3150549823,0,-1.444091859,4.424566733,-3.041552638
24.45,-64.5249033,0.05583628187,0.6037737055,0.3150732308,0,-1.444457766,4.425806747,-3.041370989
24.46,-64.52430835,0.05584191004,0.6037449713,0.3150914628,0,-1.444818334,4.427042374,-3.041192504
24.47,-64.52372392,0.05584746697,0.6037162461,0.3151096782,0,-1.445173569,4.428273602,-3.041017176
24.48,-64.52315,0.05585295277,0.6036875305,0.3151278766,0,-1.445523478,4.429500422,-3.040844999
24.49,-64.52258655,0.05585836755,0.6036588249,0.3151460578,0,-1.445868068,4.430722823,-3.040675966
24.5,-64.52203356,0.05586371142,0.6036301296,0.3151642215,0,-1.446207345,4.431940795,-3.040510069
24.51,-64.52149101,0.05586898448,0.6036014452,0.3151823674,0,-1.446541317,4.433154327,-3.040347304
24.52,-64.52095887,0.05587418686,0.6035727721,0.3152004953,0,-1.446869991,4.434363411,-3.040187661
24.53,-64.52043712,0.05587931865,0.6035441107,0.315218605,0,-1.447193374,4.435568035,-3.040031136
24.54,-64.51992573,0.05588437997,0.6035154613,0.315236696,0,-1.447511474,4.436768191,-3.03987772
24.55,-64.51942469,0.05588937094,0.6034868245,0.3152547683,0,-1.447824298,4.437963868,-3.039727408
24.56,-64.51893397,0.05589429166,0.6034582006,0.3152728214,0,-1.448131853,4.439155057,-3.039580191
24.57,-64.51845354,0.05589914226,0.60342959,0.3152908552,0,-1.448434149,4.440341748,-3.039436063
24.58,-64.51798339,0.05590392286,0.6034009933,0.3153088695,0,-1.448731191,4.441523931,-3.039295018
24.59,-64.51752349,0.05590863356,0.6033724107,0.3153268639,0,-1.449022989,4.442701599,-3.039157047
24.6,-64.51707382,0.05591327449,0.6033438428,0.3153448381,0,-1.44930955,4.44387474,-3.039022145
24.61,-64.51663434,0.05591784576,0.6033152898,0.3153627921,0,-1.449590883,4.445043347,-3.038890303
24.62,-64.51620505,0.0559223475,0.6032867523,0.3153807254,0,-1.449866996,4.44620741,-3.038761515
24.63,-64.51578591,0.05592677983,0.6032582306,0.3153986378,0,-1.450137897,4.44736692,-3.038635774
24.64,-64.51537691,0.05593114286,0.6032297252,0.3154165291,0,-1.450403595,4.448521868,-3.038513072
24.65,-64.51497801,0.05593543674,0.6032012364,0.315434399,0,-1.450664098,4.449672247,-3.038393403
24.66,-64.5145892,0.05593966156,0.6031727646,0.3154522474,0,-1.450919416,4.450818046,-3.038276759
24.67,-64.51421044,0.05594381747,0.6031443103,0.3154700738,0,-1.451169557,4.451959258,-3.038163132
24.68,-64.51384172,0.05594790459,0.6031158739,0.3154878781,0,-1.451414531,4.453095874,-3.038052515
24.69,-64.51348301,0.05595192304,0.6030874557,0.3155056601,0,-1.451654345,4.454227886,-3.037944902
24.7,-64.51313428,0.05595587296,0.6030590562,0.3155234195,0,-1.45188901,4.455355286,-3.037840285
24.71,-64.51279552,0.05595975447,0.6030306757,0.315541156,0,-1.452118535,4.456478066,-3.037738656
24.72,-64.51246669,0.0559635677,0.6030023147,0.3155588695,0,-1.452342929,4.457596217,-3.037640008
24.73,-64.51214778,0.05596731278,0.6029739735,0.3155765596,0,-1.452562201,4.458709732,-3.037544333
24.74,-64.51183875,0.05597098985,0.6029456525,0.3155942261,0,-1.452776362,4.459818603,-3.037451624
24.75,-64.51153958,0.05597459904,0.6029173522,0.3156118688,0,-1.452985421,4.460922823,-3.037361874
24.76,-64.51125025,0.05597814048,0.6028890729,0.3156294875,0,-1.453189388,4.462022383,-3.037275075
24.77,-64.51097073,0.0559816143,0.6028608149,0.3156470819,0,-1.453388273,4.463117277,-3.037191219
24.78,-64.510701,0.05598502064,0.6028325788,0.3156646517,0,-1.453582086,4.464207496,-3.037110299
24.79,-64.51044102,0.05598835964,0.6028043648,0.3156821969,0,-1.453770837,4.465293035,-3.037032307
24.8,-64.51019079,0.05599163144,0.6027761734,0.315699717,0,-1.453954536,4.466373884,-3.036957236
24.81,-64.50995026,0.05599483616,0.602748005,0.3157172119,0,-1.454133194,4.467450039,-3.036885077
24.82,-64.50971941,0.05599797396,0.6027198598,0.3157346814,0,-1.454306822,4.468521491,-3.036815824
24.83,-64.50949823,0.05600104498,0.6026917384,0.3157521251,0,-1.454475429,4.469588234,-3.036749468
24.84,-64.50928667,0.05600404934,0.602663641,0.315769543,0,-1.454639027,4.470650261,-3.036686001
24.85,-64.50908472,0.05600698721,0.6026355681,0.3157869348,0,-1.454797626,4.471707565,-3.036625417
24.86,-64.50889235,0.05600985871,0.60260752,0.3158043002,0,-1.454951237,4.47276014,-3.036567706
24.87,-64.50870954,0.05601266399,0.6025794971,0.3158216389,0,-1.455099871,4.47380798,-3.036512861
24.88,-64.50853625,0.0560154032,0.6025514997,0.3158389509,0,-1.45524354,4.474851078,-3.036460875
24.89,-64.50837246,0.05601807649,0.6025235283,0.3158562359,0,-1.455382255,4.475889429,-3.036411739
24.9,-64.50821815,0.05602068399,0.6024955832,0.3158734936,0,-1.455516026,4.476923025,-3.036365445
24.91,-64.50807328,0.05602322586,0.6024676648,0.3158907238,0,-1.455644865,4.477951861,-3.036321985
24.92,-64.50793784,0.05602570224,0.6024397734,0.3159079264,0,-1.455768784,4.478975931,-3.036281352
24.93,-64.50781179,0.05602811329,0.6024119094,0.315925101,0,-1.455887795,4.47999523,-3.036243537
24.94,-64.50769511,0.05603045916,0.6023840732,0.3159422475,0,-1.456001908,4.481009751,-3.036208533
24.95,-64.50758777,0.05603273999,0.6023562651,0.3159593657,0,-1.456111136,4.48201949,-3.03617633
24.96,-64.50748974,0.05603495594,0.6023284855,0.3159764553,0,-1.456215492,4.48302444,-3.036146922
24.97,-64.507401,0.05603710716,0.6023007347,0.3159935161,0,-1.456314985,4.484024597,-3.0361203
24.98,-64.50732152,0.0560391938,0.6022730131,0.316010548,0,-1.45640963,4.485019954,-3.036096455
24.99,-64.50725127,0.05604121602,0.6022453211,0.3160275506,0,-1.456499437,4.486010508,-3.03607538
25,-64.50719022,0.05604317398,0.6022176589,0.3160445239,0,-1.45658442,4.486996253,-3.036057067
25.01,-64.50713835,0.05604506782,0.602190027,0.3160614676,0,-1.456664591,4.487977184,-3.036041506
25.02,-64.50709564,0.05604689772,0.6021624257,0.3160783814,0,-1.456739962,4.488953297,-3.036028691
25.03,-64.50706204,0.05604866382,0.6021348554,0.3160952652,0,-1.456810545,4.489924586,-3.036018611
25.04,-64.50703753,0.05605036628,0.6021073163,0.3161121188,0,-1.456876354,4.490891047,-3.03601126
25.05,-64.5070221,0.05605200527,0.6020798089,0.316128942,0,-1.456937401,4.491852676,-3.036006629
25.06,-64.5070157,0.05605358095,0.6020523335,0.3161457345,0,-1.456993699,4.492809468,-3.036004709
25.07,-64.50701831,0.05605509347,0.6020248904,0.3161624962,0,-1.457045261,4.493761419,-3.036005493
25.08,-64.5070299,0.056056543,0.6019974799,0.3161792268,0,-1.457092099,4.494708525,-3.036008971
25.09,-64.50705045,0.0560579297,0.6019701025,0.3161959262,0,-1.457134228,4.495650782,-3.036015135
25.1,-64.50707992,0.05605925374,0.6019427584,0.3162125942,0,-1.457171661,4.496588185,-3.036023976
25.11,-64.50711829,0.05606051529,0.6019154479,0.3162292306,0,-1.457204409,4.497520732,-3.036035487
25.12,-64.50716553,0.05606171449,0.6018881715,0.3162458351,0,-1.457232488,4.498448418,-3.036049658
25.13,-64.50722161,0.05606285154,0.6018609294,0.3162624076,0,-1.45725591,4.49937124,-3.036066482
25.14,-64.5072865,0.05606392658,0.601833722,0.3162789479,0,-1.457274689,4.500289194,-3.036085949
25.15,-64.50736017,0.05606493979,0.6018065495,0.3162954558,0,-1.457288839,4.501202277,-3.03610805
25.16,-64.50744259,0.05606589134,0.6017794124,0.3163119311,0,-1.457298374,4.502110486,-3.036132778
25.17,-64.50753374,0.0560667814,0.6017523109,0.3163283736,0,-1.457303306,4.503013817,-3.036160123
25.18,-64.50763359,0.05606761014,0.6017252454,0.3163447831,0,-1.457303651,4.503912267,-3.036190077
25.19,-64.50774211,0.05606837773,0.6016982162,0.3163611595,0,-1.457299422,4.504805834,-3.036222632
25.2,-64.50785926,0.05606908433,0.6016712236,0.3163775026,0,-1.457290633,4.505694514,-3.036257777
25.21,-64.50798502,0.05606973014,0.601644268,0.3163938121,0,-1.457277299,4.506578305,-3.036295505
25.22,-64.50811936,0.05607031531,0.6016173496,0.3164100879,0,-1.457259433,4.507457204,-3.036335807
25.23,-64.50826225,0.05607084003,0.6015904687,0.3164263298,0,-1.45723705,4.50833121,-3.036378674
25.24,-64.50841366,0.05607130447,0.6015636258,0.3164425376,0,-1.457210165,4.509200318,-3.036424097
25.25,-64.50857356,0.0560717088,0.601536821,0.3164587111,0,-1.457178792,4.510064527,-3.036472068
25.26,-64.50874192,0.05607205321,0.6015100547,0.3164748503,0,-1.457142945,4.510923835,-3.036522576
25.27,-64.50891872,0.05607233787,0.6014833273,0.3164909548,0,-1.457102639,4.51177824,-3.036575615
25.28,-64.50910391,0.05607256295,0.6014566389,0.3165070245,0,-1.457057889,4.51262774,-3.036631173
25.29,-64.50929748,0.05607272865,0.60142999,0.3165230593,0,-1.45700871,4.513472332,-3.036689244
25.3,-64.50949939,0.05607283513,0.6014033808,0.3165390589,0,-1.456955117,4.514312015,-3.036749817
25.31,-64.50970961,0.05607288258,0.6013768117,0.3165550232,0,-1.456897124,4.515146788,-3.036812883
25.32,-64.50992811,0.05607287118,0.6013502829,0.316570952,0,-1.456834746,4.515976649,-3.036878434
25.33,-64.51015487,0.05607280111,0.6013237947,0.3165868451,0,-1.456768,4.516801596,-3.036946461
25.34,-64.51038985,0.05607267256,0.6012973474,0.3166027025,0,-1.456696899,4.517621628,-3.037016954
25.35,-64.51063301,0.05607248571,0.6012709414,0.3166185238,0,-1.45662146,4.518436745,-3.037089904
25.36,-64.51088434,0.05607224075,0.6012445769,0.316634309,0,-1.456541697,4.519246944,-3.037165303
25.37,-64.5111438,0.05607193785,0.6012182542,0.3166500579,0,-1.456457626,4.520052224,-3.037243141
25.38,-64.51141136,0.05607157721,0.6011919736,0.3166657702,0,-1.456369262,4.520852586,-3.037323409
25.39,-64.51168699,0.05607115902,0.6011657353,0.316681446,0,-1.456276622,4.521648028,-3.037406098
25.4,-64.51197066,0.05607068345,0.6011395398,0.3166970849,0,-1.45617972,4.522438549,-3.037491198
25.41,-64.51226233,0.0560701507,0.6011133873,0.3167126868,0,-1.456078573,4.523224149,-3.0375787
25.42,-64.51256199,0.05606956096,0.601087278,0.3167282516,0,-1.455973196,4.524004828,-3.037668596
25.43,-64.51286958,0.05606891441,0.6010612122,0.3167437791,0,-1.455863605,4.524780584,-3.037760875
25.44,-64.5131851,0.05606821125,0.6010351902,0.3167592691,0,-1.455749816,4.525551418,-3.037855529
25.45,-64.5135085,0.05606745167,0.6010092124,0.3167747215,0,-1.455631845,4.52631733,-3.037952549
25.46,-64.51383975,0.05606663586,0.6009832789,0.3167901362,0,-1.455509708,4.527078319,-3.038051924
25.47,-64.51417882,0.05606576401,0.60095739,0.316805513,0,-1.455383421,4.527834386,-3.038153646
25.48,-64.51452568,0.05606483631,0.6009315461,0.3168208516,0,-1.455253,4.528585531,-3.038257705
25.49,-64.51488031,0.05606385296,0.6009057474,0.3168361521,0,-1.455118462,4.529331754,-3.038364092
25.5,-64.51524266,0.05606281416,0.6008799942,0.3168514142,0,-1.454979822,4.530073055,-3.038472797
25.51,-64.5156127,0.05606172009,0.6008542866,0.3168666377,0,-1.454837098,4.530809436,-3.038583811
25.52,-64.51599042,0.05606057095,0.6008286251,0.3168818226,0,-1.454690306,4.531540895,-3.038697125
25.53,-64.51637576,0.05605936695,0.6008030099,0.3168969687,0,-1.454539462,4.532267436,-3.038812729
25.54,-64.51676871,0.05605810827,0.6007774412,0.3169120758,0,-1.454384582,4.532989057,-3.038930613
25.55,-64.51716923,0.05605679511,0.6007519193,0.3169271438,0,-1.454225685,4.53370576,-3.039050769
25.56,-64.51757729,0.05605542768,0.6007264445,0.3169421726,0,-1.454062785,4.534417546,-3.039173186
25.57,-64.51799285,0.05605400617,0.6007010169,0.316957162,0,-1.4538959,4.535124417,-3.039297855
25.58,-64.51841589,0.05605253078,0.600675637,0.3169721118,0,-1.453725046,4.535826372,-3.039424767
25.59,-64.51884637,0.05605100171,0.6006503049,0.316987022,0,-1.453550242,4.536523415,-3.039553911
25.6,-64.51928426,0.05604941916,0.6006250209,0.3170018923,0,-1.453371502,4.537215545,-3.039685279
25.61,-64.51972953,0.05604778333,0.6005997852,0.3170167227,0,-1.453188845,4.537902766,-3.03981886
25.62,-64.52018215,0.05604609443,0.6005745981,0.3170315131,0,-1.453002288,4.538585077,-3.039954646
25.63,-64.52064209,0.05604435266,0.6005494599,0.3170462632,0,-1.452811847,4.539262482,-3.040092626
25.64,-64.5211093,0.05604255822,0.6005243707,0.3170609729,0,-1.45261754,4.539934982,-3.040232791
25.65,-64.52158377,0.05604071131,0.6004993309,0.3170756422,0,-1.452419384,4.540602579,-3.040375131
25.66,-64.52206545,0.05603881214,0.6004743407,0.3170902708,0,-1.452217396,4.541265274,-3.040519636
25.67,-64.52255432,0.05603686091,0.6004494003,0.3171048587,0,-1.452011593,4.541923071,-3.040666297
25.68,-64.52305035,0.05603485783,0.6004245099,0.3171194057,0,-1.451801994,4.542575971,-3.040815104
25.69,-64.52355349,0.0560328031,0.6003996699,0.3171339118,0,-1.451588614,4.543223977,-3.040966047
25.7,-64.52406372,0.05603069694,0.6003748804,0.3171483767,0,-1.451371473,4.543867092,-3.041119117
25.71,-64.52458101,0.05602853955,0.6003501417,0.3171628003,0,-1.451150587,4.544505317,-3.041274303
25.72,-64.52510532,0.05602633113,0.600325454,0.3171771825,0,-1.450925973,4.545138656,-3.041431596
25.73,-64.52563662,0.0560240719,0.6003008175,0.3171915233,0,-1.45069765,4.545767111,-3.041590986
25.74,-64.52617488,0.05602176206,0.6002762326,0.3172058224,0,-1.450465635,4.546390685,-3.041752463
25.75,-64.52672006,0.05601940182,0.6002516993,0.3172200798,0,-1.450229946,4.547009382,-3.041916018
25.76,-64.52727214,0.05601699139,0.600227218,0.3172342953,0,-1.4499906,4.547623204,-3.042081641
25.77,-64.52783107,0.05601453099,0.6002027888,0.3172484688,0,-1.449747615,4.548232154,-3.042249321
25.78,-64.52839683,0.05601202082,0.600178412,0.3172626003,0,-1.44950101,4.548836236,-3.042419049
25.79,-64.52896938,0.05600946109,0.6001540879,0.3172766895,0,-1.449250802,4.549435454,-3.042590814
25.8,-64.52954869,0.05600685203,0.6001298165,0.3172907363,0,-1.448997009,4.55002981,-3.042764608
25.81,-64.53013473,0.05600419383,0.6001055982,0.3173047408,0,-1.448739648,4.550619308,-3.04294042
25.82,-64.53072747,0.05600148671,0.6000814332,0.3173187026,0,-1.448478739,4.551203952,-3.04311824
25.83,-64.53132686,0.05599873089,0.6000573217,0.3173326218,0,-1.448214299,4.551783746,-3.043298059
25.84,-64.53193288,0.05599592657,0.6000332638,0.3173464983,0,-1.447946346,4.552358694,-3.043479865
25.85,-64.5325455,0.05599307399,0.6000092599,0.3173603318,0,-1.447674898,4.552928799,-3.04366365
25.86,-64.53316468,0.05599017333,0.5999853101,0.3173741223,0,-1.447399973,4.553494066,-3.043849404
25.87,-64.53379038,0.05598722484,0.5999614146,0.3173878697,0,-1.44712159,4.554054499,-3.044037115
25.88,-64.53442258,0.05598422871,0.5999375737,0.317401574,0,-1.446839767,4.554610102,-3.044226775
25.89,-64.53506124,0.05598118516,0.5999137875,0.3174152349,0,-1.446554522,4.55516088,-3.044418373
25.9,-64.53570633,0.05597809442,0.5998900562,0.3174288523,0,-1.446265874,4.555706837,-3.0446119
25.91,-64.53635781,0.0559749567,0.5998663801,0.3174424263,0,-1.44597384,4.556247978,-3.044807344
25.92,-64.53701566,0.05597177221,0.5998427594,0.3174559566,0,-1.445678439,4.556784307,-3.045004697
25.93,-64.53767983,0.05596854118,0.5998191942,0.3174694432,0,-1.445379691,4.557315829,-3.045203948
25.94,-64.53835029,0.05596526382,0.5997956848,0.317482886,0,-1.445077612,4.557842549,-3.045405087
25.95,-64.53902701,0.05596194035,0.5997722313,0.3174962849,0,-1.444772221,4.558364472,-3.045608104
25.96,-64.53970996,0.05595857099,0.599748834,0.3175096398,0,-1.444463538,4.558881603,-3.045812988
25.97,-64.5403991,0.05595515596,0.599725493,0.3175229505,0,-1.44415158,4.559393947,-3.046019731
25.98,-64.5410944,0.05595169548,0.5997022085,0.3175362171,0,-1.443836367,4.559901509,-3.046228321
25.99,-64.54179583,0.05594818977,0.5996789807,0.3175494394,0,-1.443517916,4.560404296,-3.046438748
26,-64.54250334,0.05594463905,0.5996558099,0.3175626172,0,-1.443196247,4.560902311,-3.046651003
26.01,-64.54321692,0.05594104354,0.5996326961,0.3175757506,0,-1.442871378,4.561395562,-3.046865075
26.02,-64.54393651,0.05593740347,0.5996096396,0.3175888394,0,-1.442543327,4.561884053,-3.047080954
26.03,-64.5446621,0.05593371905,0.5995866406,0.3176018836,0,-1.442212114,4.562367789,-3.047298631
26.04,-64.54539364,0.05592999051,0.5995636991,0.317614883,0,-1.441877757,4.562846778,-3.047518093
26.05,-64.54613111,0.05592621806,0.5995408156,0.3176278376,0,-1.441540276,4.563321025,-3.047739333
26.06,-64.54687446,0.05592240194,0.59951799,0.3176407473,0,-1.441199687,4.563790535,-3.047962338
26.07,-64.54762367,0.05591854237,0.5994952225,0.317653612,0,-1.440856012,4.564255316,-3.0481871
26.08,-64.54837869,0.05591463956,0.5994725135,0.3176664316,0,-1.440509268,4.564715373,-3.048413608
26.09,-64.54913951,0.05591069375,0.5994498629,0.317679206,0,-1.440159474,4.565170712,-3.048641852
26.1,-64.54990607,0.05590670515,0.599427271,0.3176919352,0,-1.439806649,4.565621339,-3.048871821
26.11,-64.55067835,0.055902674,0.599404738,0.3177046191,0,-1.439450812,4.566067262,-3.049103506
26.12,-64.55145632,0.05589860051,0.599382264,0.3177172576,0,-1.439091982,4.566508487,-3.049336895
26.13,-64.55223993,0.05589448491,0.5993598493,0.3177298506,0,-1.438730178,4.566945021,-3.04957198
26.14,-64.55302916,0.05589032743,0.5993374938,0.317742398,0,-1.438365419,4.567376869,-3.049808749
26.15,-64.55382398,0.0558861283,0.5993151979,0.3177548998,0,-1.437997723,4.567804039,-3.050047193
26.16,-64.55462433,0.05588188773,0.5992929617,0.3177673559,0,-1.437627111,4.568226539,-3.0502873
26.17,-64.55543021,0.05587760595,0.5992707853,0.3177797663,0,-1.437253599,4.568644374,-3.050529062
26.18,-64.55624156,0.0558732832,0.5992486689,0.3177921308,0,-1.436877209,4.569057552,-3.050772467
26.19,-64.55705835,0.05586891969,0.5992266127,0.3178044494,0,-1.436497959,4.569466081,-3.051017506
26.2,-64.55788056,0.05586451566,0.5992046167,0.317816722,0,-1.436115867,4.569869966,-3.051264168
26.21,-64.55870814,0.05586007133,0.5991826813,0.3178289485,0,-1.435730953,4.570269217,-3.051512442
26.22,-64.55954106,0.05585558693,0.5991608064,0.3178411289,0,-1.435343236,4.570663839,-3.051762319
26.23,-64.56037929,0.05585106269,0.5991389923,0.3178532632,0,-1.434952735,4.571053842,-3.052013788
26.24,-64.5612228,0.05584649884,0.5991172392,0.3178653512,0,-1.434559469,4.571439231,-3.05226684
26.25,-64.56207154,0.05584189559,0.599095547,0.3178773928,0,-1.434163458,4.571820016,-3.052521462
26.26,-64.56292549,0.05583725319,0.5990739161,0.3178893881,0,-1.433764719,4.572196204,-3.052777647
26.27,-64.56378461,0.05583257186,0.5990523466,0.317901337,0,-1.433363274,4.572567802,-3.053035382
26.28,-64.56464886,0.05582785183,0.5990308385,0.3179132394,0,-1.432959139,4.572934818,-3.053294658
26.29,-64.56551822,0.05582309333,0.599009392,0.3179250952,0,-1.432552335,4.573297262,-3.053555465
26.3,-64.56639264,0.05581829658,0.5989880074,0.3179369044,0,-1.432142881,4.57365514,-3.053817792
26.31,-64.56727209,0.05581346182,0.5989666846,0.3179486669,0,-1.431730796,4.57400846,-3.054081628
26.32,-64.56815655,0.05580858928,0.5989454238,0.3179603827,0,-1.431316099,4.574357233,-3.054346964
26.33,-64.56904597,0.05580367919,0.5989242253,0.3179720517,0,-1.43089881,4.574701464,-3.05461379
26.34,-64.56994031,0.05579873177,0.598903089,0.3179836739,0,-1.430478946,4.575041164,-3.054882094
26.35,-64.57083956,0.05579374725,0.5988820152,0.3179952492,0,-1.430056528,4.57537634,-3.055151867
26.36,-64.57174366,0.05578872588,0.5988610039,0.3180067776,0,-1.429631575,4.575707001,-3.055423098
26.37,-64.57265259,0.05578366787,0.5988400553,0.3180182589,0,-1.429204106,4.576033156,-3.055695778
26.38,-64.57356631,0.05577857346,0.5988191696,0.3180296933,0,-1.42877414,4.576354813,-3.055969894
26.39,-64.5744848,0.05577344287,0.5987983467,0.3180410805,0,-1.428341696,4.576671982,-3.056245439
26.4,-64.575408,0.05576827635,0.598777587,0.3180524206,0,-1.427906793,4.576984671,-3.0565224
26.41,-64.57633589,0.05576307411,0.5987568904,0.3180637135,0,-1.42746945,4.57729289,-3.056800768
26.42,-64.57726844,0.0557578364,0.5987362571,0.3180749592,0,-1.427029688,4.577596646,-3.057080533
26.43,-64.57820561,0.05575256344,0.5987156872,0.3180861577,0,-1.426587524,4.577895951,-3.057361683
26.44,-64.57914737,0.05574725546,0.5986951809,0.3180973088,0,-1.426142978,4.578190811,-3.05764421
26.45,-64.58009367,0.05574191269,0.5986747382,0.3181084126,0,-1.425696069,4.578481238,-3.057928102
26.46,-64.5810445,0.05573653537,0.5986543593,0.3181194689,0,-1.425246816,4.578767241,-3.058213349
26.47,-64.5819998,0.05573112373,0.5986340442,0.3181304779,0,-1.424795239,4.579048828,-3.058499941
26.48,-64.58295956,0.055725678,0.5986137931,0.3181414393,0,-1.424341356,4.57932601,-3.058787867
26.49,-64.58392373,0.05572019841,0.5985936061,0.3181523533,0,-1.423885187,4.579598796,-3.059077118
26.5,-64.58489228,0.05571468518,0.5985734833,0.3181632197,0,-1.423426751,4.579867195,-3.059367683
26.51,-64.58586517,0.05570913857,0.5985534248,0.3181740385,0,-1.422966066,4.580131218,-3.059659551
26.52,-64.58684238,0.05570355879,0.5985334307,0.3181848098,0,-1.422503152,4.580390874,-3.059952713
26.53,-64.58782386,0.05569794608,0.5985135011,0.3181955333,0,-1.422038028,4.580646173,-3.060247158
26.54,-64.58880958,0.05569230066,0.5984936361,0.3182062092,0,-1.421570714,4.580897126,-3.060542875
26.55,-64.58979952,0.05568662278,0.5984738358,0.3182168374,0,-1.421101227,4.581143741,-3.060839855
26.56,-64.59079363,0.05568091266,0.5984541003,0.3182274178,0,-1.420629588,4.58138603,-3.061138088
26.57,-64.59179187,0.05567517054,0.5984344297,0.3182379504,0,-1.420155815,4.581624003,-3.061437562
26.58,-64.59279423,0.05566939664,0.5984148241,0.3182484353,0,-1.419679927,4.581857669,-3.061738268
26.59,-64.59380065,0.0556635912,0.5983952836,0.3182588723,0,-1.419201944,4.582087039,-3.062040196
26.6,-64.59481111,0.05565775446,0.5983758082,0.3182692615,0,-1.418721884,4.582312123,-3.062343334
26.61,-64.59582558,0.05565188663,0.5983563981,0.3182796028,0,-1.418239766,4.582532933,-3.062647674
26.62,-64.59684401,0.05564598797,0.5983370533,0.3182898962,0,-1.417755609,4.582749478,-3.062953204
26.63,-64.59786638,0.05564005869,0.598317774,0.3183001416,0,-1.417269433,4.582961769,-3.063259914
26.64,-64.59889265,0.05563409902,0.5982985601,0.3183103392,0,-1.416781256,4.583169817,-3.063567795
26.65,-64.59992278,0.05562810921,0.5982794119,0.3183204887,0,-1.416291096,4.583373632,-3.063876835
26.66,-64.60095675,0.05562208948,0.5982603293,0.3183305903,0,-1.415798974,4.583573225,-3.064187026
26.67,-64.60199452,0.05561604007,0.5982413125,0.3183406438,0,-1.415304908,4.583768608,-3.064498355
26.68,-64.60303605,0.0556099612,0.5982223616,0.3183506494,0,-1.414808917,4.583959791,-3.064810814
26.69,-64.60408131,0.05560385311,0.5982034765,0.3183606069,0,-1.414311019,4.584146784,-3.065124392
26.7,-64.60513026,0.05559771603,0.5981846575,0.3183705163,0,-1.413811233,4.5843296,-3.065439079
26.71,-64.60618288,0.05559155019,0.5981659045,0.3183803777,0,-1.413309579,4.584508249,-3.065754865
26.72,-64.60723913,0.05558535582,0.5981472176,0.3183901909,0,-1.412806075,4.584682743,-3.066071739
26.73,-64.60829897,0.05557913315,0.5981285969,0.3183999561,0,-1.412300739,4.584853092,-3.066389691
26.74,-64.60936237,0.05557288242,0.5981100425,0.3184096732,0,-1.411793591,4.585019308,-3.066708711
26.75,-64.6104293,0.05556660386,0.5980915545,0.3184193422,0,-1.41128465,4.585181402,-3.067028789
26.76,-64.61149972,0.05556029769,0.5980731328,0.318428963,0,-1.410773933,4.585339386,-3.067349916
26.77,-64.6125736,0.05555396415,0.5980547776,0.3184385357,0,-1.41026146,4.585493272,-3.067672079
26.78,-64.6136509,0.05554760347,0.598036489,0.3184480602,0,-1.409747249,4.58564307,-3.067995271
26.79,-64.6147316,0.05554121588,0.5980182669,0.3184575366,0,-1.409231319,4.585788793,-3.068319479
26.8,-64.61581565,0.05553480161,0.5980001115,0.3184669648,0,-1.408713689,4.585930452,-3.068644695
26.81,-64.61690303,0.05552836089,0.5979820228,0.3184763448,0,-1.408194376,4.586068059,-3.068970908
26.82,-64.61799369,0.05552189396,0.5979640009,0.3184856767,0,-1.4076734,4.586201625,-3.069298108
26.83,-64.61908762,0.05551540103,0.5979460458,0.3184949605,0,-1.40715078,4.586331163,-3.069626286
26.84,-64.62018477,0.05550888235,0.5979281576,0.318504196,0,-1.406626532,4.586456685,-3.06995543
26.85,-64.6212851,0.05550233813,0.5979103363,0.3185133834,0,-1.406100677,4.586578201,-3.070285531
26.86,-64.62238859,0.05549576862,0.597892582,0.3185225226,0,-1.405573233,4.586695725,-3.070616578
26.87,-64.62349521,0.05548917404,0.5978748947,0.3185316136,0,-1.405044217,4.586809269,-3.070948563
26.88,-64.62460491,0.05548255462,0.5978572745,0.3185406564,0,-1.404513648,4.586918844,-3.071281474
26.89,-64.62571767,0.05547591058,0.5978397214,0.3185496511,0,-1.403981545,4.587024463,-3.071615302
26.9,-64.62683345,0.05546924217,0.5978222355,0.3185585976,0,-1.403447926,4.587126138,-3.071950036
26.91,-64.62795222,0.0554625496,0.5978048168,0.318567496,0,-1.402912809,4.587223882,-3.072285667
26.92,-64.62907395,0.05545583311,0.5977874653,0.3185763462,0,-1.402376212,4.587317706,-3.072622185
26.93,-64.6301986,0.05544909292,0.5977701812,0.3185851482,0,-1.401838154,4.587407623,-3.07295958
26.94,-64.63132614,0.05544232926,0.5977529644,0.3185939021,0,-1.401298653,4.587493645,-3.073297841
26.95,-64.63245653,0.05543554237,0.5977358149,0.3186026079,0,-1.400757726,4.587575786,-3.07363696
26.96,-64.63358975,0.05542873246,0.5977187329,0.3186112656,0,-1.400215393,4.587654057,-3.073976925
26.97,-64.63472576,0.05542189977,0.5977017183,0.3186198751,0,-1.39967167,4.587728471,-3.074317727
26.98,-64.63586452,0.05541504452,0.5976847712,0.3186284366,0,-1.399126577,4.587799041,-3.074659356
26.99,-64.63700601,0.05540816694,0.5976678916,0.3186369499,0,-1.398580131,4.58786578,-3.075001802
27,-64.63815019,0.05540126726,0.5976510795,0.3186454152,0,-1.39803235,4.5879287,-3.075345056
27.01,-64.63929702,0.0553943457,0.597634335,0.3186538324,0,-1.397483251,4.587987814,-3.075689107
27.02,-64.64044648,0.05538740249,0.5976176581,0.3186622016,0,-1.396932854,4.588043134,-3.076033945
27.03,-64.64159854,0.05538043785,0.5976010488,0.3186705227,0,-1.396381175,4.588094675,-3.076379561
27.04,-64.64275315,0.05537345202,0.5975845072,0.3186787959,0,-1.395828233,4.588142448,-3.076725945
27.05,-64.64391029,0.05536644522,0.5975680333,0.318687021,0,-1.395274045,4.588186467,-3.077073088
27.06,-64.64506993,0.05535941766,0.597551627,0.3186951981,0,-1.39471863,4.588226745,-3.077420978
27.07,-64.64623202,0.05535236959,0.5975352884,0.3187033273,0,-1.394162003,4.588263294,-3.077769607
27.08,-64.64739655,0.05534530121,0.5975190176,0.3187114086,0,-1.393604185,4.588296129,-3.078118965
27.09,-64.64856347,0.05533821276,0.5975028146,0.3187194419,0,-1.393045191,4.588325261,-3.078469042
27.1,-64.64973276,0.05533110446,0.5974866793,0.3187274274,0,-1.392485039,4.588350705,-3.078819828
27.11,-64.65090438,0.05532397654,0.5974706117,0.318735365,0,-1.391923748,4.588372473,-3.079171314
27.12,-64.6520783,0.05531682921,0.597454612,0.3187432547,0,-1.391361334,4.588390579,-3.079523489
27.13,-64.65325448,0.05530966271,0.5974386801,0.3187510966,0,-1.390797815,4.588405036,-3.079876345
27.14,-64.6544329,0.05530247724,0.597422816,0.3187588907,0,-1.390233209,4.588415858,-3.080229871
27.15,-64.65561353,0.05529527304,0.5974070198,0.318766637,0,-1.389667532,4.588423058,-3.080584058
27.16,-64.65679632,0.05528805033,0.5973912914,0.3187743356,0,-1.389100802,4.588426649,-3.080938897
27.17,-64.65798126,0.05528080933,0.5973756308,0.3187819865,0,-1.388533037,4.588426644,-3.081294377
27.18,-64.6591683,0.05527355027,0.5973600381,0.3187895897,0,-1.387964253,4.588423059,-3.081650489
27.19,-64.66035741,0.05526627335,0.5973445132,0.3187971453,0,-1.387394468,4.588415905,-3.082007224
27.2,-64.66154857,0.05525897881,0.5973290562,0.3188046532,0,-1.386823698,4.588405197,-3.082364571
27.21,-64.66274174,0.05525166686,0.597313667,0.3188121135,0,-1.386251961,4.588390948,-3.082722522
27.22,-64.66393689,0.05524433772,0.5972983457,0.3188195263,0,-1.385679275,4.588373172,-3.083081067
27.23,-64.66513399,0.05523699162,0.5972830923,0.3188268915,0,-1.385105655,4.588351882,-3.083440196
27.24,-64.666333,0.05522962876,0.5972679067,0.3188342092,0,-1.384531119,4.588327093,-3.0837999
27.25,-64.6675339,0.05522224938,0.597252789,0.3188414795,0,-1.383955684,4.588298818,-3.084160169
27.26,-64.66873665,0.05521485369,0.5972377391,0.3188487024,0,-1.383379366,4.588267071,-3.084520994
27.27,-64.66994122,0.05520744191,0.597222757,0.3188558779,0,-1.382802183,4.588231866,-3.084882366
27.28,-64.67114758,0.05520001425,0.5972078428,0.318863006,0,-1.382224151,4.588193216,-3.085244275
27.29,-64.67235571,0.05519257094,0.5971929964,0.3188700868,0,-1.381645287,4.588151137,-3.085606712
27.3,-64.67356556,0.05518511219,0.5971782179,0.3188771204,0,-1.381065607,4.58810564,-3.085969667
27.31,-64.6747771,0.05517763821,0.5971635071,0.3188841067,0,-1.380485128,4.588056742,-3.086333131
27.32,-64.67599032,0.05517014922,0.5971488641,0.3188910458,0,-1.379903867,4.588004455,-3.086697095
27.33,-64.67720516,0.05516264545,0.5971342889,0.3188979378,0,-1.37932184,4.587948793,-3.087061549
27.34,-64.67842161,0.05515512709,0.5971197814,0.3189047827,0,-1.378739064,4.587889771,-3.087426484
27.35,-64.67963964,0.05514759438,0.5971053417,0.3189115805,0,-1.378155555,4.587827403,-3.087791891
27.36,-64.6808592,0.05514004751,0.5970909697,0.3189183313,0,-1.377571328,4.587761703,-3.088157761
27.37,-64.68208028,0.05513248672,0.5970766655,0.3189250351,0,-1.376986402,4.587692686,-3.088524084
27.38,-64.68330284,0.0551249122,0.5970624289,0.318931692,0,-1.376400791,4.587620364,-3.088890851
27.39,-64.68452684,0.05511732418,0.5970482599,0.318938302,0,-1.375814513,4.587544753,-3.089258053
27.4,-64.68575227,0.05510972286,0.5970341586,0.3189448652,0,-1.375227582,4.587465867,-3.089625681
27.41,-64.68697908,0.05510210846,0.597020125,0.3189513816,0,-1.374640016,4.58738372,-3.089993725
27.42,-64.68820726,0.05509448119,0.5970061589,0.3189578513,0,-1.37405183,4.587298326,-3.090362178
27.43,-64.68943676,0.05508684126,0.5969922603,0.3189642743,0,-1.373463041,4.5872097,-3.090731028
27.44,-64.69066756,0.05507918888,0.5969784293,0.3189706506,0,-1.372873663,4.587117856,-3.091100268
27.45,-64.69189963,0.05507152426,0.5969646659,0.3189769804,0,-1.372283714,4.587022808,-3.091469889
27.46,-64.69313294,0.05506384762,0.5969509698,0.3189832636,0,-1.371693208,4.586924572,-3.091839881
27.47,-64.69436745,0.05505615915,0.5969373413,0.3189895003,0,-1.371102162,4.58682316,-3.092210235
27.48,-64.69560314,0.05504845908,0.5969237801,0.3189956906,0,-1.370510591,4.586718588,-3.092580942
27.49,-64.69683998,0.0550407476,0.5969102863,0.3190018346,0,-1.369918511,4.586610871,-3.092951994
27.5,-64.69807794,0.05503302493,0.5968968599,0.3190079322,0,-1.369325938,4.586500022,-3.093323381
27.51,-64.69931698,0.05502529127,0.5968835007,0.3190139835,0,-1.368732887,4.586386056,-3.093695095
27.52,-64.70055709,0.05501754683,0.5968702089,0.3190199887,0,-1.368139373,4.586268988,-3.094067127
27.53,-64.70179822,0.05500979181,0.5968569842,0.3190259477,0,-1.367545412,4.586148832,-3.094439467
27.54,-64.70304036,0.05500202643,0.5968438268,0.3190318606,0,-1.366951019,4.586025603,-3.094812108
27.55,-64.70428346,0.05499425089,0.5968307365,0.3190377274,0,-1.36635621,4.585899315,-3.095185039
27.56,-64.70552751,0.05498646538,0.5968177133,0.3190435483,0,-1.365761,4.585769983,-3.095558253
27.57,-64.70677247,0.05497867013,0.5968047571,0.3190493233,0,-1.365165404,4.585637623,-3.095931741
27.58,-64.70801831,0.05497086532,0.596791868,0.3190550524,0,-1.364569437,4.585502247,-3.096305493
27.59,-64.70926501,0.05496305116,0.5967790458,0.3190607357,0,-1.363973114,4.585363871,-3.096679502
27.6,-64.71051253,0.05495522786,0.5967662906,0.3190663733,0,-1.363376451,4.58522251,-3.097053758
27.61,-64.71176084,0.05494739562,0.5967536022,0.3190719653,0,-1.362779461,4.585078178,-3.097428253
27.62,-64.71300993,0.05493955464,0.5967409807,0.3190775116,0,-1.362182161,4.584930891,-3.097802978
27.63,-64.71425975,0.05493170511,0.5967284259,0.3190830124,0,-1.361584565,4.584780662,-3.098177924
27.64,-64.71551028,0.05492384725,0.5967159379,0.3190884677,0,-1.360986687,4.584627506,-3.098553084
27.65,-64.71676149,0.05491598125,0.5967035165,0.3190938776,0,-1.360388543,4.584471439,-3.098928448
27.66,-64.71801336,0.0549081073,0.5966911617,0.3190992421,0,-1.359790146,4.584312475,-3.099304008
27.67,-64.71926585,0.05490022562,0.5966788735,0.3191045614,0,-1.359191512,4.584150629,-3.099679755
27.68,-64.72051894,0.05489233639,0.5966666518,0.3191098355,0,-1.358592656,4.583985915,-3.100055681
27.69,-64.72177259,0.05488443981,0.5966544966,0.3191150644,0,-1.357993591,4.583818349,-3.100431778
27.7,-64.72302679,0.05487653608,0.5966424077,0.3191202482,0,-1.357394332,4.583647945,-3.100808036
27.71,-64.72428149,0.05486862541,0.5966303852,0.3191253871,0,-1.356794893,4.583474719,-3.101184448
27.72,-64.72553669,0.05486070797,0.5966184289,0.319130481,0,-1.35619529,4.583298684,-3.101561006
27.73,-64.72679233,0.05485278397,0.5966065389,0.3191355301,0,-1.355595535,4.583119856,-3.1019377
27.74,-64.72804841,0.05484485361,0.596594715,0.3191405343,0,-1.354995643,4.582938249,-3.102314523
27.75,-64.72930489,0.05483691707,0.5965829572,0.3191454939,0,-1.354395628,4.582753879,-3.102691466
27.76,-64.73056174,0.05482897455,0.5965712653,0.3191504088,0,-1.353795505,4.582566761,-3.103068521
27.77,-64.73181893,0.05482102625,0.5965596395,0.3191552791,0,-1.353195286,4.582376908,-3.103445679
27.78,-64.73307644,0.05481307235,0.5965480795,0.319160105,0,-1.352594987,4.582184337,-3.103822933
27.79,-64.73433425,0.05480511305,0.5965365853,0.3191648864,0,-1.351994621,4.581989062,-3.104200275
27.8,-64.73559232,0.05479714853,0.5965251569,0.3191696234,0,-1.351394201,4.581791098,-3.104577696
27.81,-64.73685063,0.05478917899,0.5965137942,0.3191743162,0,-1.350793742,4.58159046,-3.104955188
27.82,-64.73810914,0.05478120463,0.5965024971,0.3191789648,0,-1.350193257,4.581387163,-3.105332742
27.83,-64.73936784,0.05477322562,0.5964912654,0.3191835693,0,-1.34959276,4.581181221,-3.105710352
27.84,-64.74062669,0.05476524215,0.5964800993,0.3191881298,0,-1.348992264,4.58097265,-3.106088008
27.85,-64.74188568,0.05475725442,0.5964689985,0.3191926463,0,-1.348391783,4.580761465,-3.106465703
27.86,-64.74314476,0.05474926261,0.5964579631,0.3191971189,0,-1.34779133,4.58054768,-3.106843429
27.87,-64.74440393,0.05474126691,0.5964469929,0.3192015477,0,-1.347190918,4.580331311,-3.107221178
27.88,-64.74566314,0.0547332675,0.5964360878,0.3192059328,0,-1.346590562,4.580112372,-3.107598942
27.89,-64.74692238,0.05472526457,0.5964252478,0.3192102742,0,-1.345990273,4.579890879,-3.107976713
27.9,-64.74818161,0.0547172583,0.5964144729,0.3192145721,0,-1.345390065,4.579666846,-3.108354483
27.91,-64.74944081,0.05470924888,0.5964037628,0.3192188265,0,-1.344789952,4.579440288,-3.108732244
27.92,-64.75069996,0.05470123649,0.5963931176,0.3192230375,0,-1.344189946,4.579211221,-3.109109989
27.93,-64.75195903,0.05469322132,0.5963825371,0.3192272052,0,-1.34359006,4.578979658,-3.109487709
27.94,-64.75321799,0.05468520354,0.5963720213,0.3192313297,0,-1.342990308,4.578745616,-3.109865398
27.95,-64.75447682,0.05467718334,0.5963615701,0.319235411,0,-1.342390701,4.578509109,-3.110243046
27.96,-64.75573549,0.0546691609,0.5963511834,0.3192394493,0,-1.341791253,4.578270152,-3.110620647
27.97,-64.75699398,0.05466113639,0.5963408611,0.3192434446,0,-1.341191977,4.578028761,-3.110998193
27.98,-64.75825225,0.05465311001,0.5963306031,0.3192473971,0,-1.340592884,4.577784949,-3.111375676
27.99,-64.7595103,0.05464508192,0.5963204094,0.3192513067,0,-1.339993988,4.577538732,-3.111753089
28,-64.76076808,0.0546370523,0.5963102798,0.3192551736,0,-1.339395302,4.577290125,-3.112130424
28.01,-64.76202558,0.05462902134,0.5963002143,0.3192589979,0,-1.338796837,4.577039142,-3.112507673
28.02,-64.76328276,0.05462098921,0.5962902127,0.3192627796,0,-1.338198606,4.5767858,-3.112884829
28.03,-64.76453961,0.05461295608,0.5962802751,0.319266519,0,-1.337600621,4.576530112,-3.113261884
28.04,-64.76579611,0.05460492213,0.5962704012,0.3192702159,0,-1.337002895,4.576272094,-3.113638832
28.05,-64.76705221,0.05459688754,0.596260591,0.3192738706,0,-1.33640544,4.57601176,-3.114015664
28.06,-64.76830791,0.05458885248,0.5962508445,0.3192774831,0,-1.335808267,4.575749126,-3.114392374
28.07,-64.76956318,0.05458081712,0.5962411614,0.3192810535,0,-1.335211389,4.575484207,-3.114768953
28.08,-64.77081798,0.05457278163,0.5962315417,0.3192845819,0,-1.334614818,4.575217016,-3.115145394
28.09,-64.7720723,0.05456474619,0.5962219853,0.3192880685,0,-1.334018566,4.57494757,-3.115521691
28.1,-64.77332612,0.05455671098,0.5962124922,0.3192915132,0,-1.333422645,4.574675883,-3.115897836
28.11,-64.7745794,0.05454867615,0.5962030622,0.3192949162,0,-1.332827066,4.57440197,-3.116273821
28.12,-64.77583213,0.05454064188,0.5961936951,0.3192982776,0,-1.332231841,4.574125846,-3.11664964
28.13,-64.77708428,0.05453260833,0.596184391,0.3193015974,0,-1.331636982,4.573847526,-3.117025285
28.14,-64.77833583,0.05452457569,0.5961751497,0.3193048758,0,-1.331042501,4.573567024,-3.117400749
28.15,-64.77958675,0.05451654411,0.5961659711,0.3193081129,0,-1.330448408,4.573284356,-3.117776025
28.16,-64.78083702,0.05450851376,0.5961568552,0.3193113087,0,-1.329854715,4.572999536,-3.118151106
28.17,-64.78208662,0.05450048481,0.5961478017,0.3193144634,0,-1.329261435,4.572712579,-3.118525985
28.18,-64.78333552,0.05449245742,0.5961388106,0.319317577,0,-1.328668577,4.572423501,-3.118900655
28.19,-64.78458369,0.05448443176,0.5961298818,0.3193206497,0,-1.328076154,4.572132315,-3.119275108
28.2,-64.78583113,0.05447640799,0.5961210152,0.3193236815,0,-1.327484176,4.571839037,-3.119649339
28.21,-64.7870778,0.05446838628,0.5961122107,0.3193266726,0,-1.326892655,4.571543681,-3.120023339
28.22,-64.78832368,0.05446036679,0.5961034681,0.319329623,0,-1.326301602,4.571246263,-3.120397103
28.23,-64.78956874,0.05445234968,0.5960947874,0.3193325328,0,-1.325711028,4.570946797,-3.120770622
28.24,-64.79081297,0.05444433512,0.5960861684,0.3193354022,0,-1.325120943,4.570645297,-3.121143891
28.25,-64.79205634,0.05443632325,0.5960776111,0.3193382312,0,-1.324531358,4.570341779,-3.121516903
28.26,-64.79329883,0.05442831425,0.5960691153,0.3193410199,0,-1.323942285,4.570036257,-3.12188965
28.27,-64.79454042,0.05442030828,0.596060681,0.3193437685,0,-1.323353734,4.569728747,-3.122262126
28.28,-64.79578108,0.05441230548,0.5960523079,0.3193464771,0,-1.322765716,4.569419262,-3.122634325
28.29,-64.7970208,0.05440430602,0.596043996,0.3193491456,0,-1.322178241,4.569107817,-3.12300624
28.3,-64.79825954,0.05439631006,0.5960357452,0.3193517743,0,-1.321591319,4.568794427,-3.123377863
28.31,-64.7994973,0.05438831775,0.5960275553,0.3193543633,0,-1.321004962,4.568479108,-3.123749189
28.32,-64.80073404,0.05438032924,0.5960194263,0.3193569126,0,-1.32041918,4.568161872,-3.124120211
28.33,-64.80196974,0.0543723447,0.596011358,0.3193594223,0,-1.319833983,4.567842736,-3.124490922
28.34,-64.80320438,0.05436436428,0.5960033504,0.3193618926,0,-1.319249381,4.567521713,-3.124861315
28.35,-64.80443795,0.05435638812,0.5959954032,0.3193643236,0,-1.318665384,4.567198818,-3.125231385
28.36,-64.80567042,0.05434841639,0.5959875164,0.3193667153,0,-1.318082003,4.566874067,-3.125601125
28.37,-64.80690176,0.05434044923,0.5959796898,0.3193690679,0,-1.317499248,4.566547473,-3.125970529
28.38,-64.80813197,0.05433248679,0.5959719234,0.3193713815,0,-1.316917128,4.56621905,-3.12633959
28.39,-64.809361,0.05432452923,0.5959642169,0.3193736561,0,-1.316335654,4.565888814,-3.126708301
28.4,-64.81058886,0.0543165767,0.5959565704,0.319375892,0,-1.315754836,4.56555678,-3.127076657
28.41,-64.8118155,0.05430862934,0.5959489836,0.3193780891,0,-1.315174683,4.56522296,-3.127444651
28.42,-64.81304092,0.0543006873,0.5959414565,0.3193802476,0,-1.314595205,4.564887371,-3.127812276
28.43,-64.81426509,0.05429275073,0.5959339889,0.3193823676,0,-1.314016411,4.564550026,-3.128179528
28.44,-64.815488,0.05428481978,0.5959265806,0.3193844493,0,-1.313438312,4.56421094,-3.128546399
28.45,-64.81670961,0.05427689459,0.5959192317,0.3193864926,0,-1.312860917,4.563870127,-3.128912883
28.46,-64.81792992,0.0542689753,0.5959119418,0.3193884978,0,-1.312284235,4.563527602,-3.129278975
28.47,-64.81914889,0.05426106207,0.595904711,0.319390465,0,-1.311708276,4.563183379,-3.129644667
28.48,-64.82036652,0.05425315503,0.5958975391,0.3193923941,0,-1.311133048,4.562837473,-3.130009955
28.49,-64.82158277,0.05424525433,0.5958904259,0.3193942855,0,-1.310558563,4.562489897,-3.130374832
28.5,-64.82279764,0.05423736011,0.5958833714,0.3193961391,0,-1.309984827,4.562140666,-3.130739292
28.51,-64.8240111,0.05422947252,0.5958763753,0.3193979551,0,-1.309411852,4.561789795,-3.13110333
28.52,-64.82522313,0.05422159168,0.5958694376,0.3193997335,0,-1.308839645,4.561437297,-3.131466938
28.53,-64.82643371,0.05421371775,0.5958625582,0.3194014746,0,-1.308268216,4.561083187,-3.131830112
28.54,-64.82764282,0.05420585085,0.5958557368,0.3194031784,0,-1.307697574,4.560727479,-3.132192845
28.55,-64.82885044,0.05419799114,0.5958489735,0.3194048449,0,-1.307127728,4.560370187,-3.132555132
28.56,-64.83005656,0.05419013874,0.595842268,0.3194064745,0,-1.306558686,4.560011326,-3.132916967
28.57,-64.83126115,0.0541822938,0.5958356201,0.319408067,0,-1.305990458,4.55965091,-3.133278344
28.58,-64.83246419,0.05417445644,0.5958290299,0.3194096228,0,-1.305423051,4.559288952,-3.133639258
28.59,-64.83366567,0.05416662681,0.5958224971,0.3194111418,0,-1.304856475,4.558925467,-3.133999702
28.6,-64.83486557,0.05415880504,0.5958160216,0.3194126241,0,-1.304290738,4.558560469,-3.134359672
28.61,-64.83606387,0.05415099127,0.5958096032,0.31941407,0,-1.303725849,4.558193973,-3.134719161
28.62,-64.83726055,0.05414318562,0.5958032419,0.3194154795,0,-1.303161816,4.557825991,-3.135078164
28.63,-64.83845558,0.05413538823,0.5957969375,0.3194168527,0,-1.302598647,4.557456538,-3.135436675
28.64,-64.83964896,0.05412759923,0.5957906899,0.3194181898,0,-1.302036351,4.557085628,-3.135794689
28.65,-64.84084067,0.05411981875,0.5957844988,0.3194194908,0,-1.301474936,4.556713275,-3.136152201
28.66,-64.84203068,0.05411204692,0.5957783643,0.3194207558,0,-1.30091441,4.556339493,-3.136509204
28.67,-64.84321898,0.05410428387,0.595772286,0.3194219851,0,-1.300354782,4.555964295,-3.136865694
28.68,-64.84440555,0.05409652973,0.595766264,0.3194231786,0,-1.299796059,4.555587697,-3.137221665
28.69,-64.84559037,0.05408878462,0.595760298,0.3194243366,0,-1.299238249,4.555209711,-3.137577112
28.7,-64.84677343,0.05408104868,0.595754388,0.3194254591,0,-1.298681361,4.554830351,-3.13793203
28.71,-64.84795471,0.05407332203,0.5957485337,0.3194265463,0,-1.298125401,4.554449631,-3.138286412
28.72,-64.84913418,0.05406560479,0.5957427351,0.3194275982,0,-1.297570379,4.554067565,-3.138640255
28.73,-64.85031184,0.05405789709,0.5957369919,0.319428615,0,-1.297016302,4.553684167,-3.138993552
28.74,-64.85148766,0.05405019906,0.5957313041,0.3194295968,0,-1.296463176,4.553299449,-3.139346299
28.75,-64.85266163,0.05404251081,0.5957256716,0.3194305437,0,-1.295911011,4.552913427,-3.13969849
28.76,-64.85383374,0.05403483247,0.595720094,0.3194314558,0,-1.295359813,4.552526114,-3.140050121
28.77,-64.85500395,0.05402716416,0.5957145714,0.3194323333,0,-1.294809591,4.552137522,-3.140401186
28.78,-64.85617227,0.054019506,0.5957091036,0.3194331763,0,-1.29426035,4.551747667,-3.14075168
28.79,-64.85733866,0.05401185811,0.5957036903,0.3194339848,0,-1.2937121,4.551356561,-3.141101598
28.8,-64.85850312,0.05400422062,0.5956983316,0.3194347591,0,-1.293164846,4.550964218,-3.141450935
28.81,-64.85966562,0.05399659363,0.5956930272,0.3194354992,0,-1.292618597,4.550570651,-3.141799687
28.82,-64.86082616,0.05398897727,0.5956877769,0.3194362052,0,-1.29207336,4.550175874,-3.142147848
28.83,-64.86198471,0.05398137165,0.5956825808,0.3194368773,0,-1.291529141,4.5497799,-3.142495413
28.84,-64.86314126,0.05397377689,0.5956774384,0.3194375156,0,-1.290985947,4.549382743,-3.142842378
28.85,-64.86429579,0.0539661931,0.5956723499,0.3194381202,0,-1.290443787,4.548984416,-3.143188738
28.86,-64.86544829,0.05395862041,0.5956673149,0.3194386912,0,-1.289902666,4.548584932,-3.143534488
28.87,-64.86659874,0.05395105892,0.5956623334,0.3194392287,0,-1.289362591,4.548184305,-3.143879623
28.88,-64.86774713,0.05394350875,0.5956574051,0.3194397329,0,-1.28882357,4.547782548,-3.144224139
28.89,-64.86889344,0.05393597001,0.59565253,0.3194402039,0,-1.288285608,4.547379674,-3.144568031
28.9,-64.87003765,0.0539284428,0.5956477079,0.3194406418,0,-1.287748714,4.546975696,-3.144911294
28.91,-64.87117974,0.05392092725,0.5956429386,0.3194410468,0,-1.287212892,4.546570629,-3.145253923
28.92,-64.87231972,0.05391342347,0.595638222,0.3194414188,0,-1.286678151,4.546164483,-3.145595915
28.93,-64.87345755,0.05390593155,0.5956335579,0.3194417582,0,-1.286144496,4.545757274,-3.145937264
28.94,-64.87459322,0.05389845162,0.5956289463,0.3194420649,0,-1.285611933,4.545349014,-3.146277967
28.95,-64.87572673,0.05389098377,0.5956243868,0.3194423392,0,-1.28508047,4.544939715,-3.146618018
28.96,-64.87685804,0.05388352812,0.5956198794,0.3194425811,0,-1.284550113,4.544529392,-3.146957413
28.97,-64.87798716,0.05387608476,0.5956154239,0.3194427907,0,-1.284020867,4.544118057,-3.147296147
28.98,-64.87911406,0.05386865382,0.5956110202,0.3194429683,0,-1.283492739,4.543705722,-3.147634217
28.99,-64.88023873,0.05386123539,0.5956066681,0.3194431138,0,-1.282965736,4.543292401,-3.147971618
29,-64.88136115,0.05385382957,0.5956023675,0.3194432275,0,-1.282439863,4.542878107,-3.148308346
29.01,-64.88248132,0.05384643647,0.5955981182,0.3194433094,0,-1.281915125,4.542462853,-3.148644396
29.02,-64.88359922,0.0538390562,0.59559392,0.3194433597,0,-1.281391531,4.54204665,-3.148979765
29.03,-64.88471482,0.05383168885,0.5955897728,0.3194433785,0,-1.280869084,4.541629513,-3.149314447
29.04,-64.88582813,0.05382433452,0.5955856764,0.3194433659,0,-1.280347791,4.541211454,-3.149648439
29.05,-64.88693912,0.05381699332,0.5955816307,0.319443322,0,-1.279827658,4.540792485,-3.149981737
29.06,-64.88804779,0.05380966534,0.5955776355,0.319443247,0,-1.279308691,4.540372619,-3.150314336
29.07,-64.88915411,0.05380235068,0.5955736906,0.319443141,0,-1.278790894,4.539951869,-3.150646233
29.08,-64.89025808,0.05379504945,0.595569796,0.3194430041,0,-1.278274275,4.539530247,-3.150977424
29.09,-64.89135968,0.05378776174,0.5955659514,0.3194428365,0,-1.277758838,4.539107767,-3.151307903
29.1,-64.89245889,0.05378048764,0.5955621567,0.3194426382,0,-1.277244589,4.538684439,-3.151637668
29.11,-64.89355572,0.05377322725,0.5955584117,0.3194424094,0,-1.276731533,4.538260278,-3.151966715
29.12,-64.89465013,0.05376598066,0.5955547163,0.3194421502,0,-1.276219675,4.537835295,-3.152295039
29.13,-64.89574212,0.05375874798,0.5955510702,0.3194418608,0,-1.275709022,4.537409503,-3.152622637
29.14,-64.89683168,0.05375152929,0.5955474734,0.3194415412,0,-1.275199578,4.536982914,-3.152949505
29.15,-64.8979188,0.05374432469,0.5955439257,0.3194411916,0,-1.274691349,4.53655554,-3.153275639
29.16,-64.89900345,0.05373713427,0.595540427,0.3194408121,0,-1.274184339,4.536127394,-3.153601035
29.17,-64.90008563,0.05372995811,0.5955369769,0.3194404028,0,-1.273678554,4.535698488,-3.15392569
29.18,-64.90116533,0.05372279632,0.5955335755,0.3194399639,0,-1.273173999,4.535268834,-3.154249599
29.19,-64.90224253,0.05371564898,0.5955302225,0.3194394955,0,-1.272670679,4.534838445,-3.15457276
29.2,-64.90331723,0.05370851617,0.5955269178,0.3194389978,0,-1.272168599,4.534407332,-3.154895168
29.21,-64.9043894,0.053701398,0.5955236612,0.3194384707,0,-1.271667763,4.533975508,-3.15521682
29.22,-64.90545904,0.05369429454,0.5955204525,0.3194379145,0,-1.271168177,4.533542984,-3.155537713
29.23,-64.90652614,0.05368720588,0.5955172917,0.3194373293,0,-1.270669845,4.533109773,-3.155857842
29.24,-64.90759068,0.05368013211,0.5955141784,0.3194367152,0,-1.270172772,4.532675887,-3.156177204
29.25,-64.90865265,0.05367307331,0.5955111127,0.3194360724,0,-1.269676962,4.532241338,-3.156495796
29.26,-64.90971205,0.05366602958,0.5955080942,0.3194354009,0,-1.269182421,4.531806137,-3.156813614
29.27,-64.91076885,0.05365900098,0.5955051228,0.319434701,0,-1.268689153,4.531370296,-3.157130655
29.28,-64.91182305,0.05365198761,0.5955021984,0.3194339726,0,-1.268197162,4.530933828,-3.157446916
29.29,-64.91287464,0.05364498955,0.5954993208,0.319433216,0,-1.267706452,4.530496744,-3.157762393
29.3,-64.91392361,0.05363800688,0.5954964899,0.3194324312,0,-1.267217029,4.530059055,-3.158077082
29.31,-64.91496994,0.05363103969,0.5954937054,0.3194316185,0,-1.266728896,4.529620774,-3.158390981
29.32,-64.91601362,0.05362408804,0.5954909672,0.3194307779,0,-1.266242058,4.529181912,-3.158704087
29.33,-64.91705465,0.05361715202,0.5954882752,0.3194299095,0,-1.265756519,4.528742481,-3.159016395
29.34,-64.91809301,0.05361023171,0.5954856291,0.3194290136,0,-1.265272284,4.528302492,-3.159327903
29.35,-64.91912869,0.0536033272,0.5954830289,0.3194280901,0,-1.264789355,4.527861957,-3.159638608
29.36,-64.92016169,0.05359643854,0.5954804743,0.3194271393,0,-1.264307738,4.527420888,-3.159948506
29.37,-64.92119198,0.05358956583,0.5954779652,0.3194261612,0,-1.263827436,4.526979295,-3.160257594
29.38,-64.92221957,0.05358270914,0.5954755014,0.319425156,0,-1.263348454,4.526537191,-3.16056587
29.39,-64.92324444,0.05357586854,0.5954730827,0.3194241238,0,-1.262870795,4.526094587,-3.160873331
29.4,-64.92426657,0.05356904411,0.595470709,0.3194230648,0,-1.262394463,4.525651493,-3.161179972
29.41,-64.92528597,0.05356223592,0.5954683801,0.319421979,0,-1.261919462,4.525207922,-3.161485792
29.42,-64.92630262,0.05355544405,0.5954660959,0.3194208666,0,-1.261445796,4.524763884,-3.161790787
29.43,-64.92731652,0.05354866856,0.5954638561,0.3194197277,0,-1.260973468,4.524319392,-3.162094955
29.44,-64.92832764,0.05354190953,0.5954616607,0.3194185625,0,-1.260502482,4.523874455,-3.162398292
29.45,-64.92933599,0.05353516703,0.5954595094,0.3194173711,0,-1.260032842,4.523429086,-3.162700796
29.46,-64.93034155,0.05352844114,0.595457402,0.3194161536,0,-1.259564551,4.522983294,-3.163002464
29.47,-64.93134431,0.05352173191,0.5954553385,0.3194149101,0,-1.259097613,4.522537093,-3.163303293
29.48,-64.93234427,0.05351503942,0.5954533186,0.3194136407,0,-1.258632032,4.522090491,-3.16360328
29.49,-64.93334141,0.05350836374,0.5954513421,0.3194123457,0,-1.25816781,4.521643501,-3.163902423
29.5,-64.93433573,0.05350170494,0.595449409,0.319411025,0,-1.257704951,4.521196133,-3.164200719
29.51,-64.93532722,0.05349506307,0.595447519,0.3194096789,0,-1.257243458,4.520748398,-3.164498165
29.52,-64.93631586,0.05348843822,0.5954456719,0.3194083074,0,-1.256783335,4.520300307,-3.164794759
29.53,-64.93730166,0.05348183044,0.5954438676,0.3194069108,0,-1.256324584,4.51985187,-3.165090497
29.54,-64.93828459,0.05347523979,0.595442106,0.3194054891,0,-1.25586721,4.5194031,-3.165385378
29.55,-64.93926466,0.05346866635,0.5954403868,0.3194040424,0,-1.255411214,4.518954005,-3.165679399
29.56,-64.94024186,0.05346211017,0.5954387098,0.3194025709,0,-1.254956601,4.518504598,-3.165972558
29.57,-64.94121617,0.05345557132,0.595437075,0.3194010746,0,-1.254503373,4.518054888,-3.166264851
29.58,-64.94218759,0.05344904986,0.5954354821,0.3193995539,0,-1.254051533,4.517604886,-3.166556277
29.59,-64.94315611,0.05344254585,0.595433931,0.3193980086,0,-1.253601084,4.517154603,-3.166846833
29.6,-64.94412172,0.05343605936,0.5954324215,0.3193964391,0,-1.253152029,4.516704049,-3.167136516
29.61,-64.94508442,0.05342959043,0.5954309535,0.3193948453,0,-1.25270437,4.516253235,-3.167425325
29.62,-64.94604419,0.05342313914,0.5954295267,0.3193932275,0,-1.252258112,4.515802171,-3.167713257
29.63,-64.94700103,0.05341670554,0.5954281409,0.3193915858,0,-1.251813255,4.515350868,-3.168000309
29.64,-64.94795493,0.05341028968,0.5954267961,0.3193899203,0,-1.251369803,4.514899335,-3.16828648
29.65,-64.94890589,0.05340389163,0.5954254921,0.319388231,0,-1.250927759,4.514447584,-3.168571767
29.66,-64.94985389,0.05339751144,0.5954242286,0.3193865183,0,-1.250487126,4.513995623,-3.168856168
29.67,-64.95079893,0.05339114917,0.5954230055,0.3193847821,0,-1.250047904,4.513543465,-3.16913968
29.68,-64.95174101,0.05338480487,0.5954218227,0.3193830225,0,-1.249610098,4.513091118,-3.169422302
29.69,-64.95268011,0.0533784786,0.5954206799,0.3193812399,0,-1.24917371,4.512638593,-3.169704032
29.7,-64.95361622,0.05337217041,0.595419577,0.3193794341,0,-1.248738742,4.5121859,-3.169984867
29.71,-64.95454935,0.05336588036,0.5954185139,0.3193776055,0,-1.248305196,4.511733049,-3.170264805
29.72,-64.95547948,0.05335960849,0.5954174903,0.319375754,0,-1.247873075,4.51128005,-3.170543844
29.73,-64.95640661,0.05335335486,0.5954165061,0.3193738799,0,-1.247442381,4.510826913,-3.170821983
29.74,-64.95733073,0.05334711952,0.5954155611,0.3193719833,0,-1.247013117,4.510373648,-3.171099219
29.75,-64.95825183,0.05334090252,0.5954146551,0.3193700642,0,-1.246585283,4.509920264,-3.17137555
29.76,-64.95916992,0.05333470391,0.595413788,0.3193681229,0,-1.246158884,4.509466772,-3.171650975
29.77,-64.96008497,0.05332852374,0.5954129595,0.3193661593,0,-1.24573392,4.509013182,-3.171925491
29.78,-64.96099699,0.05332236206,0.5954121696,0.3193641738,0,-1.245310394,4.508559502,-3.172199097
29.79,-64.96190597,0.05331621892,0.5954114181,0.3193621663,0,-1.244888307,4.508105743,-3.17247179
29.8,-64.9628119,0.05331009436,0.5954107047,0.3193601371,0,-1.244467663,4.507651915,-3.17274357
29.81,-64.96371478,0.05330398844,0.5954100294,0.3193580862,0,-1.244048462,4.507198026,-3.173014434
29.82,-64.9646146,0.05329790119,0.5954093919,0.3193560138,0,-1.243630706,4.506744087,-3.17328438
29.83,-64.96551136,0.05329183266,0.595408792,0.3193539199,0,-1.243214398,4.506290107,-3.173553407
29.84,-64.96640504,0.0532857829,0.5954082296,0.3193518048,0,-1.242799539,4.505836095,-3.173821513
29.85,-64.96729566,0.05327975195,0.5954077046,0.3193496686,0,-1.242386131,4.505382062,-3.174088697
29.86,-64.96818319,0.05327373986,0.5954072167,0.3193475113,0,-1.241974176,4.504928016,-3.174354956
29.87,-64.96906763,0.05326774667,0.5954067658,0.3193453331,0,-1.241563675,4.504473966,-3.17462029
29.88,-64.96994899,0.05326177241,0.5954063517,0.3193431341,0,-1.24115463,4.504019922,-3.174884696
29.89,-64.97082724,0.05325581714,0.5954059742,0.3193409145,0,-1.240747042,4.503565894,-3.175148173
29.9,-64.9717024,0.05324988089,0.5954056332,0.3193386744,0,-1.240340914,4.50311189,-3.175410719
29.91,-64.97257445,0.05324396371,0.5954053285,0.3193364138,0,-1.239936246,4.50265792,-3.175672334
29.92,-64.97344338,0.05323806563,0.5954050599,0.319334133,0,-1.23953304,4.502203992,-3.175933015
29.93,-64.9743092,0.05323218669,0.5954048272,0.3193318321,0,-1.239131297,4.501750116,-3.176192761
29.94,-64.9751719,0.05322632694,0.5954046304,0.3193295111,0,-1.23873102,4.501296301,-3.176451571
29.95,-64.97603148,0.0532204864,0.5954044691,0.3193271702,0,-1.238332208,4.500842556,-3.176709443
29.96,-64.97688792,0.05321466512,0.5954043433,0.3193248096,0,-1.237934864,4.500388889,-3.176966376
29.97,-64.97774123,0.05320886313,0.5954042527,0.3193224293,0,-1.237538989,4.49993531,-3.177222368
29.98,-64.9785914,0.05320308047,0.5954041972,0.3193200294,0,-1.237144584,4.499481828,-3.177477419
29.99,-64.97943842,0.05319731718,0.5954041767,0.3193176102,0,-1.23675165,4.499028451,-3.177731527
30,-64.9802823,0.05319157329,0.5954041908,0.3193151717,0,-1.236360188,4.498575188,-3.17798469
30.01,-64.98112303,0.05318584884,0.5954042396,0.319312714,0,-1.235970199,4.498122048,-3.178236908
30.02,-64.9819606,0.05318014385,0.5954043228,0.3193102374,0,-1.235581685,4.497669039,-3.17848818
30.03,-64.98279501,0.05317445836,0.5954044402,0.3193077418,0,-1.235194647,4.49721617,-3.178738503
30.04,-64.98362626,0.05316879241,0.5954045916,0.3193052274,0,-1.234809085,4.496763451,-3.178987877
30.05,-64.98445434,0.05316314602,0.595404777,0.3193026944,0,-1.234425001,4.496310888,-3.179236302
30.06,-64.98527925,0.05315751923,0.595404996,0.3193001428,0,-1.234042394,4.495858492,-3.179483774
30.07,-64.98610098,0.05315191207,0.5954052487,0.3192975728,0,-1.233661268,4.495406269,-3.179730295
30.08,-64.98691954,0.05314632457,0.5954055347,0.3192949846,0,-1.233281621,4.494954229,-3.179975862
30.09,-64.98773492,0.05314075676,0.5954058539,0.3192923782,0,-1.232903455,4.494502381,-3.180220475
30.1,-64.98854711,0.05313520866,0.5954062061,0.3192897537,0,-1.232526771,4.494050731,-3.180464133
30.11,-64.98935611,0.05312968031,0.5954065912,0.3192871114,0,-1.232151569,4.49359929,-3.180706834
30.12,-64.99016193,0.05312417173,0.595407009,0.3192844512,0,-1.23177785,4.493148064,-3.180948578
30.13,-64.99096454,0.05311868296,0.5954074593,0.3192817734,0,-1.231405615,4.492697062,-3.181189363
30.14,-64.99176397,0.05311321401,0.595407942,0.319279078,0,-1.231034864,4.492246293,-3.18142919
30.15,-64.99256019,0.05310776491,0.5954084569,0.3192763652,0,-1.230665598,4.491795764,-3.181668057
30.16,-64.99335321,0.0531023357,0.5954090038,0.319273635,0,-1.230297818,4.491345484,-3.181905962
30.17,-64.99414302,0.05309692639,0.5954095825,0.3192708877,0,-1.229931523,4.49089546,-3.182142907
30.18,-64.99492963,0.05309153701,0.5954101929,0.3192681234,0,-1.229566716,4.4904457,-3.182378888
30.19,-64.99571302,0.05308616758,0.5954108348,0.3192653421,0,-1.229203395,4.489996213,-3.182613907
30.2,-64.99649321,0.05308081813,0.595411508,0.319262544,0,-1.228841561,4.489547006,-3.182847962
30.21,-64.99727017,0.05307548868,0.5954122124,0.3192597292,0,-1.228481215,4.489098088,-3.183081052
30.22,-64.99804392,0.05307017926,0.5954129478,0.3192568978,0,-1.228122357,4.488649465,-3.183313176
30.23,-64.99881445,0.05306488987,0.595413714,0.3192540499,0,-1.227764987,4.488201146,-3.183544335
30.24,-64.99958176,0.05305962055,0.5954145109,0.3192511858,0,-1.227409106,4.487753138,-3.183774527
30.25,-65.00034584,0.05305437131,0.5954153382,0.3192483054,0,-1.227054714,4.48730545,-3.184003752
30.26,-65.0011067,0.05304914219,0.5954161959,0.3192454089,0,-1.226701811,4.486858088,-3.184232009
30.27,-65.00186432,0.05304393318,0.5954170837,0.3192424965,0,-1.226350397,4.486411061,-3.184459297
30.28,-65.00261872,0.05303874432,0.5954180015,0.3192395682,0,-1.226000473,4.485964375,-3.184685617
30.29,-65.00336989,0.05303357562,0.5954189491,0.3192366241,0,-1.225652038,4.485518039,-3.184910967
30.3,-65.00411782,0.05302842711,0.5954199264,0.3192336645,0,-1.225305092,4.48507206,-3.185135347
30.31,-65.00486252,0.05302329879,0.5954209331,0.3192306893,0,-1.224959636,4.484626445,-3.185358756
30.32,-65.00560398,0.05301819068,0.5954219691,0.3192276988,0,-1.22461567,4.484181202,-3.185581195
30.33,-65.00634221,0.05301310281,0.5954230343,0.3192246931,0,-1.224273193,4.483736338,-3.185802662
30.34,-65.00707719,0.05300803519,0.5954241284,0.3192216722,0,-1.223932205,4.48329186,-3.186023158
30.35,-65.00780894,0.05300298782,0.5954252513,0.3192186363,0,-1.223592707,4.482847775,-3.186242681
30.36,-65.00853744,0.05299796074,0.5954264029,0.3192155855,0,-1.223254698,4.482404091,-3.186461232
30.37,-65.0092627,0.05299295395,0.5954275829,0.3192125199,0,-1.222918179,4.481960816,-3.18667881
30.38,-65.00998472,0.05298796746,0.5954287913,0.3192094397,0,-1.222583148,4.481517955,-3.186895415
30.39,-65.01070349,0.05298300129,0.5954300277,0.3192063449,0,-1.222249606,4.481075516,-3.187111046
30.4,-65.01141901,0.05297805545,0.5954312922,0.3192032357,0,-1.221917552,4.480633506,-3.187325704
30.41,-65.01213129,0.05297312995,0.5954325844,0.3192001121,0,-1.221586987,4.480191933,-3.187539388
30.42,-65.01284032,0.05296822482,0.5954339042,0.3191969744,0,-1.221257909,4.479750802,-3.187752097
30.43,-65.01354611,0.05296334004,0.5954352516,0.3191938227,0,-1.220930319,4.479310122,-3.187963832
30.44,-65.01424864,0.05295847565,0.5954366262,0.3191906569,0,-1.220604216,4.478869898,-3.188174593
30.45,-65.01494793,0.05295363164,0.5954380279,0.3191874774,0,-1.2202796,4.478430138,-3.188384379
30.46,-65.01564397,0.05294880803,0.5954394566,0.3191842841,0,-1.21995647,4.477990848,-3.18859319
30.47,-65.01633675,0.05294400483,0.5954409122,0.3191810772,0,-1.219634826,4.477552035,-3.188801026
30.48,-65.01702629,0.05293922204,0.5954423943,0.3191778568,0,-1.219314667,4.477113706,-3.189007887
30.49,-65.01771258,0.05293445968,0.5954439029,0.3191746231,0,-1.218995994,4.476675868,-3.189213773
30.5,-65.01839561,0.05292971775,0.5954454378,0.3191713761,0,-1.218678804,4.476238527,-3.189418683
30.51,-65.0190754,0.05292499625,0.5954469989,0.319168116,0,-1.218363099,4.475801689,-3.189622619
30.52,-65.01975193,0.05292029521,0.5954485859,0.3191648428,0,-1.218048876,4.475365362,-3.189825579
30.53,-65.02042521,0.05291561461,0.5954501988,0.3191615567,0,-1.217736136,4.474929551,-3.190027564
30.54,-65.02109525,0.05291095447,0.5954518373,0.3191582579,0,-1.217424878,4.474494264,-3.190228574
30.55,-65.02176203,0.0529063148,0.5954535013,0.3191549463,0,-1.217115101,4.474059505,-3.190428609
30.56,-65.02242556,0.05290169559,0.5954551906,0.3191516222,0,-1.216806804,4.473625283,-3.190627669
30.57,-65.02308585,0.05289709686,0.595456905,0.3191482856,0,-1.216499987,4.473191603,-3.190825754
30.58,-65.02374288,0.0528925186,0.5954586444,0.3191449367,0,-1.216194649,4.472758471,-3.191022864
30.59,-65.02439667,0.05288796083,0.5954604087,0.3191415756,0,-1.215890789,4.472325894,-3.191219
30.6,-65.0250472,0.05288342353,0.5954621976,0.3191382024,0,-1.215588407,4.471893878,-3.191414161
30.61,-65.02569449,0.05287890672,0.5954640111,0.3191348172,0,-1.215287501,4.471462429,-3.191608348
30.62,-65.02633854,0.0528744104,0.5954658488,0.3191314201,0,-1.21498807,4.471031552,-3.191801561
30.63,-65.02697933,0.05286993457,0.5954677108,0.3191280112,0,-1.214690114,4.470601255,-3.1919938
30.64,-65.02761688,0.05286547924,0.5954695967,0.3191245907,0,-1.214393632,4.470171544,-3.192185065
30.65,-65.02825119,0.05286104439,0.5954715066,0.3191211586,0,-1.214098623,4.469742423,-3.192375357
30.66,-65.02888225,0.05285663003,0.5954734401,0.3191177151,0,-1.213805085,4.4693139,-3.192564676
30.67,-65.02951007,0.05285223617,0.5954753971,0.3191142602,0,-1.213513018,4.468885979,-3.192753022
30.68,-65.03013465,0.0528478628,0.5954773775,0.3191107942,0,-1.213222421,4.468458667,-3.192940395
30.69,-65.03075599,0.05284350991,0.5954793811,0.3191073171,0,-1.212933293,4.468031971,-3.193126797
30.7,-65.03137409,0.05283917752,0.5954814078,0.319103829,0,-1.212645632,4.467605894,-3.193312227
30.71,-65.03198895,0.05283486561,0.5954834573,0.31910033,0,-1.212359438,4.467180444,-3.193496685
30.72,-65.03260058,0.05283057419,0.5954855296,0.3190968202,0,-1.212074709,4.466755626,-3.193680173
30.73,-65.03320897,0.05282630325,0.5954876244,0.3190932998,0,-1.211791444,4.466331445,-3.19386269
30.74,-65.03381412,0.05282205279,0.5954897417,0.3190897689,0,-1.211509642,4.465907907,-3.194044237
30.75,-65.03441605,0.0528178228,0.5954918812,0.3190862275,0,-1.211229302,4.465485018,-3.194224814
30.76,-65.03501474,0.05281361329,0.5954940428,0.3190826758,0,-1.210950423,4.465062784,-3.194404422
30.77,-65.03561021,0.05280942424,0.5954962263,0.3190791139,0,-1.210673003,4.464641209,-3.194583062
30.78,-65.03620244,0.05280525565,0.5954984315,0.3190755418,0,-1.210397041,4.464220299,-3.194760733
30.79,-65.03679146,0.05280110752,0.5955006584,0.3190719598,0,-1.210122535,4.463800061,-3.194937437
30.8,-65.03737725,0.05279697984,0.5955029068,0.3190683679,0,-1.209849485,4.463380498,-3.195113174
30.81,-65.03795981,0.05279287261,0.5955051764,0.3190647662,0,-1.209577889,4.462961616,-3.195287944
30.82,-65.03853916,0.05278878581,0.5955074672,0.3190611549,0,-1.209307746,4.462543421,-3.195461749
30.83,-65.03911529,0.05278471945,0.595509779,0.319057534,0,-1.209039054,4.462125918,-3.195634588
30.84,-65.03968821,0.05278067351,0.5955121116,0.3190539036,0,-1.208771812,4.461709112,-3.195806463
30.85,-65.04025791,0.05277664798,0.5955144649,0.3190502639,0,-1.208506018,4.461293009,-3.195977374
30.86,-65.0408244,0.05277264286,0.5955168386,0.319046615,0,-1.208241671,4.460877613,-3.196147321
30.87,-65.04138768,0.05276865814,0.5955192328,0.3190429569,0,-1.20797877,4.460462929,-3.196316305
30.88,-65.04194776,0.05276469382,0.5955216471,0.3190392898,0,-1.207717312,4.460048963,-3.196484328
30.89,-65.04250463,0.05276074987,0.5955240815,0.3190356138,0,-1.207457297,4.45963572,-3.19665139
30.9,-65.0430583,0.05275682629,0.5955265357,0.3190319289,0,-1.207198723,4.459223204,-3.196817491
30.91,-65.04360877,0.05275292308,0.5955290098,0.3190282354,0,-1.206941588,4.458811421,-3.196982632
30.92,-65.04415605,0.05274904022,0.5955315033,0.3190245332,0,-1.206685891,4.458400375,-3.197146814
30.93,-65.04470013,0.05274517769,0.5955340163,0.3190208226,0,-1.206431629,4.457990071,-3.197310038
30.94,-65.04524102,0.0527413355,0.5955365486,0.3190171036,0,-1.206178803,4.457580515,-3.197472305
30.95,-65.04577872,0.05273751362,0.5955391,0.3190133763,0,-1.205927409,4.45717171,-3.197633615
30.96,-65.04631323,0.05273371204,0.5955416704,0.3190096408,0,-1.205677446,4.456763662,-3.197793969
30.97,-65.04684456,0.05272993076,0.5955442596,0.3190058972,0,-1.205428912,4.456356376,-3.197953369
30.98,-65.04737271,0.05272616976,0.5955468674,0.3190021457,0,-1.205181806,4.455949855,-3.198111814
30.99,-65.04789769,0.05272242903,0.5955494937,0.3189983862,0,-1.204936126,4.455544105,-3.198269306
31,-65.04841949,0.05271870854,0.5955521384,0.3189946191,0,-1.20469187,4.455139131,-3.198425846
31.01,-65.04893812,0.0527150083,0.5955548013,0.3189908442,0,-1.204449036,4.454734936,-3.198581435
31.02,-65.04945358,0.05271132828,0.5955574823,0.3189870618,0,-1.204207624,4.454331525,-3.198736073
31.03,-65.04996587,0.05270766847,0.5955601811,0.318983272,0,-1.203967629,4.453928904,-3.198889762
31.04,-65.05047501,0.05270402886,0.5955628977,0.3189794748,0,-1.203729052,4.453527075,-3.199042503
31.05,-65.05098099,0.05270040942,0.5955656319,0.3189756703,0,-1.20349189,4.453126044,-3.199194296
31.06,-65.05148381,0.05269681015,0.5955683835,0.3189718587,0,-1.20325614,4.452725816,-3.199345142
31.07,-65.05198348,0.05269323103,0.5955711525,0.31896804,0,-1.203021802,4.452326393,-3.199495043
31.08,-65.05248,0.05268967204,0.5955739386,0.3189642144,0,-1.202788874,4.451927781,-3.199644
31.09,-65.05297338,0.05268613317,0.5955767416,0.3189603819,0,-1.202557353,4.451529985,-3.199792013
31.1,-65.05346361,0.05268261439,0.5955795616,0.3189565427,0,-1.202327237,4.451133007,-3.199939084
31.11,-65.05395071,0.05267911569,0.5955823982,0.3189526969,0,-1.202098525,4.450736852,-3.200085214
31.12,-65.05443468,0.05267563706,0.5955852514,0.3189488445,0,-1.201871214,4.450341525,-3.200230403
31.13,-65.05491551,0.05267217846,0.595588121,0.3189449856,0,-1.201645303,4.44994703,-3.200374653
31.14,-65.05539322,0.0526687399,0.5955910068,0.3189411204,0,-1.201420789,4.44955337,-3.200517966
31.15,-65.05586781,0.05266532134,0.5955939088,0.318937249,0,-1.20119767,4.44916055,-3.200660342
31.16,-65.05633927,0.05266192277,0.5955968267,0.3189333714,0,-1.200975945,4.448768573,-3.200801782
31.17,-65.05680762,0.05265854417,0.5955997604,0.3189294878,0,-1.200755611,4.448377444,-3.200942287
31.18,-65.05727286,0.05265518551,0.5956027098,0.3189255982,0,-1.200536666,4.447987167,-3.201081859
31.19,-65.057735,0.05265184679,0.5956056747,0.3189217027,0,-1.200319109,4.447597745,-3.201220499
31.2,-65.05819403,0.05264852797,0.595608655,0.3189178015,0,-1.200102936,4.447209182,-3.201358208
31.21,-65.05864996,0.05264522904,0.5956116506,0.3189138946,0,-1.199888146,4.446821482,-3.201494988
31.22,-65.0591028,0.05264194998,0.5956146612,0.3189099822,0,-1.199674736,4.446434649,-3.201630839
31.23,-65.05955254,0.05263869076,0.5956176868,0.3189060643,0,-1.199462705,4.446048687,-3.201765763
31.24,-65.0599992,0.05263545136,0.5956207271,0.3189021411,0,-1.19925205,4.445663599,-3.201899761
31.25,-65.06044278,0.05263223177,0.5956237821,0.3188982125,0,-1.199042769,4.445279389,-3.202032834
31.26,-65.06088328,0.05262903195,0.5956268517,0.3188942788,0,-1.19883486,4.444896061,-3.202164984
31.27,-65.06132071,0.05262585189,0.5956299356,0.31889034,0,-1.198628321,4.444513618,-3.202296212
31.28,-65.06175506,0.05262269156,0.5956330337,0.3188863963,0,-1.198423148,4.444132064,-3.202426519
31.29,-65.06218636,0.05261955094,0.5956361459,0.3188824476,0,-1.198219341,4.443751402,-3.202555907
31.3,-65.06261459,0.05261643001,0.595639272,0.3188784941,0,-1.198016896,4.443371636,-3.202684376
31.31,-65.06303976,0.05261332874,0.5956424119,0.318874536,0,-1.197815812,4.442992769,-3.202811929
31.32,-65.06346189,0.05261024711,0.5956455655,0.3188705732,0,-1.197616085,4.442614805,-3.202938567
31.33,-65.06388097,0.05260718509,0.5956487327,0.3188666059,0,-1.197417715,4.442237747,-3.203064291
31.34,-65.06429701,0.05260414266,0.5956519131,0.3188626342,0,-1.197220697,4.441861599,-3.203189102
31.35,-65.06471001,0.05260111979,0.5956551069,0.3188586582,0,-1.197025031,4.441486363,-3.203313002
31.36,-65.06511997,0.05259811647,0.5956583137,0.3188546779,0,-1.196830713,4.441112044,-3.203435992
31.37,-65.06552691,0.05259513265,0.5956615334,0.3188506935,0,-1.196637741,4.440738643,-3.203558074
31.38,-65.06593083,0.05259216832,0.595664766,0.318846705,0,-1.196446113,4.440366166,-3.20367925
31.39,-65.06633173,0.05258922345,0.5956680113,0.3188427126,0,-1.196255827,4.439994614,-3.20379952
31.4,-65.06672962,0.05258629802,0.5956712691,0.3188387163,0,-1.196066879,4.439623991,-3.203918886
31.41,-65.0671245,0.05258339199,0.5956745393,0.3188347163,0,-1.195879268,4.4392543,-3.204037349
31.42,-65.06751637,0.05258050534,0.5956778217,0.3188307126,0,-1.195692991,4.438885544,-3.204154912
31.43,-65.06790525,0.05257763805,0.5956811163,0.3188267052,0,-1.195508045,4.438517726,-3.204271576
31.44,-65.06829114,0.05257479008,0.5956844229,0.3188226944,0,-1.195324428,4.438150849,-3.204387341
31.45,-65.06867404,0.05257196141,0.5956877413,0.3188186801,0,-1.195142138,4.437784917,-3.204502211
31.46,-65.06905395,0.052569152,0.5956910715,0.3188146626,0,-1.194961171,4.437419931,-3.204616185
31.47,-65.06943089,0.05256636184,0.5956944132,0.3188106418,0,-1.194781526,4.437055896,-3.204729267
31.48,-65.06980486,0.05256359089,0.5956977664,0.3188066178,0,-1.1946032,4.436692814,-3.204841457
31.49,-65.07017585,0.05256083912,0.5957011308,0.3188025908,0,-1.19442619,4.436330687,-3.204952756
31.5,-65.07054389,0.05255810651,0.5957045065,0.3187985609,0,-1.194250494,4.435969519,-3.205063168
31.51,-65.07090897,0.05255539302,0.5957078932,0.318794528,0,-1.194076108,4.435609312,-3.205172692
31.52,-65.0712711,0.05255269863,0.5957112908,0.3187904924,0,-1.193903032,4.435250069,-3.205281331
31.53,-65.07163029,0.0525500233,0.5957146991,0.3187864541,0,-1.193731261,4.434891794,-3.205389087
31.54,-65.07198653,0.052547367,0.5957181181,0.3187824131,0,-1.193560793,4.434534487,-3.20549596
31.55,-65.07233985,0.05254472971,0.5957215476,0.3187783696,0,-1.193391626,4.434178153,-3.205601954
31.56,-65.07269023,0.05254211139,0.5957249875,0.3187743237,0,-1.193223757,4.433822794,-3.205707068
31.57,-65.07303769,0.05253951202,0.5957284376,0.3187702754,0,-1.193057184,4.433468412,-3.205811306
31.58,-65.07338223,0.05253693155,0.5957318978,0.3187662249,0,-1.192891903,4.43311501,-3.205914668
31.59,-65.07372386,0.05253436997,0.5957353681,0.3187621722,0,-1.192727911,4.432762591,-3.206017157
31.6,-65.07406258,0.05253182723,0.5957388481,0.3187581173,0,-1.192565207,4.432411156,-3.206118774
31.61,-65.0743984,0.05252930331,0.5957423379,0.3187540605,0,-1.192403788,4.432060709,-3.206219521
31.62,-65.07473133,0.05252679817,0.5957458372,0.3187500017,0,-1.19224365,4.431711252,-3.206319399
31.63,-65.07506137,0.05252431178,0.5957493461,0.3187459411,0,-1.192084792,4.431362788,-3.206418411
31.64,-65.07538852,0.05252184411,0.5957528642,0.3187418788,0,-1.191927209,4.431015317,-3.206516557
31.65,-65.0757128,0.05251939513,0.5957563915,0.3187378147,0,-1.1917709,4.430668844,-3.206613841
31.66,-65.07603421,0.0525169648,0.595759928,0.3187337491,0,-1.191615862,4.43032337,-3.206710262
31.67,-65.07635275,0.05251455309,0.5957634733,0.3187296819,0,-1.191462092,4.429978898,-3.206805825
31.68,-65.07666843,0.05251215997,0.5957670275,0.3187256133,0,-1.191309588,4.42963543,-3.206900529
31.69,-65.07698126,0.05250978539,0.5957705903,0.3187215434,0,-1.191158345,4.429292967,-3.206994377
31.7,-65.07729124,0.05250742934,0.5957741617,0.3187174723,0,-1.191008362,4.428951513,-3.207087371
31.71,-65.07759837,0.05250509177,0.5957777416,0.3187133999,0,-1.190859636,4.428611069,-3.207179512
31.72,-65.07790268,0.05250277264,0.5957813297,0.3187093264,0,-1.190712164,4.428271638,-3.207270803
31.73,-65.07820415,0.05250047194,0.5957849261,0.318705252,0,-1.190565943,4.427933222,-3.207361245
31.74,-65.0785028,0.05249818961,0.5957885305,0.3187011765,0,-1.19042097,4.427595822,-3.20745084
31.75,-65.07879863,0.05249592563,0.5957921428,0.3186971003,0,-1.190277243,4.42725944,-3.20753959
31.76,-65.07909165,0.05249367995,0.5957957629,0.3186930232,0,-1.190134758,4.42692408,-3.207627496
31.77,-65.07938187,0.05249145255,0.5957993907,0.3186889455,0,-1.189993512,4.426589742,-3.207714561
31.78,-65.07966929,0.05248924339,0.5958030261,0.3186848671,0,-1.189853504,4.426256429,-3.207800787
31.79,-65.07995392,0.05248705243,0.5958066689,0.3186807883,0,-1.189714729,4.425924142,-3.207886175
31.8,-65.08023576,0.05248487963,0.595810319,0.3186767089,0,-1.189577185,4.425592884,-3.207970727
31.81,-65.08051482,0.05248272497,0.5958139763,0.3186726292,0,-1.189440869,4.425262656,-3.208054445
31.82,-65.08079111,0.0524805884,0.5958176407,0.3186685492,0,-1.189305778,4.42493346,-3.208137332
31.83,-65.08106463,0.05247846988,0.595821312,0.3186644689,0,-1.18917191,4.424605299,-3.208219388
31.84,-65.08133539,0.05247636938,0.5958249902,0.3186603885,0,-1.18903926,4.424278172,-3.208300616
31.85,-65.08160339,0.05247428687,0.595828675,0.3186563081,0,-1.188907827,4.423952084,-3.208381018
31.86,-65.08186865,0.0524722223,0.5958323665,0.3186522276,0,-1.188777607,4.423627034,-3.208460596
31.87,-65.08213117,0.05247017564,0.5958360644,0.3186481472,0,-1.188648597,4.423303025,-3.208539352
31.88,-65.08239096,0.05246814685,0.5958397686,0.318644067,0,-1.188520795,4.422980059,-3.208617287
31.89,-65.08264802,0.05246613589,0.5958434791,0.3186399871,0,-1.188394197,4.422658137,-3.208694405
31.9,-65.08290235,0.05246414272,0.5958471957,0.3186359074,0,-1.1882688,4.422337261,-3.208770705
31.91,-65.08315397,0.05246216731,0.5958509182,0.3186318282,0,-1.188144601,4.422017432,-3.208846192
31.92,-65.08340289,0.05246020962,0.5958546467,0.3186277494,0,-1.188021598,4.421698651,-3.208920866
31.93,-65.0836491,0.0524582696,0.5958583808,0.3186236711,0,-1.187899787,4.421380921,-3.20899473
31.94,-65.08389262,0.05245634723,0.5958621207,0.3186195935,0,-1.187779166,4.421064243,-3.209067785
31.95,-65.08413345,0.05245444245,0.595865866,0.3186155165,0,-1.18765973,4.420748619,-3.209140034
31.96,-65.0843716,0.05245255524,0.5958696167,0.3186114403,0,-1.187541478,4.420434048,-3.209211479
31.97,-65.08460707,0.05245068555,0.5958733727,0.318607365,0,-1.187424406,4.420120535,-3.209282121
31.98,-65.08483988,0.05244883334,0.5958771339,0.3186032905,0,-1.187308511,4.419808078,-3.209351963
31.99,-65.08507003,0.05244699858,0.5958809002,0.3185992171,0,-1.18719379,4.41949668,-3.209421008
32,-65.08529752,0.05244518122,0.5958846714,0.3185951447,0,-1.18708024,4.419186343,-3.209489255
32.01,-65.08552236,0.05244338122,0.5958884474,0.3185910734,0,-1.186967857,4.418877067,-3.209556709
32.02,-65.08574457,0.05244159855,0.5958922281,0.3185870033,0,-1.18685664,4.418568854,-3.209623371
32.03,-65.08596414,0.05243983315,0.5958960134,0.3185829345,0,-1.186746584,4.418261705,-3.209689243
32.04,-65.08618109,0.05243808501,0.5958998033,0.318578867,0,-1.186637686,4.417955621,-3.209754327
32.05,-65.08639542,0.05243635406,0.5959035974,0.318574801,0,-1.186529944,4.417650603,-3.209818625
32.06,-65.08660713,0.05243464027,0.5959073959,0.3185707364,0,-1.186423354,4.417346653,-3.20988214
32.07,-65.08681624,0.05243294361,0.5959111985,0.3185666733,0,-1.186317914,4.417043771,-3.209944873
32.08,-65.08702276,0.05243126402,0.5959150051,0.3185626119,0,-1.186213619,4.41674196,-3.210006827
32.09,-65.08722668,0.05242960148,0.5959188157,0.3185585522,0,-1.186110468,4.416441219,-3.210068003
32.1,-65.08742801,0.05242795592,0.5959226301,0.3185544943,0,-1.186008456,4.41614155,-3.210128404
32.11,-65.08762677,0.05242632733,0.5959264482,0.3185504381,0,-1.185907581,4.415842954,-3.210188032
32.12,-65.08782296,0.05242471564,0.5959302698,0.3185463839,0,-1.185807839,4.415545433,-3.210246889
32.13,-65.08801659,0.05242312083,0.595934095,0.3185423317,0,-1.185709228,4.415248986,-3.210304977
32.14,-65.08820766,0.05242154285,0.5959379236,0.3185382814,0,-1.185611744,4.414953615,-3.210362298
32.15,-65.08839618,0.05241998165,0.5959417554,0.3185342333,0,-1.185515383,4.41465932,-3.210418855
32.16,-65.08858216,0.0524184372,0.5959455904,0.3185301874,0,-1.185420144,4.414366104,-3.210474649
32.17,-65.08876561,0.05241690946,0.5959494284,0.3185261437,0,-1.185326022,4.414073966,-3.210529683
32.18,-65.08894653,0.05241539837,0.5959532694,0.3185221022,0,-1.185233014,4.413782908,-3.210583959
32.19,-65.08912493,0.0524139039,0.5959571132,0.3185180632,0,-1.185141118,4.41349293,-3.21063748
32.2,-65.08930082,0.052412426,0.5959609598,0.3185140266,0,-1.18505033,4.413204033,-3.210690246
32.21,-65.0894742,0.05241096464,0.595964809,0.3185099925,0,-1.184960646,4.412916218,-3.210742261
32.22,-65.08964509,0.05240951977,0.5959686607,0.3185059609,0,-1.184872064,4.412629486,-3.210793527
32.23,-65.08981348,0.05240809134,0.5959725148,0.318501932,0,-1.184784581,4.412343836,-3.210844045
32.24,-65.0899794,0.05240667931,0.5959763713,0.3184979058,0,-1.184698193,4.412059272,-3.210893819
32.25,-65.09014283,0.05240528364,0.59598023,0.3184938824,0,-1.184612896,4.411775791,-3.21094285
32.26,-65.0903038,0.05240390429,0.5959840907,0.3184898618,0,-1.184528689,4.411493397,-3.21099114
32.27,-65.09046231,0.05240254121,0.5959879535,0.318485844,0,-1.184445566,4.411212088,-3.211038692
32.28,-65.09061836,0.05240119435,0.5959918182,0.3184818292,0,-1.184363526,4.410931866,-3.211085507
32.29,-65.09077196,0.05239986368,0.5959956846,0.3184778175,0,-1.184282565,4.410652731,-3.211131589
32.3,-65.09092313,0.05239854915,0.5959995528,0.3184738088,0,-1.18420268,4.410374684,-3.21117694
32.31,-65.09107187,0.05239725071,0.5960034226,0.3184698032,0,-1.184123867,4.410097725,-3.211221561
32.32,-65.09121818,0.05239596833,0.5960072938,0.3184658009,0,-1.184046124,4.409821855,-3.211265454
32.33,-65.09136208,0.05239470195,0.5960111665,0.3184618018,0,-1.183969446,4.409547075,-3.211308623
32.34,-65.09150356,0.05239345153,0.5960150404,0.318457806,0,-1.183893831,4.409273384,-3.211351069
32.35,-65.09164265,0.05239221704,0.5960189156,0.3184538136,0,-1.183819276,4.409000784,-3.211392795
32.36,-65.09177934,0.05239099841,0.5960227918,0.3184498247,0,-1.183745776,4.408729274,-3.211433802
32.37,-65.09191365,0.05238979561,0.596026669,0.3184458393,0,-1.18367333,4.408458855,-3.211474094
32.38,-65.09204557,0.0523886086,0.5960305471,0.3184418574,0,-1.183601933,4.408189528,-3.211513671
32.39,-65.09217513,0.05238743732,0.596034426,0.3184378792,0,-1.183531582,4.407921293,-3.211552538
32.4,-65.09230232,0.05238628174,0.5960383057,0.3184339047,0,-1.183462274,4.407654149,-3.211590695
32.41,-65.09242715,0.0523851418,0.5960421859,0.3184299339,0,-1.183394006,4.407388099,-3.211628146
32.42,-65.09254964,0.05238401747,0.5960460666,0.3184259669,0,-1.183326774,4.407123141,-3.211664892
32.43,-65.09266978,0.05238290869,0.5960499477,0.3184220038,0,-1.183260576,4.406859275,-3.211700935
32.44,-65.0927876,0.05238181542,0.5960538292,0.3184180446,0,-1.183195407,4.406596504,-3.211736279
32.45,-65.09290308,0.05238073762,0.5960577108,0.3184140894,0,-1.183131265,4.406334825,-3.211770925
32.46,-65.09301625,0.05237967524,0.5960615926,0.3184101382,0,-1.183068146,4.40607424,-3.211804876
32.47,-65.09312711,0.05237862824,0.5960654744,0.3184061911,0,-1.183006046,4.405814749,-3.211838133
32.48,-65.09323567,0.05237759656,0.5960693562,0.3184022482,0,-1.182944964,4.405556352,-3.2118707
32.49,-65.09334193,0.05237658016,0.5960732378,0.3183983094,0,-1.182884894,4.40529905,-3.211902578
32.5,-65.0934459,0.052375579,0.5960771191,0.318394375,0,-1.182825834,4.405042841,-3.21193377
32.51,-65.09354759,0.05237459303,0.5960810001,0.3183904448,0,-1.182767781,4.404787727,-3.211964278
32.52,-65.09364702,0.0523736222,0.5960848806,0.3183865191,0,-1.182710731,4.404533707,-3.211994105
32.53,-65.09374417,0.05237266647,0.5960887606,0.3183825977,0,-1.182654682,4.404280781,-3.212023252
32.54,-65.09383908,0.05237172578,0.59609264,0.3183786809,0,-1.182599628,4.40402895,-3.212051723
32.55,-65.09393173,0.05237080011,0.5960965187,0.3183747686,0,-1.182545568,4.403778213,-3.212079519
32.56,-65.09402214,0.05236988939,0.5961003965,0.3183708609,0,-1.182492498,4.403528571,-3.212106642
32.57,-65.09411032,0.05236899358,0.5961042735,0.3183669578,0,-1.182440414,4.403280023,-3.212133096
32.58,-65.09419627,0.05236811263,0.5961081495,0.3183630595,0,-1.182389313,4.40303257,-3.212158882
32.59,-65.09428001,0.0523672465,0.5961120244,0.3183591659,0,-1.182339192,4.402786211,-3.212184003
32.6,-65.09436154,0.05236639514,0.5961158981,0.3183552771,0,-1.182290048,4.402540946,-3.212208461
32.61,-65.09444086,0.05236555851,0.5961197706,0.3183513932,0,-1.182241877,4.402296775,-3.212232258
32.62,-65.09451799,0.05236473655,0.5961236417,0.3183475142,0,-1.182194676,4.402053697,-3.212255398
32.63,-65.09459294,0.05236392922,0.5961275114,0.3183436401,0,-1.182148441,4.401811714,-3.212277881
32.64,-65.0946657,0.05236313647,0.5961313796,0.3183397711,0,-1.182103169,4.401570824,-3.212299711
32.65,-65.0947363,0.05236235825,0.5961352462,0.3183359072,0,-1.182058857,4.401331028,-3.212320889
32.66,-65.09480473,0.05236159452,0.5961391111,0.3183320484,0,-1.182015501,4.401092324,-3.212341419
32.67,-65.09487101,0.05236084523,0.5961429742,0.3183281947,0,-1.181973098,4.400854714,-3.212361303
32.68,-65.09493514,0.05236011033,0.5961468355,0.3183243463,0,-1.181931645,4.400618196,-3.212380542
32.69,-65.09499713,0.05235938978,0.5961506948,0.3183205031,0,-1.181891138,4.400382771,-3.212399139
32.7,-65.09505699,0.05235868353,0.596154552,0.3183166653,0,-1.181851574,4.400148437,-3.212417098
32.71,-65.09511473,0.05235799152,0.5961584072,0.3183128329,0,-1.181812949,4.399915195,-3.212434419
32.72,-65.09517035,0.05235731371,0.5961622601,0.3183090059,0,-1.181775261,4.399683045,-3.212451105
32.73,-65.09522387,0.05235665006,0.5961661107,0.3183051843,0,-1.181738505,4.399451986,-3.21246716
32.74,-65.09527528,0.05235600051,0.596169959,0.3183013683,0,-1.181702679,4.399222017,-3.212482584
32.75,-65.0953246,0.05235536502,0.5961738049,0.3182975578,0,-1.181667779,4.398993139,-3.212497381
32.76,-65.09537184,0.05235474354,0.5961776481,0.318293753,0,-1.181633801,4.39876535,-3.212511553
32.77,-65.09541701,0.05235413603,0.5961814888,0.3182899538,0,-1.181600743,4.398538651,-3.212525102
32.78,-65.0954601,0.05235354242,0.5961853268,0.3182861603,0,-1.1815686,4.398313041,-3.21253803
32.79,-65.09550114,0.05235296269,0.596189162,0.3182823726,0,-1.18153737,4.39808852,-3.212550341
32.8,-65.09554012,0.05235239676,0.5961929943,0.3182785908,0,-1.181507049,4.397865086,-3.212562036
32.81,-65.09557706,0.05235184461,0.5961968237,0.3182748147,0,-1.181477634,4.39764274,-3.212573118
32.82,-65.09561196,0.05235130618,0.5962006501,0.3182710446,0,-1.181449121,4.397421481,-3.212583589
32.83,-65.09564484,0.05235078142,0.5962044733,0.3182672804,0,-1.181421507,4.397201309,-3.212593451
32.84,-65.09567569,0.05235027029,0.5962082934,0.3182635222,0,-1.181394789,4.396982222,-3.212602708
32.85,-65.09570453,0.05234977273,0.5962121102,0.31825977,0,-1.181368963,4.396764221,-3.21261136
32.86,-65.09573137,0.0523492887,0.5962159237,0.318256024,0,-1.181344025,4.396547304,-3.212619412
32.87,-65.09575621,0.05234881815,0.5962197338,0.318252284,0,-1.181319973,4.396331471,-3.212626864
32.88,-65.09577907,0.05234836103,0.5962235404,0.3182485503,0,-1.181296803,4.396116722,-3.21263372
32.89,-65.09579994,0.05234791728,0.5962273434,0.3182448227,0,-1.181274512,4.395903056,-3.212639982
32.9,-65.09581884,0.05234748688,0.5962311428,0.3182411014,0,-1.181253096,4.395690472,-3.212645653
32.91,-65.09583578,0.05234706975,0.5962349384,0.3182373864,0,-1.181232552,4.395478969,-3.212650733
32.92,-65.09585076,0.05234666587,0.5962387302,0.3182336778,0,-1.181212876,4.395268547,-3.212655227
32.93,-65.09586379,0.05234627517,0.5962425182,0.3182299755,0,-1.181194066,4.395059206,-3.212659137
32.94,-65.09587488,0.05234589761,0.5962463022,0.3182262797,0,-1.181176117,4.394850943,-3.212662464
32.95,-65.09588404,0.05234553313,0.5962500822,0.3182225903,0,-1.181159027,4.394643759,-3.212665212
32.96,-65.09589127,0.0523451817,0.5962538581,0.3182189075,0,-1.181142791,4.394437653,-3.212667382
32.97,-65.09589659,0.05234484326,0.5962576298,0.3182152312,0,-1.181127407,4.394232624,-3.212668978
32.98,-65.0959,0.05234451776,0.5962613973,0.3182115616,0,-1.181112871,4.394028671,-3.21267
32.99,-65.09590151,0.05234420516,0.5962651605,0.3182078985,0,-1.18109918,4.393825793,-3.212670453
33,-65.09590113,0.0523439054,0.5962689193,0.3182042422,0,-1.18108633,4.39362399,-3.212670338
33.01,-65.09589886,0.05234361844,0.5962726736,0.3182005926,0,-1.181074318,4.393423261,-3.212669658
33.02,-65.09589472,0.05234334423,0.5962764234,0.3181969497,0,-1.181063141,4.393223605,-3.212668415
33.03,-65.0958887,0.05234308271,0.5962801685,0.3181933136,0,-1.181052795,4.39302502,-3.212666611
33.04,-65.09588083,0.05234283384,0.596283909,0.3181896844,0,-1.181043277,4.392827507,-3.212664249
33.05,-65.09587111,0.05234259758,0.5962876448,0.3181860621,0,-1.181034584,4.392631064,-3.212661332
33.06,-65.09585954,0.05234237386,0.5962913757,0.3181824467,0,-1.181026711,4.39243569,-3.212657861
33.07,-65.09584613,0.05234216264,0.5962951018,0.3181788382,0,-1.181019656,4.392241384,-3.212653839
33.08,-65.0958309,0.05234196388,0.5962988229,0.3181752368,0,-1.181013415,4.392048145,-3.212649269
33.09,-65.09581384,0.05234177752,0.5963025389,0.3181716423,0,-1.181007986,4.391855973,-3.212644153
33.1,-65.09579498,0.05234160352,0.5963062499,0.318168055,0,-1.181003363,4.391664866,-3.212638493
33.11,-65.09577431,0.05234144182,0.5963099557,0.3181644748,0,-1.180999545,4.391474824,-3.212632292
33.12,-65.09575184,0.05234129238,0.5963136563,0.3181609017,0,-1.180996528,4.391285845,-3.212625552
33.13,-65.09572758,0.05234115514,0.5963173516,0.3181573358,0,-1.180994308,4.391097928,-3.212618275
33.14,-65.09570155,0.05234103006,0.5963210416,0.3181537771,0,-1.180992882,4.390911072,-3.212610464
33.15,-65.09567374,0.05234091709,0.5963247261,0.3181502257,0,-1.180992247,4.390725276,-3.212602122
33.16,-65.09564417,0.05234081618,0.5963284051,0.3181466816,0,-1.180992399,4.39054054,-3.212593251
33.17,-65.09561284,0.05234072728,0.5963320786,0.3181431448,0,-1.180993335,4.390356861,-3.212583852
33.18,-65.09557976,0.05234065034,0.5963357464,0.3181396154,0,-1.180995051,4.390174239,-3.212573929
33.19,-65.09554495,0.05234058531,0.5963394086,0.3181360934,0,-1.180997545,4.389992673,-3.212563485
33.2,-65.0955084,0.05234053215,0.5963430649,0.3181325788,0,-1.181000812,4.389812162,-3.21255252
33.21,-65.09547013,0.05234049079,0.5963467155,0.3181290717,0,-1.181004849,4.389632703,-3.212541038
33.22,-65.09543014,0.0523404612,0.5963503602,0.3181255721,0,-1.181009654,4.389454298,-3.212529042
33.23,-65.09538844,0.05234044333,0.596353999,0.3181220801,0,-1.181015222,4.389276943,-3.212516533
33.24,-65.09534505,0.05234043712,0.5963576317,0.3181185956,0,-1.181021551,4.389100638,-3.212503514
33.25,-65.09529996,0.05234044252,0.5963612584,0.3181151187,0,-1.181028637,4.388925381,-3.212489987
33.26,-65.09525318,0.0523404595,0.5963648789,0.3181116495,0,-1.181036476,4.388751172,-3.212475955
33.27,-65.09520473,0.05234048799,0.5963684933,0.3181081879,0,-1.181045065,4.38857801,-3.21246142
33.28,-65.09515462,0.05234052794,0.5963721014,0.3181047341,0,-1.181054401,4.388405892,-3.212446385
33.29,-65.09510284,0.05234057932,0.5963757032,0.3181012879,0,-1.18106448,4.388234817,-3.212430852
33.3,-65.09504941,0.05234064207,0.5963792986,0.3180978496,0,-1.1810753,4.388064786,-3.212414823
33.31,-65.09499434,0.05234071613,0.5963828876,0.3180944191,0,-1.181086857,4.387895795,-3.212398301
33.32,-65.09493762,0.05234080147,0.5963864701,0.3180909964,0,-1.181099147,4.387727844,-3.212381287
33.33,-65.09487929,0.05234089803,0.596390046,0.3180875815,0,-1.181112166,4.387560931,-3.212363786
33.34,-65.09481933,0.05234100576,0.5963936153,0.3180841746,0,-1.181125913,4.387395055,-3.212345798
33.35,-65.09475776,0.05234112461,0.596397178,0.3180807756,0,-1.181140383,4.387230215,-3.212327327
33.36,-65.09469458,0.05234125454,0.5964007339,0.3180773845,0,-1.181155573,4.38706641,-3.212308374
33.37,-65.09462981,0.05234139549,0.596404283,0.3180740015,0,-1.18117148,4.386903637,-3.212288942
33.38,-65.09456345,0.05234154742,0.5964078253,0.3180706264,0,-1.1811881,4.386741897,-3.212269034
33.39,-65.09449551,0.05234171028,0.5964113607,0.3180672594,0,-1.18120543,4.386581186,-3.212248652
33.4,-65.09442599,0.05234188401,0.5964148892,0.3180639005,0,-1.181223467,4.386421504,-3.212227797
33.41,-65.09435491,0.05234206857,0.5964184106,0.3180605497,0,-1.181242207,4.386262849,-3.212206474
33.42,-65.09428228,0.05234226391,0.596421925,0.318057207,0,-1.181261647,4.386105221,-3.212184683
33.43,-65.09420809,0.05234246997,0.5964254322,0.3180538725,0,-1.181281784,4.385948617,-3.212162428
33.44,-65.09413237,0.05234268672,0.5964289323,0.3180505462,0,-1.181302614,4.385793035,-3.21213971
33.45,-65.09405511,0.0523429141,0.5964324251,0.3180472281,0,-1.181324134,4.385638476,-3.212116533
33.46,-65.09397633,0.05234315206,0.5964359107,0.3180439183,0,-1.181346341,4.385484936,-3.212092898
33.47,-65.09389603,0.05234340056,0.5964393889,0.3180406167,0,-1.181369231,4.385332415,-3.212068808
33.48,-65.09381422,0.05234365954,0.5964428597,0.3180373234,0,-1.181392801,4.385180911,-3.212044265
33.49,-65.09373091,0.05234392895,0.5964463231,0.3180340385,0,-1.181417048,4.385030422,-3.212019272
33.5,-65.0936461,0.05234420875,0.5964497789,0.3180307619,0,-1.181441969,4.384880948,-3.211993831
33.51,-65.09355981,0.05234449889,0.5964532273,0.3180274937,0,-1.181467559,4.384732486,-3.211967944
33.52,-65.09347204,0.05234479931,0.596456668,0.3180242339,0,-1.181493816,4.384585034,-3.211941613
33.53,-65.09338281,0.05234510998,0.596460101,0.3180209825,0,-1.181520737,4.384438592,-3.211914842
33.54,-65.09329211,0.05234543083,0.5964635264,0.3180177396,0,-1.181548318,4.384293158,-3.211887632
33.55,-65.09319995,0.05234576182,0.596466944,0.3180145052,0,-1.181576556,4.38414873,-3.211859986
33.56,-65.09310635,0.05234610291,0.5964703538,0.3180112793,0,-1.181605448,4.384005306,-3.211831906
33.57,-65.09301131,0.05234645404,0.5964737558,0.318008062,0,-1.18163499,4.383862885,-3.211803394
33.58,-65.09291485,0.05234681517,0.5964771498,0.3180048532,0,-1.181665179,4.383721465,-3.211774454
33.59,-65.09281695,0.05234718624,0.5964805359,0.3180016529,0,-1.181696012,4.383581045,-3.211745086
33.6,-65.09271765,0.05234756721,0.596483914,0.3179984613,0,-1.181727485,4.383441623,-3.211715294
33.61,-65.09261693,0.05234795802,0.596487284,0.3179952783,0,-1.181759595,4.383303197,-3.21168508
33.62,-65.09251482,0.05234835864,0.596490646,0.317992104,0,-1.18179234,4.383165766,-3.211654446
33.63,-65.09241132,0.05234876901,0.5964939998,0.3179889384,0,-1.181825715,4.383029327,-3.211623395
33.64,-65.09230643,0.05234918908,0.5964973454,0.3179857814,0,-1.181859717,4.38289388,-3.211591928
33.65,-65.09220016,0.0523496188,0.5965006827,0.3179826332,0,-1.181894344,4.382759422,-3.211560049
33.66,-65.09209253,0.05235005813,0.5965040118,0.3179794937,0,-1.181929591,4.382625953,-3.211527759
33.67,-65.09198354,0.05235050701,0.5965073325,0.317976363,0,-1.181965456,4.382493469,-3.211495061
33.68,-65.09187319,0.0523509654,0.5965106449,0.3179732411,0,-1.182001935,4.382361969,-3.211461958
33.69,-65.0917615,0.05235143325,0.5965139488,0.317970128,0,-1.182039025,4.382231453,-3.211428451
33.7,-65.09164847,0.05235191051,0.5965172443,0.3179670237,0,-1.182076723,4.382101917,-3.211394542
33.71,-65.09153412,0.05235239714,0.5965205313,0.3179639283,0,-1.182115026,4.38197336,-3.211360235
33.72,-65.09141844,0.05235289308,0.5965238097,0.3179608418,0,-1.182153929,4.38184578,-3.211325532
33.73,-65.09130145,0.05235339828,0.5965270795,0.3179577641,0,-1.182193431,4.381719176,-3.211290434
33.74,-65.09118315,0.0523539127,0.5965303406,0.3179546954,0,-1.182233528,4.381593546,-3.211254944
33.75,-65.09106355,0.0523544363,0.5965335931,0.3179516356,0,-1.182274217,4.381468887,-3.211219065
33.76,-65.09094266,0.05235496901,0.5965368368,0.3179485848,0,-1.182315494,4.381345199,-3.211182799
33.77,-65.09082049,0.05235551079,0.5965400718,0.3179455429,0,-1.182357355,4.381222478,-3.211146147
33.78,-65.09069704,0.0523560616,0.5965432979,0.31794251,0,-1.182399799,4.381100724,-3.211109113
33.79,-65.09057233,0.05235662139,0.5965465152,0.3179394862,0,-1.182442822,4.380979935,-3.211071699
33.8,-65.09044636,0.0523571901,0.5965497236,0.3179364714,0,-1.18248642,4.380860109,-3.211033907
33.81,-65.09031913,0.0523577677,0.5965529231,0.3179334656,0,-1.18253059,4.380741243,-3.210995738
33.82,-65.09019066,0.05235835413,0.5965561135,0.3179304689,0,-1.18257533,4.380623336,-3.210957197
33.83,-65.09006095,0.05235894934,0.596559295,0.3179274813,0,-1.182620635,4.380506387,-3.210918284
33.84,-65.08993001,0.05235955329,0.5965624674,0.3179245028,0,-1.182666503,4.380390392,-3.210879002
33.85,-65.08979785,0.05236016593,0.5965656307,0.3179215335,0,-1.18271293,4.380275351,-3.210839354
33.86,-65.08966447,0.05236078721,0.5965687848,0.3179185732,0,-1.182759914,4.380161261,-3.210799342
33.87,-65.08952989,0.05236141708,0.5965719298,0.3179156222,0,-1.182807451,4.380048121,-3.210758967
33.88,-65.08939411,0.0523620555,0.5965750656,0.3179126803,0,-1.182855538,4.379935928,-3.210718233
33.89,-65.08925714,0.05236270242,0.5965781921,0.3179097476,0,-1.182904171,4.379824681,-3.210677141
33.9,-65.08911898,0.05236335778,0.5965813093,0.3179068241,0,-1.182953348,4.379714377,-3.210635693
33.91,-65.08897964,0.05236402155,0.5965844172,0.3179039098,0,-1.183003065,4.379605015,-3.210593893
33.92,-65.08883914,0.05236469368,0.5965875157,0.3179010048,0,-1.18305332,4.379496593,-3.210551743
33.93,-65.08869748,0.05236537411,0.5965906048,0.317898109,0,-1.183104109,4.379389109,-3.210509243
33.94,-65.08855466,0.05236606281,0.5965936845,0.3178952225,0,-1.183155428,4.37928256,-3.210466398
33.95,-65.08841069,0.05236675971,0.5965967547,0.3178923453,0,-1.183207275,4.379176945,-3.210423208
33.96,-65.08826559,0.05236746479,0.5965998154,0.3178894774,0,-1.183259647,4.379072262,-3.210379677
33.97,-65.08811936,0.05236817798,0.5966028665,0.3178866188,0,-1.18331254,4.378968509,-3.210335807
33.98,-65.087972,0.05236889924,0.5966059081,0.3178837696,0,-1.183365952,4.378865683,-3.210291599
33.99,-65.08782352,0.05236962853,0.59660894,0.3178809296,0,-1.183419879,4.378763783,-3.210247056
34,-65.08767394,0.0523703658,0.5966119623,0.3178780991,0,-1.183474317,4.378662807,-3.210202181
34.01,-65.08752325,0.052371111,0.5966149749,0.3178752779,0,-1.183529265,4.378562753,-3.210156975
34.02,-65.08737147,0.05237186408,0.5966179778,0.3178724661,0,-1.183584718,4.378463618,-3.210111441
34.03,-65.0872186,0.05237262499,0.596620971,0.3178696637,0,-1.183640674,4.378365401,-3.21006558
34.04,-65.08706465,0.0523733937,0.5966239543,0.3178668708,0,-1.18369713,4.378268099,-3.210019396
34.05,-65.08690964,0.05237417015,0.5966269278,0.3178640872,0,-1.183754082,4.378171711,-3.209972891
34.06,-65.08675355,0.0523749543,0.5966298915,0.3178613131,0,-1.183811527,4.378076234,-3.209926066
34.07,-65.08659641,0.05237574609,0.5966328454,0.3178585485,0,-1.183869462,4.377981666,-3.209878923
34.08,-65.08643822,0.05237654549,0.5966357893,0.3178557933,0,-1.183927885,4.377888006,-3.209831466
34.09,-65.08627899,0.05237735245,0.5966387232,0.3178530475,0,-1.183986791,4.37779525,-3.209783696
34.1,-65.08611872,0.05237816691,0.5966416472,0.3178503113,0,-1.184046179,4.377703398,-3.209735615
34.11,-65.08595742,0.05237898884,0.5966445612,0.3178475846,0,-1.184106044,4.377612446,-3.209687226
34.12,-65.0857951,0.05237981819,0.5966474651,0.3178448674,0,-1.184166384,4.377522394,-3.209638531
34.13,-65.08563177,0.0523806549,0.596650359,0.3178421597,0,-1.184227196,4.377433237,-3.209589532
34.14,-65.08546744,0.05238149895,0.5966532428,0.3178394615,0,-1.184288476,4.377344976,-3.209540231
34.15,-65.0853021,0.05238235027,0.5966561164,0.3178367729,0,-1.184350222,4.377257607,-3.20949063
34.16,-65.08513577,0.05238320882,0.5966589799,0.3178340938,0,-1.184412431,4.377171128,-3.209440732
34.17,-65.08496846,0.05238407456,0.5966618332,0.3178314243,0,-1.184475099,4.377085537,-3.209390539
34.18,-65.08480017,0.05238494744,0.5966646764,0.3178287644,0,-1.184538223,4.377000831,-3.209340052
34.19,-65.08463092,0.05238582742,0.5966675092,0.3178261141,0,-1.1846018,4.37691701,-3.209289275
34.2,-65.0844607,0.05238671444,0.5966703318,0.3178234733,0,-1.184665828,4.37683407,-3.209238209
34.21,-65.08428952,0.05238760847,0.5966731442,0.3178208422,0,-1.184730303,4.37675201,-3.209186856
34.22,-65.08411739,0.05238850945,0.5966759462,0.3178182206,0,-1.184795223,4.376670826,-3.209135218
34.23,-65.08394433,0.05238941735,0.5966787378,0.3178156087,0,-1.184860583,4.376590518,-3.209083299
34.24,-65.08377033,0.05239033211,0.5966815191,0.3178130064,0,-1.184926382,4.376511083,-3.209031099
34.25,-65.0835954,0.0523912537,0.59668429,0.3178104138,0,-1.184992616,4.376432518,-3.208978621
34.26,-65.08341956,0.05239218206,0.5966870505,0.3178078308,0,-1.185059282,4.376354821,-3.208925867
34.27,-65.0832428,0.05239311715,0.5966898005,0.3178052575,0,-1.185126377,4.376277991,-3.20887284
34.28,-65.08306514,0.05239405892,0.59669254,0.3178026938,0,-1.185193899,4.376202024,-3.208819541
34.29,-65.08288657,0.05239500733,0.596695269,0.3178001398,0,-1.185261843,4.376126919,-3.208765972
34.3,-65.08270712,0.05239596234,0.5966979876,0.3177975954,0,-1.185330208,4.376052674,-3.208712136
34.31,-65.08252678,0.0523969239,0.5967006955,0.3177950608,0,-1.18539899,4.375979286,-3.208658035
34.32,-65.08234557,0.05239789196,0.5967033929,0.3177925358,0,-1.185468186,4.375906752,-3.20860367
34.33,-65.08216348,0.05239886648,0.5967060797,0.3177900205,0,-1.185537794,4.375835072,-3.208549045
34.34,-65.08198053,0.05239984742,0.5967087559,0.317787515,0,-1.185607809,4.375764242,-3.20849416
34.35,-65.08179673,0.05240083473,0.5967114215,0.3177850191,0,-1.18567823,4.37569426,-3.208439019
34.36,-65.08161208,0.05240182836,0.5967140764,0.317782533,0,-1.185749053,4.375625124,-3.208383623
34.37,-65.08142658,0.05240282827,0.5967167206,0.3177800566,0,-1.185820276,4.375556832,-3.208327974
34.38,-65.08124025,0.05240383442,0.5967193541,0.3177775899,0,-1.185891895,4.375489381,-3.208272075
34.39,-65.08105309,0.05240484676,0.5967219768,0.317775133,0,-1.185963908,4.375422769,-3.208215928
34.4,-65.08086511,0.05240586524,0.5967245888,0.3177726858,0,-1.186036311,4.375356994,-3.208159534
34.41,-65.08067632,0.05240688983,0.5967271901,0.3177702483,0,-1.186109101,4.375292053,-3.208102895
34.42,-65.08048672,0.05240792048,0.5967297805,0.3177678206,0,-1.186182277,4.375227945,-3.208046015
34.43,-65.08029631,0.05240895714,0.5967323602,0.3177654026,0,-1.186255834,4.375164666,-3.207988894
34.44,-65.08010512,0.05240999978,0.596734929,0.3177629944,0,-1.18632977,4.375102215,-3.207931535
34.45,-65.07991313,0.05241104834,0.596737487,0.317760596,0,-1.186404082,4.375040589,-3.20787394
34.46,-65.07972037,0.05241210278,0.5967400341,0.3177582073,0,-1.186478767,4.374979786,-3.207816111
34.47,-65.07952683,0.05241316306,0.5967425703,0.3177558284,0,-1.186553823,4.374919804,-3.20775805
34.48,-65.07933253,0.05241422913,0.5967450956,0.3177534593,0,-1.186629245,4.37486064,-3.207699759
34.49,-65.07913747,0.05241530096,0.5967476099,0.3177510999,0,-1.186705032,4.374802292,-3.207641241
34.5,-65.07894165,0.0524163785,0.5967501134,0.3177487504,0,-1.18678118,4.374744757,-3.207582496
34.51,-65.07874509,0.0524174617,0.5967526058,0.3177464106,0,-1.186857687,4.374688034,-3.207523528
34.52,-65.07854779,0.05241855052,0.5967550873,0.3177440806,0,-1.18693455,4.374632119,-3.207464338
34.53,-65.07834976,0.05241964491,0.5967575578,0.3177417604,0,-1.187011765,4.374577011,-3.207404928
34.54,-65.078151,0.05242074484,0.5967600173,0.31773945,0,-1.187089331,4.374522707,-3.2073453
34.55,-65.07795152,0.05242185027,0.5967624657,0.3177371494,0,-1.187167244,4.374469205,-3.207285457
34.56,-65.07775133,0.05242296114,0.5967649031,0.3177348585,0,-1.187245501,4.374416503,-3.2072254
34.57,-65.07755044,0.05242407741,0.5967673294,0.3177325775,0,-1.187324099,4.374364597,-3.207165131
34.58,-65.07734884,0.05242519905,0.5967697447,0.3177303063,0,-1.187403037,4.374313486,-3.207104653
34.59,-65.07714656,0.052426326,0.5967721488,0.3177280449,0,-1.18748231,4.374263168,-3.207043967
34.6,-65.07694358,0.05242745824,0.5967745419,0.3177257933,0,-1.187561916,4.374213639,-3.206983075
34.61,-65.07673993,0.0524285957,0.5967769238,0.3177235515,0,-1.187641852,4.374164898,-3.206921979
34.62,-65.07653561,0.05242973836,0.5967792946,0.3177213195,0,-1.187722115,4.374116942,-3.206860682
34.63,-65.07633062,0.05243088616,0.5967816542,0.3177190973,0,-1.187802703,4.374069768,-3.206799185
34.64,-65.07612497,0.05243203908,0.5967840026,0.3177168849,0,-1.187883613,4.374023375,-3.20673749
34.65,-65.07591866,0.05243319705,0.5967863399,0.3177146823,0,-1.187964842,4.37397776,-3.206675599
34.66,-65.07571171,0.05243436005,0.596788666,0.3177124895,0,-1.188046387,4.373932921,-3.206613514
34.67,-65.07550413,0.05243552802,0.5967909809,0.3177103066,0,-1.188128245,4.373888854,-3.206551238
34.68,-65.0752959,0.05243670094,0.5967932845,0.3177081334,0,-1.188210414,4.373845559,-3.206488771
34.69,-65.07508706,0.05243787874,0.5967955769,0.3177059701,0,-1.188292891,4.373803031,-3.206426117
34.7,-65.07487759,0.0524390614,0.5967978581,0.3177038165,0,-1.188375672,4.37376127,-3.206363276
34.71,-65.0746675,0.05244024888,0.596800128,0.3177016728,0,-1.188458756,4.373720271,-3.206300251
34.72,-65.07445681,0.05244144112,0.5968023866,0.3176995389,0,-1.18854214,4.373680034,-3.206237044
34.73,-65.07424552,0.05244263809,0.596804634,0.3176974148,0,-1.18862582,4.373640555,-3.206173657
34.74,-65.07403364,0.05244383975,0.59680687,0.3176953005,0,-1.188709795,4.373601833,-3.206110091
34.75,-65.07382116,0.05244504605,0.5968090948,0.3176931959,0,-1.188794061,4.373563864,-3.206046349
34.76,-65.07360811,0.05244625696,0.5968113082,0.3176911012,0,-1.188878615,4.373526646,-3.205982433
34.77,-65.07339448,0.05244747243,0.5968135103,0.3176890163,0,-1.188963455,4.373490177,-3.205918344
34.78,-65.07318028,0.05244869242,0.5968157011,0.3176869412,0,-1.189048579,4.373454455,-3.205854084
34.79,-65.07296552,0.05244991689,0.5968178805,0.3176848759,0,-1.189133983,4.373419476,-3.205789655
34.8,-65.0727502,0.0524511458,0.5968200486,0.3176828204,0,-1.189219664,4.373385239,-3.205725059
34.81,-65.07253433,0.05245237911,0.5968222053,0.3176807746,0,-1.189305621,4.373351741,-3.205660299
34.82,-65.07231792,0.05245361677,0.5968243506,0.3176787387,0,-1.18939185,4.373318979,-3.205595375
34.83,-65.07210097,0.05245485876,0.5968264845,0.3176767126,0,-1.189478349,4.373286952,-3.20553029
34.84,-65.07188348,0.05245610502,0.5968286071,0.3176746962,0,-1.189565115,4.373255656,-3.205465045
34.85,-65.07166548,0.05245735551,0.5968307182,0.3176726896,0,-1.189652145,4.373225089,-3.205399643
34.86,-65.07144695,0.0524586102,0.596832818,0.3176706928,0,-1.189739436,4.373195248,-3.205334086
34.87,-65.07122791,0.05245986905,0.5968349063,0.3176687057,0,-1.189826987,4.373166132,-3.205268374
34.88,-65.07100837,0.05246113201,0.5968369832,0.3176667285,0,-1.189914794,4.373137738,-3.205202511
34.89,-65.07078833,0.05246239904,0.5968390487,0.317664761,0,-1.190002855,4.373110062,-3.205136498
34.9,-65.07056779,0.05246367011,0.5968411027,0.3176628032,0,-1.190091166,4.373083104,-3.205070336
34.91,-65.07034676,0.05246494517,0.5968431453,0.3176608552,0,-1.190179727,4.37305686,-3.205004028
34.92,-65.07012525,0.05246622419,0.5968451764,0.317658917,0,-1.190268532,4.373031327,-3.204937575
34.93,-65.06990327,0.05246750712,0.5968471961,0.3176569885,0,-1.190357582,4.373006504,-3.20487098
34.94,-65.06968081,0.05246879393,0.5968492043,0.3176550698,0,-1.190446871,4.372982388,-3.204804243
34.95,-65.06945789,0.05247008457,0.596851201,0.3176531608,0,-1.190536399,4.372958976,-3.204737368
34.96,-65.06923452,0.05247137901,0.5968531863,0.3176512615,0,-1.190626162,4.372936265,-3.204670355
34.97,-65.06901069,0.0524726772,0.5968551601,0.317649372,0,-1.190716157,4.372914254,-3.204603207
34.98,-65.06878642,0.05247397912,0.5968571224,0.3176474922,0,-1.190806383,4.37289294,-3.204535925
34.99,-65.0685617,0.05247528471,0.5968590732,0.3176456221,0,-1.190896836,4.37287232,-3.204468511
35,-65.06833656,0.05247659394,0.5968610125,0.3176437617,0,-1.190987515,4.372852392,-3.204400968
35.01,-65.06811099,0.05247790677,0.5968629403,0.3176419111,0,-1.191078415,4.372833153,-3.204333296
35.02,-65.06788499,0.05247922316,0.5968648566,0.3176400701,0,-1.191169536,4.372814601,-3.204265497
35.03,-65.06765858,0.05248054307,0.5968667614,0.3176382389,0,-1.191260874,4.372796733,-3.204197574
35.04,-65.06743176,0.05248186647,0.5968686547,0.3176364173,0,-1.191352427,4.372779547,-3.204129527
35.05,-65.06720453,0.05248319331,0.5968705365,0.3176346054,0,-1.191444191,4.37276304,-3.20406136
35.06,-65.06697691,0.05248452356,0.5968724068,0.3176328032,0,-1.191536166,4.37274721,-3.203993073
35.07,-65.06674889,0.05248585717,0.5968742655,0.3176310107,0,-1.191628348,4.372732055,-3.203924668
35.08,-65.06652049,0.05248719412,0.5968761127,0.3176292278,0,-1.191720734,4.372717571,-3.203856148
35.09,-65.06629171,0.05248853436,0.5968779484,0.3176274546,0,-1.191813322,4.372703756,-3.203787513
35.1,-65.06606255,0.05248987785,0.5968797726,0.317625691,0,-1.19190611,4.372690608,-3.203718766
35.11,-65.06583303,0.05249122455,0.5968815853,0.3176239371,0,-1.191999095,4.372678123,-3.203649908
35.12,-65.06560314,0.05249257444,0.5968833864,0.3176221929,0,-1.192092274,4.372666301,-3.203580941
35.13,-65.06537289,0.05249392746,0.596885176,0.3176204582,0,-1.192185646,4.372655138,-3.203511867
35.14,-65.06514229,0.05249528358,0.596886954,0.3176187332,0,-1.192279207,4.372644631,-3.203442687
35.15,-65.06491135,0.05249664277,0.5968887205,0.3176170178,0,-1.192372955,4.372634778,-3.203373404
35.16,-65.06468006,0.05249800499,0.5968904755,0.3176153119,0,-1.192466888,4.372625577,-3.203304018
35.17,-65.06444844,0.05249937019,0.596892219,0.3176136157,0,-1.192561004,4.372617025,-3.203234532
35.18,-65.06421649,0.05250073835,0.5968939509,0.3176119291,0,-1.192655298,4.37260912,-3.203164948
35.19,-65.06398422,0.05250210942,0.5968956713,0.3176102521,0,-1.19274977,4.372601858,-3.203095266
35.2,-65.06375163,0.05250348337,0.5968973801,0.3176085846,0,-1.192844417,4.372595238,-3.203025489
35.21,-65.06351873,0.05250486016,0.5968990774,0.3176069267,0,-1.192939237,4.372589256,-3.202955619
35.22,-65.06328552,0.05250623976,0.5969007632,0.3176052784,0,-1.193034226,4.372583911,-3.202885656
35.23,-65.06305201,0.05250762212,0.5969024375,0.3176036396,0,-1.193129383,4.3725792,-3.202815604
35.24,-65.06281821,0.05250900721,0.5969041002,0.3176020103,0,-1.193224705,4.37257512,-3.202745462
35.25,-65.06258411,0.052510395,0.5969057514,0.3176003906,0,-1.193320189,4.372571669,-3.202675234
35.26,-65.06234973,0.05251178544,0.5969073911,0.3175987803,0,-1.193415834,4.372568844,-3.20260492
35.27,-65.06211508,0.0525131785,0.5969090192,0.3175971796,0,-1.193511637,4.372566642,-3.202534523
35.28,-65.06188015,0.05251457415,0.5969106358,0.3175955884,0,-1.193607595,4.372565062,-3.202464044
35.29,-65.06164495,0.05251597234,0.5969122409,0.3175940067,0,-1.193703707,4.372564101,-3.202393484
35.3,-65.06140949,0.05251737305,0.5969138345,0.3175924345,0,-1.193799969,4.372563755,-3.202322846
35.31,-65.06117377,0.05251877624,0.5969154166,0.3175908717,0,-1.19389638,4.372564023,-3.20225213
35.32,-65.0609378,0.05252018186,0.5969169871,0.3175893184,0,-1.193992936,4.372564902,-3.202181339
35.33,-65.06070158,0.05252158989,0.5969185462,0.3175877745,0,-1.194089637,4.372566389,-3.202110474
35.34,-65.06046512,0.05252300029,0.5969200937,0.3175862401,0,-1.194186478,4.372568483,-3.202039537
35.35,-65.06022843,0.05252441302,0.5969216298,0.3175847151,0,-1.194283459,4.37257118,-3.20196853
35.36,-65.05999151,0.05252582805,0.5969231543,0.3175831995,0,-1.194380576,4.372574477,-3.201897453
35.37,-65.05975436,0.05252724535,0.5969246673,0.3175816934,0,-1.194477827,4.372578373,-3.201826309
35.38,-65.059517,0.05252866487,0.5969261689,0.3175801966,0,-1.194575211,4.372582865,-3.201755099
35.39,-65.05927942,0.05253008658,0.596927659,0.3175787092,0,-1.194672724,4.372587949,-3.201683825
35.4,-65.05904163,0.05253151045,0.5969291376,0.3175772312,0,-1.194770364,4.372593625,-3.201612488
35.41,-65.05880363,0.05253293644,0.5969306047,0.3175757626,0,-1.19486813,4.372599888,-3.20154109
35.42,-65.05856544,0.05253436452,0.5969320603,0.3175743033,0,-1.194966018,4.372606738,-3.201469633
35.43,-65.05832706,0.05253579465,0.5969335045,0.3175728533,0,-1.195064027,4.37261417,-3.201398117
35.44,-65.05808848,0.0525372268,0.5969349372,0.3175714127,0,-1.195162154,4.372622183,-3.201326545
35.45,-65.05784973,0.05253866093,0.5969363585,0.3175699814,0,-1.195260397,4.372630773,-3.201254918
35.46,-65.05761079,0.05254009702,0.5969377683,0.3175685594,0,-1.195358754,4.372639939,-3.201183238
35.47,-65.05737169,0.05254153501,0.5969391667,0.3175671467,0,-1.195457222,4.372649678,-3.201111507
35.48,-65.05713242,0.05254297489,0.5969405536,0.3175657432,0,-1.195555799,4.372659988,-3.201039725
35.49,-65.05689298,0.05254441662,0.5969419291,0.3175643491,0,-1.195654483,4.372670865,-3.200967894
35.5,-65.05665339,0.05254586016,0.5969432932,0.3175629642,0,-1.195753272,4.372682307,-3.200896016
35.51,-65.05641364,0.05254730547,0.5969446459,0.3175615885,0,-1.195852163,4.372694313,-3.200824093
35.52,-65.05617375,0.05254875254,0.5969459871,0.3175602221,0,-1.195951155,4.372706878,-3.200752125
35.53,-65.05593372,0.05255020131,0.596947317,0.3175588648,0,-1.196050244,4.372720001,-3.200680115
35.54,-65.05569354,0.05255165176,0.5969486355,0.3175575168,0,-1.196149429,4.372733679,-3.200608063
35.55,-65.05545324,0.05255310386,0.5969499426,0.317556178,0,-1.196248708,4.37274791,-3.200535972
35.56,-65.05521281,0.05255455756,0.5969512383,0.3175548484,0,-1.196348078,4.372762691,-3.200463843
35.57,-65.05497226,0.05255601285,0.5969525226,0.3175535279,0,-1.196447538,4.372778019,-3.200391677
35.58,-65.05473159,0.05255746968,0.5969537956,0.3175522166,0,-1.196547084,4.372793892,-3.200319476
35.59,-65.05449081,0.05255892802,0.5969550572,0.3175509144,0,-1.196646715,4.372810308,-3.200247242
35.6,-65.05424992,0.05256038784,0.5969563075,0.3175496213,0,-1.196746429,4.372827264,-3.200174975
35.61,-65.05400893,0.05256184911,0.5969575464,0.3175483374,0,-1.196846224,4.372844757,-3.200102678
35.62,-65.05376784,0.05256331179,0.596958774,0.3175470625,0,-1.196946097,4.372862785,-3.200030351
35.63,-65.05352665,0.05256477585,0.5969599903,0.3175457967,0,-1.197046046,4.372881345,-3.199957996
35.64,-65.05328538,0.05256624126,0.5969611953,0.31754454,0,-1.197146069,4.372900435,-3.199885615
35.65,-65.05304403,0.05256770798,0.596962389,0.3175432924,0,-1.197246164,4.372920052,-3.199813209
35.66,-65.0528026,0.05256917599,0.5969635715,0.3175420538,0,-1.197346329,4.372940194,-3.19974078
35.67,-65.05256109,0.05257064525,0.5969647426,0.3175408242,0,-1.197446562,4.372960858,-3.199668328
35.68,-65.05231952,0.05257211573,0.5969659025,0.3175396037,0,-1.19754686,4.372982042,-3.199595856
35.69,-65.05207788,0.0525735874,0.5969670511,0.3175383921,0,-1.197647222,4.373003743,-3.199523364
35.7,-65.05183618,0.05257506023,0.5969681884,0.3175371895,0,-1.197747645,4.373025959,-3.199450855
35.71,-65.05159443,0.05257653417,0.5969693146,0.3175359959,0,-1.197848128,4.373048687,-3.19937833
35.72,-65.05135263,0.05257800922,0.5969704295,0.3175348112,0,-1.197948667,4.373071924,-3.199305789
35.73,-65.05111078,0.05257948532,0.5969715332,0.3175336355,0,-1.198049262,4.373095668,-3.199233235
35.74,-65.0508689,0.05258096245,0.5969726256,0.3175324687,0,-1.19814991,4.373119917,-3.199160669
35.75,-65.05062697,0.05258244058,0.5969737069,0.3175313108,0,-1.198250609,4.373144668,-3.199088091
35.76,-65.05038502,0.05258391968,0.5969747771,0.3175301618,0,-1.198351357,4.373169919,-3.199015505
35.77,-65.05014303,0.05258539972,0.596975836,0.3175290217,0,-1.198452152,4.373195667,-3.19894291
35.78,-65.04990103,0.05258688066,0.5969768838,0.3175278904,0,-1.198552992,4.373221909,-3.198870309
35.79,-65.04965901,0.05258836247,0.5969779205,0.317526768,0,-1.198653875,4.373248643,-3.198797702
35.8,-65.04941697,0.05258984513,0.596978946,0.3175256544,0,-1.198754799,4.373275866,-3.198725092
35.81,-65.04917493,0.0525913286,0.5969799604,0.3175245497,0,-1.198855761,4.373303577,-3.198652479
35.82,-65.04893288,0.05259281286,0.5969809637,0.3175234537,0,-1.19895676,4.373331772,-3.198579864
35.83,-65.04869083,0.05259429786,0.5969819559,0.3175223665,0,-1.199057795,4.373360448,-3.19850725
35.84,-65.04844879,0.05259578359,0.596982937,0.3175212881,0,-1.199158861,4.373389605,-3.198434637
35.85,-65.04820676,0.05259727002,0.5969839071,0.3175202184,0,-1.199259959,4.373419238,-3.198362027
35.86,-65.04796474,0.0525987571,0.5969848661,0.3175191575,0,-1.199361086,4.373449346,-3.198289421
35.87,-65.04772274,0.05260024481,0.596985814,0.3175181053,0,-1.199462239,4.373479926,-3.198216821
35.88,-65.04748076,0.05260173313,0.596986751,0.3175170618,0,-1.199563418,4.373510975,-3.198144227
35.89,-65.0472388,0.05260322202,0.5969876769,0.317516027,0,-1.199664619,4.373542491,-3.198071641
35.9,-65.04699688,0.05260471146,0.5969885918,0.3175150008,0,-1.199765842,4.373574471,-3.197999065
35.91,-65.046755,0.0526062014,0.5969894958,0.3175139833,0,-1.199867083,4.373606914,-3.197926499
35.92,-65.04651315,0.05260769183,0.5969903887,0.3175129744,0,-1.199968342,4.373639816,-3.197853945
35.93,-65.04627135,0.05260918272,0.5969912708,0.3175119742,0,-1.200069616,4.373673175,-3.197781404
35.94,-65.04602959,0.05261067403,0.5969921418,0.3175109825,0,-1.200170903,4.373706988,-3.197708878
35.95,-65.04578789,0.05261216574,0.596993002,0.3175099995,0,-1.200272201,4.373741254,-3.197636368
35.96,-65.04554625,0.05261365781,0.5969938512,0.317509025,0,-1.200373509,4.373775969,-3.197563875
35.97,-65.04530467,0.05261515023,0.5969946896,0.317508059,0,-1.200474824,4.373811131,-3.1974914
35.98,-65.04506315,0.05261664295,0.596995517,0.3175071016,0,-1.200576146,4.373846738,-3.197418945
35.99,-65.0448217,0.05261813596,0.5969963336,0.3175061527,0,-1.200677471,4.373882787,-3.19734651
36,-65.04458033,0.05261962921,0.5969971394,0.3175052123,0,-1.200778797,4.373919276,-3.197274098
36.01,-65.04433903,0.0526211227,0.5969979343,0.3175042804,0,-1.200880124,4.373956201,-3.197201709
36.02,-65.04409782,0.05262261638,0.5969987184,0.3175033569,0,-1.200981449,4.373993562,-3.197129345
36.03,-65.04385669,0.05262411022,0.5969994917,0.3175024419,0,-1.201082771,4.374031354,-3.197057006
36.04,-65.04361565,0.05262560421,0.5970002542,0.3175015353,0,-1.201184087,4.374069577,-3.196984694
36.05,-65.0433747,0.05262709831,0.597001006,0.3175006371,0,-1.201285395,4.374108227,-3.196912411
36.06,-65.04313386,0.05262859249,0.5970017469,0.3174997473,0,-1.201386694,4.374147301,-3.196840157
36.07,-65.04289311,0.05263008673,0.5970024772,0.3174988659,0,-1.201487982,4.374186798,-3.196767934
36.08,-65.04265248,0.052631581,0.5970031967,0.3174979928,0,-1.201589258,4.374226715,-3.196695743
36.09,-65.04241195,0.05263307527,0.5970039056,0.3174971281,0,-1.201690518,4.37426705,-3.196623585
36.1,-65.04217154,0.05263456951,0.5970046037,0.3174962717,0,-1.201791763,4.374307799,-3.196551461
36.11,-65.04193124,0.05263606371,0.5970052912,0.3174954236,0,-1.201892989,4.374348961,-3.196479373
36.12,-65.04169107,0.05263755782,0.597005968,0.3174945837,0,-1.201994194,4.374390533,-3.196407321
36.13,-65.04145102,0.05263905182,0.5970066342,0.3174937522,0,-1.202095378,4.374432513,-3.196335307
36.14,-65.04121111,0.05264054569,0.5970072898,0.3174929288,0,-1.202196539,4.374474899,-3.196263332
36.15,-65.04097133,0.0526420394,0.5970079348,0.3174921137,0,-1.202297674,4.374517687,-3.196191398
36.16,-65.04073168,0.05264353291,0.5970085692,0.3174913068,0,-1.202398782,4.374560875,-3.196119505
36.17,-65.04049218,0.05264502622,0.597009193,0.3174905081,0,-1.202499861,4.374604462,-3.196047654
36.18,-65.04025282,0.05264651928,0.5970098063,0.3174897176,0,-1.202600909,4.374648444,-3.195975847
36.19,-65.04001361,0.05264801208,0.597010409,0.3174889352,0,-1.202701925,4.374692819,-3.195904084
36.2,-65.03977456,0.05264950458,0.5970110013,0.3174881609,0,-1.202802907,4.374737585,-3.195832368
36.21,-65.03953566,0.05265099676,0.5970115831,0.3174873948,0,-1.202903853,4.374782739,-3.195760698
36.22,-65.03929692,0.0526524886,0.5970121544,0.3174866367,0,-1.203004761,4.374828279,-3.195689077
36.23,-65.03905835,0.05265398007,0.5970127152,0.3174858867,0,-1.20310563,4.374874202,-3.195617506
36.24,-65.03881995,0.05265547113,0.5970132656,0.3174851448,0,-1.203206458,4.374920507,-3.195545984
36.25,-65.03858171,0.05265696178,0.5970138056,0.3174844109,0,-1.203307244,4.37496719,-3.195474514
36.26,-65.03834366,0.05265845197,0.5970143353,0.317483685,0,-1.203407985,4.375014249,-3.195403097
36.27,-65.03810578,0.05265994169,0.5970148545,0.3174829671,0,-1.20350868,4.375061682,-3.195331734
36.28,-65.03786808,0.05266143091,0.5970153634,0.3174822572,0,-1.203609327,4.375109487,-3.195260425
36.29,-65.03763057,0.05266291961,0.5970158619,0.3174815553,0,-1.203709925,4.375157661,-3.195189172
36.3,-65.03739326,0.05266440775,0.5970163501,0.3174808612,0,-1.203810472,4.375206201,-3.195117977
36.31,-65.03715613,0.05266589532,0.5970168281,0.3174801751,0,-1.203910966,4.375255105,-3.195046839
36.32,-65.0369192,0.05266738229,0.5970172957,0.3174794969,0,-1.204011406,4.375304372,-3.194975761
36.33,-65.03668248,0.05266886863,0.5970177531,0.3174788266,0,-1.20411179,4.375353997,-3.194904743
36.34,-65.03644595,0.05267035433,0.5970182003,0.3174781641,0,-1.204212117,4.37540398,-3.194833786
36.35,-65.03620964,0.05267183935,0.5970186373,0.3174775095,0,-1.204312384,4.375454318,-3.194762892
36.36,-65.03597354,0.05267332367,0.597019064,0.3174768626,0,-1.20441259,4.375505008,-3.194692061
36.37,-65.03573765,0.05267480726,0.5970194806,0.3174762236,0,-1.204512734,4.375556048,-3.194621294
36.38,-65.03550198,0.05267629011,0.597019887,0.3174755923,0,-1.204612814,4.375607436,-3.194550593
36.39,-65.03526653,0.05267777219,0.5970202833,0.3174749688,0,-1.204712828,4.375659168,-3.194479959
36.4,-65.03503131,0.05267925347,0.5970206695,0.3174743531,0,-1.204812775,4.375711244,-3.194409392
36.41,-65.03479631,0.05268073393,0.5970210456,0.317473745,0,-1.204912653,4.37576366,-3.194338893
36.42,-65.03456155,0.05268221355,0.5970214116,0.3174731446,0,-1.205012461,4.375816415,-3.194268465
36.43,-65.03432702,0.0526836923,0.5970217676,0.317472552,0,-1.205112197,4.375869505,-3.194198107
36.44,-65.03409273,0.05268517016,0.5970221136,0.3174719669,0,-1.205211859,4.375922929,-3.19412782
36.45,-65.03385869,0.05268664711,0.5970224495,0.3174713895,0,-1.205311446,4.375976683,-3.194057607
36.46,-65.03362489,0.05268812311,0.5970227755,0.3174708197,0,-1.205410957,4.376030767,-3.193987466
36.47,-65.03339134,0.05268959816,0.5970230915,0.3174702575,0,-1.20551039,4.376085177,-3.193917401
36.48,-65.03315804,0.05269107222,0.5970233975,0.3174697029,0,-1.205609743,4.376139911,-3.193847411
36.49,-65.03292499,0.05269254528,0.5970236937,0.3174691558,0,-1.205709015,4.376194967,-3.193777498
36.5,-65.03269221,0.0526940173,0.5970239799,0.3174686162,0,-1.205808204,4.376250343,-3.193707662
36.51,-65.03245968,0.05269548827,0.5970242563,0.3174680842,0,-1.205907309,4.376306035,-3.193637905
36.52,-65.03222742,0.05269695817,0.5970245228,0.3174675596,0,-1.206006329,4.376362043,-3.193568227
36.53,-65.03199543,0.05269842696,0.5970247795,0.3174670425,0,-1.206105261,4.376418363,-3.19349863
36.54,-65.03176372,0.05269989464,0.5970250264,0.3174665328,0,-1.206204104,4.376474993,-3.193429115
36.55,-65.03153227,0.05270136117,0.5970252635,0.3174660306,0,-1.206302858,4.376531931,-3.193359681
36.56,-65.0313011,0.05270282654,0.5970254908,0.3174655358,0,-1.20640152,4.376589174,-3.193290331
36.57,-65.03107022,0.05270429071,0.5970257085,0.3174650483,0,-1.206500089,4.376646721,-3.193221065
36.58,-65.03083962,0.05270575368,0.5970259163,0.3174645682,0,-1.206598563,4.376704569,-3.193151885
36.59,-65.0306093,0.05270721542,0.5970261145,0.3174640954,0,-1.206696942,4.376762716,-3.193082791
36.6,-65.03037928,0.0527086759,0.5970263031,0.31746363,0,-1.206795223,4.376821159,-3.193013783
36.61,-65.03014955,0.05271013511,0.5970264819,0.3174631718,0,-1.206893405,4.376879896,-3.192944864
36.62,-65.02992011,0.05271159302,0.5970266512,0.3174627209,0,-1.206991487,4.376938925,-3.192876033
36.63,-65.02969097,0.05271304961,0.5970268109,0.3174622773,0,-1.207089467,4.376998243,-3.192807292
36.64,-65.02946214,0.05271450486,0.597026961,0.3174618409,0,-1.207187344,4.377057849,-3.192738642
36.65,-65.02923361,0.05271595876,0.5970271015,0.3174614117,0,-1.207285117,4.37711774,-3.192670084
36.66,-65.02900539,0.05271741126,0.5970272325,0.3174609897,0,-1.207382784,4.377177914,-3.192601618
36.67,-65.02877748,0.05271886237,0.597027354,0.3174605748,0,-1.207480344,4.377238368,-3.192533245
36.68,-65.02854989,0.05272031205,0.597027466,0.3174601671,0,-1.207577795,4.3772991,-3.192464967
36.69,-65.02832261,0.05272176028,0.5970275686,0.3174597665,0,-1.207675136,4.377360108,-3.192396784
36.7,-65.02809565,0.05272320705,0.5970276617,0.317459373,0,-1.207772365,4.377421391,-3.192328696
36.71,-65.02786902,0.05272465233,0.5970277454,0.3174589866,0,-1.207869482,4.377482944,-3.192260706
36.72,-65.02764271,0.05272609611,0.5970278198,0.3174586073,0,-1.207966485,4.377544767,-3.192192813
36.73,-65.02741673,0.05272753835,0.5970278847,0.3174582349,0,-1.208063373,4.377606857,-3.192125019
36.74,-65.02719108,0.05272897905,0.5970279404,0.3174578696,0,-1.208160143,4.377669212,-3.192057324
36.75,-65.02696577,0.05273041818,0.5970279867,0.3174575113,0,-1.208256796,4.377731829,-3.19198973
36.76,-65.02674079,0.05273185572,0.5970280237,0.3174571599,0,-1.208353329,4.377794707,-3.191922236
36.77,-65.02651615,0.05273329166,0.5970280515,0.3174568155,0,-1.208449741,4.377857842,-3.191854845
36.78,-65.02629185,0.05273472596,0.5970280701,0.317456478,0,-1.208546032,4.377921234,-3.191787556
36.79,-65.0260679,0.05273615862,0.5970280794,0.3174561474,0,-1.208642199,4.377984879,-3.191720371
36.8,-65.0258443,0.05273758961,0.5970280795,0.3174558237,0,-1.208738241,4.378048776,-3.19165329
36.81,-65.02562105,0.05273901891,0.5970280705,0.3174555068,0,-1.208834158,4.378112922,-3.191586315
36.82,-65.02539815,0.05274044651,0.5970280524,0.3174551967,0,-1.208929947,4.378177315,-3.191519445
36.83,-65.02517561,0.05274187238,0.5970280251,0.3174548935,0,-1.209025608,4.378241953,-3.191452683
36.84,-65.02495342,0.0527432965,0.5970279888,0.3174545971,0,-1.209121139,4.378306834,-3.191386027
36.85,-65.0247316,0.05274471887,0.5970279433,0.3174543074,0,-1.209216539,4.378371956,-3.191319481
36.86,-65.02451014,0.05274613944,0.5970278889,0.3174540245,0,-1.209311806,4.378437315,-3.191253043
36.87,-65.02428905,0.05274755822,0.5970278254,0.3174537482,0,-1.209406941,4.378502911,-3.191186716
36.88,-65.02406833,0.05274897517,0.597027753,0.3174534787,0,-1.20950194,4.378568741,-3.191120499
36.89,-65.02384798,0.05275039029,0.5970276716,0.3174532159,0,-1.209596804,4.378634802,-3.191054394
36.9,-65.023628,0.05275180354,0.5970275812,0.3174529597,0,-1.20969153,4.378701094,-3.190988401
36.91,-65.0234084,0.05275321492,0.597027482,0.3174527101,0,-1.209786118,4.378767612,-3.190922521
36.92,-65.02318918,0.0527546244,0.5970273739,0.3174524672,0,-1.209880567,4.378834357,-3.190856755
36.93,-65.02297035,0.05275603197,0.5970272569,0.3174522308,0,-1.209974874,4.378901324,-3.190791104
36.94,-65.02275189,0.05275743761,0.5970271311,0.317452001,0,-1.21006904,4.378968512,-3.190725567
36.95,-65.02253382,0.0527588413,0.5970269965,0.3174517777,0,-1.210163062,4.379035919,-3.190660147
36.96,-65.02231615,0.05276024302,0.5970268531,0.3174515609,0,-1.21025694,4.379103544,-3.190594844
36.97,-65.02209886,0.05276164276,0.5970267009,0.3174513507,0,-1.210350673,4.379171382,-3.190529658
36.98,-65.02188197,0.05276304049,0.59702654,0.3174511469,0,-1.210444259,4.379239433,-3.19046459
36.99,-65.02166547,0.05276443621,0.5970263705,0.3174509495,0,-1.210537696,4.379307695,-3.190399642
37,-65.02144938,0.05276582988,0.5970261922,0.3174507586,0,-1.210630985,4.379376165,-3.190334813
37.01,-65.02123368,0.0527672215,0.5970260053,0.3174505741,0,-1.210724124,4.379444841,-3.190270104
37.02,-65.02101839,0.05276861104,0.5970258098,0.3174503959,0,-1.210817112,4.379513721,-3.190205517
37.03,-65.0208035,0.0527699985,0.5970256057,0.3174502242,0,-1.210909947,4.379582803,-3.190141051
37.04,-65.02058903,0.05277138385,0.5970253931,0.3174500587,0,-1.211002628,4.379652085,-3.190076708
37.05,-65.02037496,0.05277276707,0.5970251719,0.3174498996,0,-1.211095155,4.379721565,-3.190012488
37.06,-65.02016131,0.05277414815,0.5970249421,0.3174497467,0,-1.211187526,4.37979124,-3.189948392
37.07,-65.01994807,0.05277552708,0.5970247039,0.3174496001,0,-1.21127974,4.379861109,-3.18988442
37.08,-65.01973525,0.05277690383,0.5970244573,0.3174494597,0,-1.211371796,4.37993117,-3.189820574
37.09,-65.01952284,0.05277827839,0.5970242022,0.3174493256,0,-1.211463693,4.38000142,-3.189756853
37.1,-65.01931086,0.05277965074,0.5970239387,0.3174491976,0,-1.21155543,4.380071857,-3.189693259
37.11,-65.01909931,0.05278102086,0.5970236668,0.3174490759,0,-1.211647006,4.38014248,-3.189629792
37.12,-65.01888818,0.05278238875,0.5970233866,0.3174489602,0,-1.21173842,4.380213286,-3.189566453
37.13,-65.01867748,0.05278375438,0.5970230981,0.3174488507,0,-1.21182967,4.380284273,-3.189503243
37.14,-65.01846721,0.05278511774,0.5970228012,0.3174487473,0,-1.211920756,4.380355439,-3.189440162
37.15,-65.01825737,0.05278647881,0.5970224961,0.31744865,0,-1.212011676,4.380426782,-3.18937721
37.16,-65.01804796,0.05278783758,0.5970221828,0.3174485587,0,-1.21210243,4.380498301,-3.189314389
37.17,-65.017839,0.05278919402,0.5970218612,0.3174484735,0,-1.212193016,4.380569992,-3.189251699
37.18,-65.01763047,0.05279054813,0.5970215314,0.3174483943,0,-1.212283434,4.380641854,-3.189189141
37.19,-65.01742238,0.05279189989,0.5970211935,0.317448321,0,-1.212373682,4.380713886,-3.189126715
37.2,-65.01721474,0.05279324928,0.5970208475,0.3174482537,0,-1.21246376,4.380786084,-3.189064422
37.21,-65.01700754,0.05279459629,0.5970204934,0.3174481924,0,-1.212553666,4.380858447,-3.189002263
37.22,-65.01680079,0.05279594091,0.5970201311,0.317448137,0,-1.2126434,4.380930973,-3.188940238
37.23,-65.01659449,0.05279728311,0.5970197609,0.3174480874,0,-1.21273296,4.38100366,-3.188878347
37.24,-65.01638864,0.05279862288,0.5970193826,0.3174480438,0,-1.212822345,4.381076506,-3.188816592
37.25,-65.01618324,0.05279996022,0.5970189963,0.3174480059,0,-1.212911555,4.381149509,-3.188754973
37.26,-65.0159783,0.05280129509,0.5970186021,0.3174479739,0,-1.213000589,4.381222667,-3.18869349
37.27,-65.01577381,0.0528026275,0.5970181999,0.3174479477,0,-1.213089445,4.381295978,-3.188632144
37.28,-65.01556979,0.05280395741,0.5970177898,0.3174479273,0,-1.213178123,4.381369439,-3.188570936
37.29,-65.01536622,0.05280528483,0.5970173719,0.3174479126,0,-1.213266621,4.38144305,-3.188509867
37.3,-65.01516312,0.05280660973,0.5970169461,0.3174479037,0,-1.213354939,4.381516808,-3.188448936
37.31,-65.01496048,0.05280793211,0.5970165124,0.3174479004,0,-1.213443076,4.381590711,-3.188388145
37.32,-65.01475831,0.05280925194,0.597016071,0.3174479028,0,-1.213531031,4.381664757,-3.188327493
37.33,-65.01455661,0.05281056921,0.5970156218,0.3174479109,0,-1.213618802,4.381738944,-3.188266982
37.34,-65.01435537,0.05281188391,0.5970151649,0.3174479247,0,-1.21370639,4.38181327,-3.188206612
37.35,-65.01415461,0.05281319602,0.5970147002,0.317447944,0,-1.213793793,4.381887733,-3.188146384
37.36,-65.01395433,0.05281450554,0.5970142279,0.3174479689,0,-1.21388101,4.381962332,-3.188086298
37.37,-65.01375451,0.05281581244,0.5970137479,0.3174479994,0,-1.21396804,4.382037064,-3.188026354
37.38,-65.01355518,0.05281711672,0.5970132603,0.3174480354,0,-1.214054883,4.382111928,-3.187966554
37.39,-65.01335632,0.05281841836,0.5970127651,0.317448077,0,-1.214141537,4.382186921,-3.187906897
37.4,-65.01315795,0.05281971734,0.5970122624,0.317448124,0,-1.214228002,4.382262042,-3.187847385
37.41,-65.01296006,0.05282101366,0.5970117521,0.3174481765,0,-1.214314276,4.382337288,-3.187788018
37.42,-65.01276265,0.0528223073,0.5970112342,0.3174482345,0,-1.21440036,4.382412658,-3.187728795
37.43,-65.01256573,0.05282359824,0.5970107089,0.3174482978,0,-1.214486252,4.38248815,-3.187669719
37.44,-65.01236929,0.05282488648,0.5970101762,0.3174483666,0,-1.214571951,4.382563763,-3.187610788
37.45,-65.01217335,0.052826172,0.597009636,0.3174484408,0,-1.214657456,4.382639493,-3.187552005
37.46,-65.0119779,0.05282745479,0.5970090884,0.3174485202,0,-1.214742767,4.382715339,-3.187493369
37.47,-65.01178293,0.05282873483,0.5970085335,0.3174486051,0,-1.214827883,4.3827913,-3.18743488
37.48,-65.01158847,0.05283001212,0.5970079712,0.3174486952,0,-1.214912802,4.382867373,-3.18737654
37.49,-65.0113945,0.05283128664,0.5970074016,0.3174487906,0,-1.214997525,4.382943557,-3.187318349
37.5,-65.01120102,0.05283255838,0.5970068248,0.3174488913,0,-1.21508205,4.38301985,-3.187260306
37.51,-65.01100805,0.05283382732,0.5970062406,0.3174489972,0,-1.215166377,4.383096249,-3.187202414
37.52,-65.01081557,0.05283509346,0.5970056493,0.3174491083,0,-1.215250504,4.383172754,-3.187144671
37.53,-65.0106236,0.05283635678,0.5970050508,0.3174492246,0,-1.215334431,4.383249361,-3.187087079
37.54,-65.01043213,0.05283761727,0.5970044451,0.3174493461,0,-1.215418158,4.38332607,-3.187029639
37.55,-65.01024116,0.05283887491,0.5970038322,0.3174494727,0,-1.215501682,4.383402879,-3.186972349
37.56,-65.01005071,0.05284012971,0.5970032123,0.3174496044,0,-1.215585005,4.383479785,-3.186915212
37.57,-65.00986076,0.05284138164,0.5970025853,0.3174497412,0,-1.215668124,4.383556787,-3.186858227
37.58,-65.00967132,0.05284263069,0.5970019512,0.3174498831,0,-1.215751039,4.383633883,-3.186801395
37.59,-65.00948239,0.05284387685,0.5970013101,0.31745003,0,-1.21583375,4.383711071,-3.186744716
37.6,-65.00929397,0.05284512012,0.597000662,0.317450182,0,-1.215916255,4.383788349,-3.18668819
37.61,-65.00910606,0.05284636047,0.597000007,0.3174503389,0,-1.215998554,4.383865716,-3.186631819
37.62,-65.00891868,0.0528475979,0.596999345,0.3174505009,0,-1.216080646,4.38394317,-3.186575603
37.63,-65.0087318,0.05284883239,0.5969986762,0.3174506677,0,-1.216162531,4.384020709,-3.186519541
37.64,-65.00854545,0.05285006394,0.5969980004,0.3174508395,0,-1.216244207,4.384098331,-3.186463635
37.65,-65.00835961,0.05285129254,0.5969973178,0.3174510162,0,-1.216325674,4.384176035,-3.186407884
37.66,-65.0081743,0.05285251817,0.5969966284,0.3174511978,0,-1.216406932,4.384253818,-3.18635229
37.67,-65.00798951,0.05285374082,0.5969959323,0.3174513843,0,-1.216487979,4.384331679,-3.186296852
37.68,-65.00780524,0.05285496049,0.5969952293,0.3174515756,0,-1.216568815,4.384409616,-3.186241571
37.69,-65.00762149,0.05285617716,0.5969945196,0.3174517717,0,-1.21664944,4.384487627,-3.186186447
37.7,-65.00743827,0.05285739082,0.5969938033,0.3174519725,0,-1.216729852,4.384565711,-3.186131481
37.71,-65.00725558,0.05285860146,0.5969930802,0.3174521782,0,-1.21681005,4.384643866,-3.186076674
37.72,-65.00707341,0.05285980907,0.5969923506,0.3174523886,0,-1.216890036,4.38472209,-3.186022024
37.73,-65.00689178,0.05286101364,0.5969916143,0.3174526037,0,-1.216969806,4.384800382,-3.185967534
37.74,-65.00671068,0.05286221516,0.5969908714,0.3174528234,0,-1.217049362,4.384878739,-3.185913203
37.75,-65.0065301,0.05286341363,0.596990122,0.3174530479,0,-1.217128702,4.38495716,-3.185859031
37.76,-65.00635006,0.05286460902,0.5969893661,0.317453277,0,-1.217207825,4.385035643,-3.185805019
37.77,-65.00617056,0.05286580134,0.5969886037,0.3174535107,0,-1.217286731,4.385114186,-3.185751168
37.78,-65.00599159,0.05286699056,0.5969878348,0.3174537491,0,-1.21736542,4.385192789,-3.185697477
37.79,-65.00581316,0.05286817669,0.5969870595,0.317453992,0,-1.217443891,4.385271448,-3.185643947
37.8,-65.00563526,0.05286935971,0.5969862778,0.3174542394,0,-1.217522143,4.385350163,-3.185590579
37.81,-65.00545791,0.05287053962,0.5969854897,0.3174544914,0,-1.217600175,4.385428932,-3.185537372
37.82,-65.00528109,0.0528717164,0.5969846952,0.3174547479,0,-1.217677987,4.385507752,-3.185484327
37.83,-65.00510482,0.05287289004,0.5969838945,0.3174550089,0,-1.217755579,4.385586623,-3.185431445
37.84,-65.00492908,0.05287406054,0.5969830875,0.3174552743,0,-1.217832949,4.385665542,-3.185378725
37.85,-65.00475389,0.05287522788,0.5969822742,0.3174555442,0,-1.217910098,4.385744508,-3.185326168
37.86,-65.00457925,0.05287639206,0.5969814547,0.3174558185,0,-1.217987024,4.38582352,-3.185273775
37.87,-65.00440515,0.05287755307,0.596980629,0.3174560971,0,-1.218063728,4.385902575,-3.185221545
37.88,-65.0042316,0.0528787109,0.5969797971,0.3174563802,0,-1.218140207,4.385981673,-3.185169479
37.89,-65.00405859,0.05287986554,0.5969789591,0.3174566675,0,-1.218216463,4.38606081,-3.185117577
37.9,-65.00388613,0.05288101699,0.596978115,0.3174569592,0,-1.218292494,4.386139987,-3.185065839
37.91,-65.00371422,0.05288216522,0.5969772648,0.3174572552,0,-1.2183683,4.3862192,-3.185014267
37.92,-65.00354286,0.05288331025,0.5969764086,0.3174575555,0,-1.21844388,4.386298449,-3.184962859
37.93,-65.00337206,0.05288445205,0.5969755463,0.31745786,0,-1.218519234,4.386377731,-3.184911617
37.94,-65.0032018,0.05288559062,0.5969746781,0.3174581687,0,-1.218594362,4.386457046,-3.184860541
37.95,-65.0030321,0.05288672595,0.5969738039,0.3174584817,0,-1.218669262,4.386536391,-3.18480963
37.96,-65.00286295,0.05288785804,0.5969729238,0.3174587988,0,-1.218743934,4.386615766,-3.184758886
37.97,-65.00269436,0.05288898687,0.5969720377,0.3174591201,0,-1.218818378,4.386695168,-3.184708308
37.98,-65.00252632,0.05289011243,0.5969711458,0.3174594455,0,-1.218892593,4.386774595,-3.184657897
37.99,-65.00235884,0.05289123473,0.5969702481,0.317459775,0,-1.218966579,4.386854047,-3.184607653
38,-65.00219192,0.05289235375,0.5969693446,0.3174601086,0,-1.219040335,4.386933521,-3.184557576
38.01,-65.00202555,0.05289346948,0.5969684353,0.3174604463,0,-1.219113861,4.387013017,-3.184507666
38.02,-65.00185975,0.05289458193,0.5969675202,0.317460788,0,-1.219187156,4.387092531,-3.184457925
38.03,-65.0016945,0.05289569107,0.5969665994,0.3174611337,0,-1.21926022,4.387172064,-3.184408351
38.04,-65.00152982,0.0528967969,0.5969656729,0.3174614834,0,-1.219333053,4.387251613,-3.184358946
38.05,-65.0013657,0.05289789942,0.5969647408,0.3174618371,0,-1.219405653,4.387331177,-3.184309709
38.06,-65.00120214,0.05289899861,0.596963803,0.3174621947,0,-1.21947802,4.387410754,-3.184260641
38.07,-65.00103914,0.05290009448,0.5969628596,0.3174625563,0,-1.219550155,4.387490343,-3.184211741
38.08,-65.0008767,0.05290118701,0.5969619107,0.3174629218,0,-1.219622056,4.387569942,-3.184163011
38.09,-65.00071484,0.05290227619,0.5969609562,0.3174632911,0,-1.219693724,4.387649549,-3.184114451
38.1,-65.00055353,0.05290336203,0.5969599962,0.3174636643,0,-1.219765157,4.387729164,-3.18406606
38.11,-65.0003928,0.05290444451,0.5969590307,0.3174640414,0,-1.219836355,4.387808784,-3.184017839
38.12,-65.00023262,0.05290552363,0.5969580597,0.3174644222,0,-1.219907318,4.387888409,-3.183969787
38.13,-65.00007302,0.05290659938,0.5969570834,0.3174648069,0,-1.219978046,4.387968036,-3.183921906
38.14,-64.99991399,0.05290767175,0.5969561016,0.3174651953,0,-1.220048537,4.388047664,-3.183874196
38.15,-64.99975552,0.05290874074,0.5969551145,0.3174655874,0,-1.220118792,4.388127291,-3.183826656
38.16,-64.99959762,0.05290980635,0.596954122,0.3174659833,0,-1.220188811,4.388206917,-3.183779287
38.17,-64.9994403,0.05291086855,0.5969531243,0.3174663828,0,-1.220258592,4.388286539,-3.183732089
38.18,-64.99928354,0.05291192736,0.5969521212,0.3174667861,0,-1.220328136,4.388366156,-3.183685062
38.19,-64.99912736,0.05291298276,0.5969511129,0.317467193,0,-1.220397442,4.388445767,-3.183638207
38.2,-64.99897174,0.05291403475,0.5969500994,0.3174676035,0,-1.22046651,4.388525371,-3.183591523
38.21,-64.9988167,0.05291508332,0.5969490807,0.3174680176,0,-1.220535339,4.388604964,-3.183545011
38.22,-64.99866224,0.05291612846,0.5969480569,0.3174684353,0,-1.220603929,4.388684548,-3.183498671
38.23,-64.99850834,0.05291717018,0.5969470279,0.3174688566,0,-1.22067228,4.388764119,-3.183452503
38.24,-64.99835502,0.05291820846,0.5969459938,0.3174692814,0,-1.220740391,4.388843676,-3.183406507
38.25,-64.99820228,0.0529192433,0.5969449547,0.3174697097,0,-1.220808262,4.388923218,-3.183360683
38.26,-64.99805011,0.05292027469,0.5969439105,0.3174701415,0,-1.220875892,4.389002744,-3.183315033
38.27,-64.99789851,0.05292130263,0.5969428613,0.3174705768,0,-1.220943282,4.389082252,-3.183269554
38.28,-64.9977475,0.05292232711,0.5969418071,0.3174710155,0,-1.221010431,4.389161741,-3.183224249
38.29,-64.99759706,0.05292334813,0.596940748,0.3174714577,0,-1.221077339,4.389241209,-3.183179117
38.3,-64.99744719,0.05292436569,0.596939684,0.3174719033,0,-1.221144005,4.389320654,-3.183134158
38.31,-64.99729791,0.05292537977,0.596938615,0.3174723522,0,-1.221210429,4.389400076,-3.183089372
38.32,-64.9971492,0.05292639037,0.5969375412,0.3174728045,0,-1.221276611,4.389479474,-3.183044759
38.33,-64.99700107,0.0529273975,0.5969364626,0.3174732601,0,-1.22134255,4.389558844,-3.18300032
38.34,-64.99685352,0.05292840113,0.5969353791,0.3174737191,0,-1.221408247,4.389638188,-3.182956055
38.35,-64.99670655,0.05292940128,0.5969342909,0.3174741813,0,-1.2214737,4.389717502,-3.182911964
38.36,-64.99656015,0.05293039793,0.596933198,0.3174746468,0,-1.22153891,4.389796785,-3.182868046
38.37,-64.99641434,0.05293139108,0.5969321003,0.3174751156,0,-1.221603877,4.389876037,-3.182824303
38.38,-64.99626911,0.05293238072,0.5969309979,0.3174755876,0,-1.221668599,4.389955256,-3.182780733
38.39,-64.99612446,0.05293336686,0.5969298909,0.3174760628,0,-1.221733077,4.39003444,-3.182737338
38.4,-64.99598039,0.05293434948,0.5969287793,0.3174765411,0,-1.221797311,4.390113588,-3.182694118
38.41,-64.9958369,0.05293532859,0.596927663,0.3174770226,0,-1.2218613,4.390192699,-3.182651071
38.42,-64.995694,0.05293630417,0.5969265422,0.3174775073,0,-1.221925044,4.390271771,-3.1826082
38.43,-64.99555168,0.05293727623,0.5969254169,0.3174779951,0,-1.221988543,4.390350804,-3.182565503
38.44,-64.99540993,0.05293824476,0.596924287,0.3174784859,0,-1.222051796,4.390429795,-3.18252298
38.45,-64.99526878,0.05293920975,0.5969231526,0.3174789799,0,-1.222114804,4.390508744,-3.182480633
38.46,-64.9951282,0.05294017121,0.5969220139,0.3174794769,0,-1.222177566,4.390587649,-3.18243846
38.47,-64.99498821,0.05294112913,0.5969208706,0.3174799769,0,-1.222240082,4.390666508,-3.182396462
38.48,-64.9948488,0.0529420835,0.596919723,0.3174804799,0,-1.222302352,4.390745322,-3.18235464
38.49,-64.99470997,0.05294303432,0.596918571,0.3174809859,0,-1.222364375,4.390824087,-3.182312992
38.5,-64.99457173,0.05294398159,0.5969174147,0.3174814948,0,-1.222426151,4.390902804,-3.18227152
38.51,-64.99443408,0.05294492531,0.5969162541,0.3174820067,0,-1.222487681,4.39098147,-3.182230223
38.52,-64.99429701,0.05294586547,0.5969150892,0.3174825215,0,-1.222548963,4.391060085,-3.182189102
38.53,-64.99416052,0.05294680207,0.59691392,0.3174830392,0,-1.222609998,4.391138646,-3.182148155
38.54,-64.99402462,0.05294773511,0.5969127467,0.3174835598,0,-1.222670786,4.391217154,-3.182107385
38.55,-64.9938893,0.05294866457,0.5969115691,0.3174840833,0,-1.222731325,4.391295606,-3.182066789
38.56,-64.99375457,0.05294959047,0.5969103874,0.3174846095,0,-1.222791618,4.391374002,-3.18202637
38.57,-64.99362042,0.05295051279,0.5969092015,0.3174851386,0,-1.222851662,4.39145234,-3.181986125
38.58,-64.99348686,0.05295143154,0.5969080116,0.3174856704,0,-1.222911458,4.391530618,-3.181946057
38.59,-64.99335388,0.0529523467,0.5969068175,0.3174862051,0,-1.222971005,4.391608836,-3.181906164
38.6,-64.99322149,0.05295325829,0.5969056194,0.3174867424,0,-1.223030305,4.391686993,-3.181866447
38.61,-64.99308969,0.05295416629,0.5969044173,0.3174872825,0,-1.223089355,4.391765087,-3.181826906
38.62,-64.99295847,0.0529550707,0.5969032112,0.3174878253,0,-1.223148157,4.391843117,-3.18178754
38.63,-64.99282783,0.05295597153,0.5969020012,0.3174883708,0,-1.22320671,4.391921081,-3.18174835
38.64,-64.99269779,0.05295686876,0.5969007872,0.3174889189,0,-1.223265015,4.39199898,-3.181709336
38.65,-64.99256833,0.0529577624,0.5968995693,0.3174894697,0,-1.223323069,4.39207681,-3.181670498
38.66,-64.99243945,0.05295865244,0.5968983475,0.3174900231,0,-1.223380875,4.392154572,-3.181631835
38.67,-64.99231116,0.05295953888,0.5968971219,0.3174905791,0,-1.223438432,4.392232264,-3.181593349
38.68,-64.99218346,0.05296042173,0.5968958925,0.3174911376,0,-1.223495739,4.392309884,-3.181555038
38.69,-64.99205635,0.05296130097,0.5968946593,0.3174916987,0,-1.223552796,4.392387432,-3.181516904
38.7,-64.99192982,0.0529621766,0.5968934223,0.3174922624,0,-1.223609604,4.392464907,-3.181478945
38.71,-64.99180387,0.05296304863,0.5968921816,0.3174928285,0,-1.223666162,4.392542307,-3.181441162
38.72,-64.99167852,0.05296391705,0.5968909372,0.3174933972,0,-1.22372247,4.392619631,-3.181403555
38.73,-64.99155374,0.05296478186,0.5968896891,0.3174939683,0,-1.223778528,4.392696878,-3.181366123
38.74,-64.99142956,0.05296564306,0.5968884374,0.3174945418,0,-1.223834336,4.392774047,-3.181328868
38.75,-64.99130596,0.05296650065,0.596887182,0.3174951178,0,-1.223889894,4.392851137,-3.181291788
38.76,-64.99118295,0.05296735462,0.5968859231,0.3174956962,0,-1.223945202,4.392928146,-3.181254885
38.77,-64.99106052,0.05296820498,0.5968846606,0.3174962769,0,-1.22400026,4.393005073,-3.181218157
38.78,-64.99093868,0.05296905172,0.5968833945,0.3174968601,0,-1.224055067,4.393081918,-3.181181605
38.79,-64.99081743,0.05296989484,0.596882125,0.3174974456,0,-1.224109624,4.39315868,-3.181145228
38.8,-64.99069676,0.05297073434,0.596880852,0.3174980334,0,-1.224163931,4.393235356,-3.181109028
38.81,-64.99057668,0.05297157021,0.5968795755,0.3174986235,0,-1.224217987,4.393311946,-3.181073003
38.82,-64.99045718,0.05297240247,0.5968782956,0.3174992158,0,-1.224271793,4.393388449,-3.181037153
38.83,-64.99033827,0.0529732311,0.5968770123,0.3174998105,0,-1.224325349,4.393464864,-3.18100148
38.84,-64.99021994,0.05297405611,0.5968757257,0.3175004074,0,-1.224378654,4.39354119,-3.180965982
38.85,-64.9901022,0.0529748775,0.5968744357,0.3175010065,0,-1.224431708,4.393617425,-3.180930659
38.86,-64.98998504,0.05297569525,0.5968731424,0.3175016078,0,-1.224484512,4.393693569,-3.180895512
38.87,-64.98986847,0.05297650939,0.5968718458,0.3175022113,0,-1.224537065,4.393769621,-3.18086054
38.88,-64.98975248,0.05297731989,0.596870546,0.3175028169,0,-1.224589367,4.393845578,-3.180825744
38.89,-64.98963708,0.05297812677,0.5968692429,0.3175034247,0,-1.224641419,4.393921442,-3.180791123
38.9,-64.98952226,0.05297893001,0.5968679367,0.3175040346,0,-1.22469322,4.393997209,-3.180756677
38.91,-64.98940802,0.05297972963,0.5968666272,0.3175046466,0,-1.224744771,4.39407288,-3.180722407
38.92,-64.98929437,0.05298052562,0.5968653147,0.3175052606,0,-1.224796071,4.394148453,-3.180688312
38.93,-64.9891813,0.05298131798,0.596863999,0.3175058768,0,-1.224847121,4.394223927,-3.180654391
38.94,-64.98906882,0.05298210671,0.5968626802,0.3175064949,0,-1.22489792,4.394299302,-3.180620646
38.95,-64.98895692,0.05298289181,0.5968613584,0.3175071151,0,-1.224948468,4.394374575,-3.180587076
38.96,-64.9888456,0.05298367329,0.5968600335,0.3175077373,0,-1.224998766,4.394449747,-3.18055368
38.97,-64.98873486,0.05298445113,0.5968587056,0.3175083614,0,-1.225048813,4.394524816,-3.180520459
38.98,-64.98862471,0.05298522534,0.5968573748,0.3175089875,0,-1.22509861,4.394599781,-3.180487413
38.99,-64.98851514,0.05298599592,0.596856041,0.3175096156,0,-1.225148157,4.394674641,-3.180454542
39,-64.98840615,0.05298676287,0.5968547043,0.3175102456,0,-1.225197453,4.394749396,-3.180421845
39.01,-64.98829774,0.05298752619,0.5968533647,0.3175108774,0,-1.225246498,4.394824043,-3.180389323
39.02,-64.98818991,0.05298828588,0.5968520222,0.3175115112,0,-1.225295294,4.394898583,-3.180356974
39.03,-64.98808267,0.05298904194,0.5968506769,0.3175121468,0,-1.225343839,4.394973014,-3.1803248
39.04,-64.987976,0.05298979438,0.5968493287,0.3175127842,0,-1.225392134,4.395047335,-3.180292801
39.05,-64.98786992,0.05299054318,0.5968479778,0.3175134234,0,-1.225440179,4.395121545,-3.180260975
39.06,-64.98776441,0.05299128836,0.5968466241,0.3175140645,0,-1.225487974,4.395195644,-3.180229323
39.07,-64.98765948,0.05299202991,0.5968452677,0.3175147073,0,-1.225535519,4.39526963,-3.180197845
39.08,-64.98755513,0.05299276784,0.5968439086,0.3175153519,0,-1.225582814,4.395343503,-3.18016654
39.09,-64.98745137,0.05299350214,0.5968425468,0.3175159982,0,-1.22562986,4.395417261,-3.18013541
39.1,-64.98734817,0.05299423281,0.5968411823,0.3175166463,0,-1.225676656,4.395490903,-3.180104452
39.11,-64.98724556,0.05299495986,0.5968398153,0.3175172961,0,-1.225723202,4.395564429,-3.180073668
39.12,-64.98714353,0.05299568329,0.5968384456,0.3175179475,0,-1.225769498,4.395637838,-3.180043058
39.13,-64.98704207,0.0529964031,0.5968370733,0.3175186006,0,-1.225815545,4.395711129,-3.18001262
39.14,-64.98694118,0.05299711928,0.5968356985,0.3175192553,0,-1.225861343,4.3957843,-3.179982355
39.15,-64.98684088,0.05299783185,0.5968343212,0.3175199117,0,-1.225906892,4.395857352,-3.179952264
39.16,-64.98674115,0.05299854079,0.5968329414,0.3175205697,0,-1.225952191,4.395930282,-3.179922344
39.17,-64.98664199,0.05299924612,0.5968315592,0.3175212292,0,-1.225997242,4.396003091,-3.179892598
39.18,-64.98654341,0.05299994783,0.5968301745,0.3175218904,0,-1.226042044,4.396075777,-3.179863024
39.19,-64.98644541,0.05300064593,0.5968287874,0.317522553,0,-1.226086597,4.396148339,-3.179833622
39.2,-64.98634798,0.05300134041,0.5968273979,0.3175232172,0,-1.226130901,4.396220777,-3.179804393
39.21,-64.98625112,0.05300203129,0.596826006,0.3175238829,0,-1.226174957,4.396293089,-3.179775335
39.22,-64.98615483,0.05300271855,0.5968246118,0.3175245501,0,-1.226218765,4.396365276,-3.179746449
39.23,-64.98605912,0.0530034022,0.5968232153,0.3175252188,0,-1.226262325,4.396437335,-3.179717735
39.24,-64.98596398,0.05300408225,0.5968218165,0.317525889,0,-1.226305636,4.396509266,-3.179689193
39.25,-64.98586941,0.05300475869,0.5968204155,0.3175265605,0,-1.2263487,4.396581069,-3.179660822
39.26,-64.98577541,0.05300543152,0.5968190122,0.3175272335,0,-1.226391516,4.396652742,-3.179632622
39.27,-64.98568198,0.05300610076,0.5968176068,0.3175279079,0,-1.226434084,4.396724284,-3.179604594
39.28,-64.98558912,0.05300676639,0.5968161991,0.3175285837,0,-1.226476405,4.396795696,-3.179576736
39.29,-64.98549683,0.05300742843,0.5968147893,0.3175292608,0,-1.226518479,4.396866975,-3.179549049
39.3,-64.98540511,0.05300808687,0.5968133774,0.3175299392,0,-1.226560305,4.396938121,-3.179521532
39.31,-64.98531395,0.05300874172,0.5968119634,0.317530619,0,-1.226601885,4.397009133,-3.179494186
39.32,-64.98522337,0.05300939297,0.5968105473,0.3175313001,0,-1.226643218,4.397080011,-3.179467011
39.33,-64.98513335,0.05301004064,0.5968091292,0.3175319825,0,-1.226684305,4.397150754,-3.179440005
39.34,-64.9850439,0.05301068472,0.596807709,0.3175326662,0,-1.226725145,4.39722136,-3.179413169
39.35,-64.98495501,0.05301132521,0.5968062869,0.3175333511,0,-1.226765739,4.39729183,-3.179386503
39.36,-64.98486669,0.05301196212,0.5968048628,0.3175340372,0,-1.226806087,4.397362162,-3.179360007
39.37,-64.98477893,0.05301259545,0.5968034367,0.3175347245,0,-1.226846189,4.397432355,-3.17933368
39.38,-64.98469174,0.05301322521,0.5968020087,0.3175354131,0,-1.226886046,4.397502409,-3.179307522
39.39,-64.98460511,0.05301385138,0.5968005788,0.3175361028,0,-1.226925658,4.397572323,-3.179281533
39.4,-64.98451904,0.05301447399,0.5967991471,0.3175367937,0,-1.226965024,4.397642096,-3.179255712
39.41,-64.98443354,0.05301509302,0.5967977135,0.3175374857,0,-1.227004145,4.397711728,-3.179230061
39.42,-64.98434859,0.05301570849,0.5967962781,0.3175381789,0,-1.227043022,4.397781217,-3.179204577
39.43,-64.98426421,0.05301632039,0.5967948409,0.3175388732,0,-1.227081654,4.397850563,-3.179179262
39.44,-64.98418038,0.05301692873,0.5967934019,0.3175395685,0,-1.227120042,4.397919766,-3.179154115
39.45,-64.98409712,0.05301753351,0.5967919612,0.3175402649,0,-1.227158186,4.397988824,-3.179129136
39.46,-64.98401441,0.05301813474,0.5967905188,0.3175409624,0,-1.227196086,4.398057736,-3.179104324
39.47,-64.98393227,0.05301873241,0.5967890746,0.3175416609,0,-1.227233742,4.398126503,-3.17907968
39.48,-64.98385068,0.05301932653,0.5967876289,0.3175423605,0,-1.227271155,4.398195123,-3.179055203
39.49,-64.98376964,0.05301991711,0.5967861814,0.317543061,0,-1.227308326,4.398263595,-3.179030892
39.5,-64.98368916,0.05302050414,0.5967847324,0.3175437625,0,-1.227345253,4.39833192,-3.179006749
39.51,-64.98360924,0.05302108763,0.5967832817,0.317544465,0,-1.227381937,4.398400096,-3.178982772
39.52,-64.98352987,0.05302166758,0.5967818295,0.3175451684,0,-1.22741838,4.398468122,-3.178958961
39.53,-64.98345105,0.053022244,0.5967803757,0.3175458728,0,-1.22745458,4.398535997,-3.178935316
39.54,-64.98337279,0.05302281689,0.5967789205,0.3175465781,0,-1.227490538,4.398603722,-3.178911838
39.55,-64.98329508,0.05302338625,0.5967774637,0.3175472843,0,-1.227526255,4.398671296,-3.178888524
39.56,-64.98321792,0.05302395209,0.5967760054,0.3175479913,0,-1.227561731,4.398738717,-3.178865377
39.57,-64.98314131,0.0530245144,0.5967745458,0.3175486993,0,-1.227596965,4.398805985,-3.178842394
39.58,-64.98306525,0.0530250732,0.5967730846,0.317549408,0,-1.227631959,4.3988731,-3.178819576
39.59,-64.98298974,0.05302562849,0.5967716221,0.3175501176,0,-1.227666712,4.39894006,-3.178796923
39.6,-64.98291478,0.05302618026,0.5967701582,0.317550828,0,-1.227701225,4.399006866,-3.178774435
39.61,-64.98284037,0.05302672853,0.596768693,0.3175515392,0,-1.227735499,4.399073516,-3.17875211
39.62,-64.9827665,0.0530272733,0.5967672264,0.3175522512,0,-1.227769532,4.39914001,-3.17872995
39.63,-64.98269318,0.05302781457,0.5967657586,0.317552964,0,-1.227803326,4.399206347,-3.178707954
39.64,-64.9826204,0.05302835234,0.5967642894,0.3175536775,0,-1.227836882,4.399272526,-3.17868612
39.65,-64.98254817,0.05302888663,0.596762819,0.3175543917,0,-1.227870198,4.399338548,-3.178664451
39.66,-64.98247648,0.05302941742,0.5967613474,0.3175551066,0,-1.227903276,4.39940441,-3.178642944
39.67,-64.98240533,0.05302994474,0.5967598746,0.3175558223,0,-1.227936116,4.399470114,-3.1786216
39.68,-64.98233473,0.05303046857,0.5967584006,0.3175565386,0,-1.227968718,4.399535657,-3.178600418
39.69,-64.98226466,0.05303098893,0.5967569254,0.3175572556,0,-1.228001083,4.399601041,-3.178579399
39.7,-64.98219514,0.05303150582,0.5967554491,0.3175579732,0,-1.228033211,4.399666262,-3.178558541
39.71,-64.98212615,0.05303201924,0.5967539717,0.3175586914,0,-1.228065101,4.399731323,-3.178537846
39.72,-64.9820577,0.0530325292,0.5967524931,0.3175594103,0,-1.228096755,4.399796221,-3.178517311
39.73,-64.98198979,0.0530330357,0.5967510136,0.3175601298,0,-1.228128173,4.399860956,-3.178496938
39.74,-64.98192242,0.05303353875,0.5967495329,0.3175608498,0,-1.228159355,4.399925527,-3.178476726
39.75,-64.98185558,0.05303403835,0.5967480513,0.3175615704,0,-1.228190301,4.399989935,-3.178456675
39.76,-64.98178928,0.05303453451,0.5967465687,0.3175622916,0,-1.228221013,4.400054178,-3.178436784
39.77,-64.98172351,0.05303502722,0.5967450851,0.3175630133,0,-1.228251489,4.400118256,-3.178417053
39.78,-64.98165827,0.0530355165,0.5967436005,0.3175637355,0,-1.228281731,4.400182168,-3.178397482
39.79,-64.98159357,0.05303600235,0.596742115,0.3175644582,0,-1.228311738,4.400245914,-3.178378071
39.8,-64.9815294,0.05303648477,0.5967406286,0.3175651814,0,-1.228341512,4.400309493,-3.178358819
39.81,-64.98146575,0.05303696376,0.5967391414,0.317565905,0,-1.228371052,4.400372904,-3.178339726
39.82,-64.98140264,0.05303743934,0.5967376533,0.3175666292,0,-1.228400359,4.400436148,-3.178320792
39.83,-64.98134005,0.05303791151,0.5967361643,0.3175673537,0,-1.228429433,4.400499224,-3.178302016
39.84,-64.98127799,0.05303838027,0.5967346745,0.3175680787,0,-1.228458275,4.40056213,-3.178283398
39.85,-64.98121646,0.05303884563,0.596733184,0.3175688041,0,-1.228486884,4.400624867,-3.178264938
39.86,-64.98115545,0.05303930759,0.5967316926,0.3175695299,0,-1.228515262,4.400687434,-3.178246636
39.87,-64.98109497,0.05303976615,0.5967302006,0.317570256,0,-1.228543409,4.400749831,-3.178228491
39.88,-64.98103501,0.05304022133,0.5967287078,0.3175709826,0,-1.228571324,4.400812056,-3.178210504
39.89,-64.98097558,0.05304067313,0.5967272143,0.3175717094,0,-1.228599009,4.40087411,-3.178192673
39.9,-64.98091666,0.05304112154,0.5967257201,0.3175724366,0,-1.228626464,4.400935993,-3.178174998
39.91,-64.98085827,0.05304156658,0.5967242253,0.3175731641,0,-1.228653689,4.400997702,-3.17815748
39.92,-64.98080039,0.05304200826,0.5967227298,0.3175738919,0,-1.228680684,4.401059239,-3.178140117
39.93,-64.98074303,0.05304244657,0.5967212337,0.31757462,0,-1.22870745,4.401120602,-3.17812291
39.94,-64.9806862,0.05304288152,0.596719737,0.3175753484,0,-1.228733988,4.401181792,-3.178105859
39.95,-64.98062987,0.05304331312,0.5967182398,0.317576077,0,-1.228760297,4.401242807,-3.178088962
39.96,-64.98057407,0.05304374138,0.596716742,0.3175768059,0,-1.228786379,4.401303647,-3.17807222
39.97,-64.98051877,0.05304416629,0.5967152437,0.3175775349,0,-1.228812232,4.401364312,-3.178055632
39.98,-64.98046399,0.05304458786,0.5967137449,0.3175782642,0,-1.228837859,4.401424801,-3.178039198
39.99,-64.98040973,0.05304500611,0.5967122456,0.3175789937,0,-1.228863259,4.401485114,-3.178022918
40,-64.98035597,0.05304542103,0.5967107459,0.3175797234,0,-1.228888433,4.401545251,-3.178006792
40.01,-64.98030273,0.05304583263,0.5967092457,0.3175804532,0,-1.22891338,4.40160521,-3.177990819
40.02,-64.98024999,0.05304624091,0.5967077451,0.3175811832,0,-1.228938103,4.401664992,-3.177974998
40.03,-64.98019777,0.05304664589,0.5967062441,0.3175819133,0,-1.2289626,4.401724596,-3.17795933
40.04,-64.98014605,0.05304704756,0.5967047427,0.3175826436,0,-1.228986872,4.401784022,-3.177943814
40.05,-64.98009483,0.05304744593,0.596703241,0.3175833739,0,-1.22901092,4.401843269,-3.17792845
40.06,-64.98004412,0.05304784101,0.596701739,0.3175841044,0,-1.229034745,4.401902336,-3.177913237
40.07,-64.97999392,0.05304823281,0.5967002366,0.3175848349,0,-1.229058346,4.401961224,-3.177898176
40.08,-64.97994422,0.05304862133,0.596698734,0.3175855655,0,-1.229081723,4.402019932,-3.177883265
40.09,-64.97989502,0.05304900657,0.596697231,0.3175862961,0,-1.229104879,4.40207846,-3.177868505
40.1,-64.97984632,0.05304938854,0.5966957279,0.3175870268,0,-1.229127812,4.402136807,-3.177853896
40.11,-64.97979812,0.05304976725,0.5966942245,0.3175877575,0,-1.229150523,4.402194973,-3.177839436
40.12,-64.97975042,0.0530501427,0.5966927209,0.3175884882,0,-1.229173014,4.402252957,-3.177825126
40.13,-64.97970322,0.0530505149,0.5966912171,0.3175892189,0,-1.229195283,4.40231076,-3.177810965
40.14,-64.97965651,0.05305088385,0.5966897132,0.3175899496,0,-1.229217332,4.40236838,-3.177796952
40.15,-64.9796103,0.05305124957,0.5966882091,0.3175906803,0,-1.229239161,4.402425817,-3.177783089
40.16,-64.97956458,0.05305161205,0.5966867049,0.3175914109,0,-1.229260771,4.402483072,-3.177769374
40.17,-64.97951935,0.05305197131,0.5966852006,0.3175921414,0,-1.229282161,4.402540143,-3.177755806
40.18,-64.97947462,0.05305232734,0.5966836962,0.3175928719,0,-1.229303333,4.40259703,-3.177742387
40.19,-64.97943038,0.05305268016,0.5966821917,0.3175936022,0,-1.229324287,4.402653733,-3.177729114
40.2,-64.97938663,0.05305302978,0.5966806872,0.3175943325,0,-1.229345023,4.402710252,-3.177715989
40.21,-64.97934337,0.05305337619,0.5966791827,0.3175950627,0,-1.229365542,4.402766586,-3.17770301
40.22,-64.97930059,0.0530537194,0.5966776782,0.3175957927,0,-1.229385844,4.402822735,-3.177690177
40.23,-64.9792583,0.05305405942,0.5966761737,0.3175965226,0,-1.229405929,4.402878698,-3.17767749
40.24,-64.97921649,0.05305439627,0.5966746692,0.3175972523,0,-1.229425799,4.402934476,-3.177664948
40.25,-64.97917517,0.05305472993,0.5966731648,0.3175979819,0,-1.229445454,4.402990068,-3.177652552
40.26,-64.97913433,0.05305506042,0.5966716605,0.3175987113,0,-1.229464893,4.403045473,-3.1776403
40.27,-64.97909398,0.05305538775,0.5966701562,0.3175994405,0,-1.229484118,4.403100691,-3.177628193
40.28,-64.9790541,0.05305571193,0.5966686521,0.3176001694,0,-1.229503129,4.403155723,-3.177616231
40.29,-64.97901471,0.05305603295,0.5966671481,0.3176008982,0,-1.229521927,4.403210567,-3.177604412
40.3,-64.97897579,0.05305635082,0.5966656443,0.3176016267,0,-1.229540511,4.403265224,-3.177592736
40.31,-64.97893734,0.05305666556,0.5966641407,0.317602355,0,-1.229558883,4.403319693,-3.177581203
40.32,-64.97889938,0.05305697717,0.5966626372,0.317603083,0,-1.229577043,4.403373973,-3.177569813
40.33,-64.97886189,0.05305728565,0.596661134,0.3176038107,0,-1.229594991,4.403428065,-3.177558566
40.34,-64.97882487,0.05305759102,0.596659631,0.3176045382,0,-1.229612729,4.403481969,-3.17754746
40.35,-64.97878832,0.05305789327,0.5966581283,0.3176052653,0,-1.229630255,4.403535683,-3.177536496
40.36,-64.97875225,0.05305819242,0.5966566258,0.3176059922,0,-1.229647572,4.403589208,-3.177525674
40.37,-64.97871664,0.05305848848,0.5966551236,0.3176067187,0,-1.229664678,4.403642543,-3.177514992
40.38,-64.9786815,0.05305878144,0.5966536217,0.3176074448,0,-1.229681576,4.403695689,-3.177504451
40.39,-64.97864683,0.05305907131,0.5966521202,0.3176081707,0,-1.229698265,4.403748645,-3.17749405
40.4,-64.97861263,0.05305935811,0.596650619,0.3176088961,0,-1.229714746,4.40380141,-3.177483789
40.41,-64.97857889,0.05305964184,0.5966491182,0.3176096212,0,-1.229731019,4.403853985,-3.177473667
40.42,-64.97854561,0.05305992251,0.5966476177,0.3176103459,0,-1.229747085,4.403906369,-3.177463684
40.43,-64.9785128,0.05306020012,0.5966461177,0.3176110702,0,-1.229762945,4.403958562,-3.177453841
40.44,-64.97848045,0.05306047468,0.5966446181,0.3176117941,0,-1.229778598,4.404010564,-3.177444135
40.45,-64.97844856,0.05306074619,0.5966431189,0.3176125176,0,-1.229794046,4.404062374,-3.177434567
40.46,-64.97841712,0.05306101468,0.5966416202,0.3176132406,0,-1.229809289,4.404113992,-3.177425137
40.47,-64.97838615,0.05306128013,0.5966401219,0.3176139632,0,-1.229824327,4.404165419,-3.177415845
40.48,-64.97835563,0.05306154256,0.5966386242,0.3176146853,0,-1.22983916,4.404216653,-3.177406689
40.49,-64.97832556,0.05306180198,0.5966371269,0.317615407,0,-1.229853791,4.404267695,-3.177397669
40.5,-64.97829595,0.05306205839,0.5966356302,0.3176161282,0,-1.229868218,4.404318545,-3.177388786
40.51,-64.97826679,0.0530623118,0.5966341341,0.3176168488,0,-1.229882443,4.404369202,-3.177380038
40.52,-64.97823809,0.05306256222,0.5966326385,0.317617569,0,-1.229896465,4.404419665,-3.177371426
40.53,-64.97820983,0.05306280965,0.5966311435,0.3176182887,0,-1.229910287,4.404469936,-3.177362949
40.54,-64.97818202,0.05306305411,0.5966296491,0.3176190078,0,-1.229923907,4.404520013,-3.177354606
40.55,-64.97815466,0.05306329559,0.5966281553,0.3176197264,0,-1.229937326,4.404569897,-3.177346398
40.56,-64.97812774,0.05306353411,0.5966266622,0.3176204444,0,-1.229950546,4.404619587,-3.177338323
40.57,-64.97810127,0.05306376968,0.5966251697,0.3176211618,0,-1.229963567,4.404669083,-3.177330382
40.58,-64.97807525,0.05306400229,0.5966236779,0.3176218787,0,-1.229976388,4.404718385,-3.177322574
40.59,-64.97804966,0.05306423197,0.5966221868,0.317622595,0,-1.229989012,4.404767493,-3.177314898
40.6,-64.97802452,0.05306445871,0.5966206964,0.3176233107,0,-1.230001437,4.404816407,-3.177307355
40.61,-64.97799981,0.05306468252,0.5966192067,0.3176240258,0,-1.230013665,4.404865126,-3.177299944
40.62,-64.97797555,0.05306490342,0.5966177177,0.3176247402,0,-1.230025697,4.40491365,-3.177292664
40.63,-64.97795172,0.0530651214,0.5966162296,0.3176254541,0,-1.230037532,4.404961979,-3.177285516
40.64,-64.97792833,0.05306533648,0.5966147422,0.3176261673,0,-1.230049172,4.405010114,-3.177278498
40.65,-64.97790537,0.05306554867,0.5966132555,0.3176268798,0,-1.230060616,4.405058053,-3.17727161
40.66,-64.97788284,0.05306575796,0.5966117697,0.3176275916,0,-1.230071866,4.405105797,-3.177264853
40.67,-64.97786075,0.05306596437,0.5966102848,0.3176283028,0,-1.230082922,4.405153346,-3.177258224
40.68,-64.97783909,0.05306616791,0.5966088006,0.3176290133,0,-1.230093785,4.405200699,-3.177251726
40.69,-64.97781785,0.05306636858,0.5966073174,0.3176297231,0,-1.230104455,4.405247857,-3.177245355
40.7,-64.97779705,0.0530665664,0.596605835,0.3176304322,0,-1.230114932,4.405294819,-3.177239114
40.71,-64.97777667,0.05306676136,0.5966043535,0.3176311406,0,-1.230125217,4.405341585,-3.177233
40.72,-64.97775671,0.05306695348,0.5966028729,0.3176318482,0,-1.230135312,4.405388155,-3.177227014
40.73,-64.97773718,0.05306714277,0.5966013932,0.3176325551,0,-1.230145215,4.405434529,-3.177221155
40.74,-64.97771808,0.05306732923,0.5965999145,0.3176332613,0,-1.230154929,4.405480706,-3.177215423
40.75,-64.97769939,0.05306751287,0.5965984368,0.3176339667,0,-1.230164452,4.405526688,-3.177209817
40.76,-64.97768112,0.05306769369,0.59659696,0.3176346713,0,-1.230173787,4.405572473,-3.177204337
40.77,-64.97766328,0.05306787171,0.5965954842,0.3176353751,0,-1.230182933,4.405618062,-3.177198983
40.78,-64.97764585,0.05306804694,0.5965940094,0.3176360781,0,-1.230191892,4.405663454,-3.177193754
40.79,-64.97762883,0.05306821938,0.5965925356,0.3176367804,0,-1.230200663,4.405708649,-3.17718865
40.8,-64.97761223,0.05306838903,0.5965910629,0.3176374818,0,-1.230209247,4.405753647,-3.17718367
40.81,-64.97759605,0.05306855592,0.5965895913,0.3176381824,0,-1.230217645,4.405798449,-3.177178814
40.82,-64.97758027,0.05306872004,0.5965881207,0.3176388821,0,-1.230225858,4.405843054,-3.177174081
40.83,-64.97756491,0.0530688814,0.5965866512,0.317639581,0,-1.230233885,4.405887462,-3.177169472
40.84,-64.97754995,0.05306904001,0.5965851828,0.3176402791,0,-1.230241728,4.405931673,-3.177164986
40.85,-64.97753541,0.05306919589,0.5965837155,0.3176409763,0,-1.230249387,4.405975687,-3.177160622
40.86,-64.97752127,0.05306934903,0.5965822493,0.3176416726,0,-1.230256862,4.406019504,-3.17715638
40.87,-64.97750753,0.05306949944,0.5965807843,0.3176423681,0,-1.230264155,4.406063124,-3.177152259
40.88,-64.9774942,0.05306964714,0.5965793205,0.3176430626,0,-1.230271266,4.406106546,-3.17714826
40.89,-64.97748127,0.05306979213,0.5965778578,0.3176437563,0,-1.230278195,4.406149772,-3.177144381
40.9,-64.97746874,0.05306993442,0.5965763963,0.317644449,0,-1.230284942,4.4061928,-3.177140623
40.91,-64.97745662,0.05307007402,0.5965749361,0.3176451408,0,-1.23029151,4.40623563,-3.177136985
40.92,-64.97744489,0.05307021093,0.596573477,0.3176458317,0,-1.230297897,4.406278263,-3.177133466
40.93,-64.97743355,0.05307034517,0.5965720192,0.3176465216,0,-1.230304105,4.406320699,-3.177130066
40.94,-64.97742262,0.05307047673,0.5965705627,0.3176472106,0,-1.230310135,4.406362938,-3.177126785
40.95,-64.97741207,0.05307060564,0.5965691074,0.3176478986,0,-1.230315986,4.406404979,-3.177123622
40.96,-64.97740192,0.0530707319,0.5965676534,0.3176485857,0,-1.23032166,4.406446823,-3.177120577
40.97,-64.97739216,0.05307085551,0.5965662007,0.3176492718,0,-1.230327156,4.406488469,-3.177117649
40.98,-64.9773828,0.05307097649,0.5965647493,0.3176499569,0,-1.230332477,4.406529917,-3.177114839
40.99,-64.97737382,0.05307109484,0.5965632993,0.3176506409,0,-1.230337621,4.406571169,-3.177112145
41,-64.97736522,0.05307121057,0.5965618506,0.317651324,0,-1.23034259,4.406612222,-3.177109567
41.01,-64.97735702,0.05307132369,0.5965604032,0.3176520061,0,-1.230347385,4.406653079,-3.177107105
41.02,-64.97734919,0.05307143421,0.5965589572,0.3176526872,0,-1.230352005,4.406693738,-3.177104758
41.03,-64.97734176,0.05307154214,0.5965575126,0.3176533672,0,-1.230356452,4.406734199,-3.177102527
41.04,-64.9773347,0.05307164747,0.5965560694,0.3176540462,0,-1.230360727,4.406774463,-3.17710041
41.05,-64.97732802,0.05307175024,0.5965546276,0.3176547241,0,-1.230364829,4.406814529,-3.177098407
41.06,-64.97732172,0.05307185043,0.5965531872,0.3176554009,0,-1.230368759,4.406854399,-3.177096517
41.07,-64.9773158,0.05307194806,0.5965517483,0.3176560767,0,-1.230372518,4.40689407,-3.177094741
41.08,-64.97731026,0.05307204314,0.5965503108,0.3176567515,0,-1.230376107,4.406933545,-3.177093078
41.09,-64.97730509,0.05307213568,0.5965488748,0.3176574251,0,-1.230379525,4.406972822,-3.177091527
41.1,-64.97730029,0.05307222568,0.5965474403,0.3176580976,0,-1.230382775,4.407011902,-3.177090088
41.11,-64.97729587,0.05307231315,0.5965460073,0.3176587691,0,-1.230385856,4.407050784,-3.177088761
41.12,-64.97729182,0.05307239811,0.5965445757,0.3176594394,0,-1.230388768,4.40708947,-3.177087545
41.13,-64.97728813,0.05307248055,0.5965431457,0.3176601086,0,-1.230391513,4.407127958,-3.17708644
41.14,-64.97728482,0.0530725605,0.5965417173,0.3176607767,0,-1.230394092,4.407166249,-3.177085445
41.15,-64.97728187,0.05307263795,0.5965402903,0.3176614437,0,-1.230396504,4.407204343,-3.17708456
41.16,-64.97727928,0.05307271291,0.596538865,0.3176621095,0,-1.23039875,4.407242241,-3.177083785
41.17,-64.97727706,0.0530727854,0.5965374412,0.3176627741,0,-1.230400831,4.407279941,-3.177083118
41.18,-64.9772752,0.05307285542,0.596536019,0.3176634376,0,-1.230402748,4.407317444,-3.17708256
41.19,-64.9772737,0.05307292299,0.5965345984,0.3176641,0,-1.230404501,4.407354751,-3.177082111
41.2,-64.97727256,0.0530729881,0.5965331794,0.3176647611,0,-1.23040609,4.40739186,-3.177081769
41.21,-64.97727178,0.05307305077,0.596531762,0.3176654211,0,-1.230407517,4.407428774,-3.177081535
41.22,-64.97727136,0.053073111,0.5965303463,0.3176660799,0,-1.230408782,4.40746549,-3.177081407
41.23,-64.97727129,0.05307316882,0.5965289323,0.3176667375,0,-1.230409885,4.40750201,-3.177081386
41.24,-64.97727157,0.05307322421,0.5965275199,0.3176673938,0,-1.230410828,4.407538334,-3.177081472
41.25,-64.97727221,0.0530732772,0.5965261091,0.317668049,0,-1.23041161,4.407574461,-3.177081663
41.26,-64.9772732,0.05307332779,0.5965247001,0.3176687029,0,-1.230412233,4.407610393,-3.177081959
41.27,-64.97727453,0.05307337599,0.5965232927,0.3176693556,0,-1.230412696,4.407646128,-3.17708236
41.28,-64.97727622,0.0530734218,0.5965218871,0.3176700071,0,-1.230413002,4.407681667,-3.177082865
41.29,-64.97727825,0.05307346524,0.5965204832,0.3176706573,0,-1.230413149,4.40771701,-3.177083474
41.3,-64.97728062,0.05307350632,0.5965190811,0.3176713063,0,-1.230413139,4.407752157,-3.177084187
41.31,-64.97728334,0.05307354505,0.5965176807,0.317671954,0,-1.230412973,4.407787108,-3.177085003
41.32,-64.97728641,0.05307358142,0.596516282,0.3176726005,0,-1.230412651,4.407821864,-3.177085922
41.33,-64.97728981,0.05307361546,0.5965148851,0.3176732456,0,-1.230412173,4.407856425,-3.177086943
41.34,-64.97729355,0.05307364716,0.5965134901,0.3176738895,0,-1.230411541,4.40789079,-3.177088065
41.35,-64.97729763,0.05307367655,0.5965120968,0.3176745321,0,-1.230410754,4.40792496,-3.17708929
41.36,-64.97730205,0.05307370362,0.5965107053,0.3176751734,0,-1.230409814,4.407958934,-3.177090615
41.37,-64.9773068,0.05307372839,0.5965093156,0.3176758134,0,-1.230408721,4.407992714,-3.177092041
41.38,-64.97731189,0.05307375087,0.5965079278,0.3176764521,0,-1.230407476,4.408026299,-3.177093566
41.39,-64.97731731,0.05307377106,0.5965065418,0.3176770895,0,-1.23040608,4.408059689,-3.177095192
41.4,-64.97732306,0.05307378897,0.5965051577,0.3176777256,0,-1.230404532,4.408092884,-3.177096917
41.41,-64.97732913,0.05307380461,0.5965037755,0.3176783603,0,-1.230402834,4.408125885,-3.17709874
41.42,-64.97733554,0.05307381799,0.5965023951,0.3176789937,0,-1.230400986,4.408158691,-3.177100662
41.43,-64.97734228,0.05307382912,0.5965010166,0.3176796257,0,-1.230398988,4.408191304,-3.177102683
41.44,-64.97734933,0.05307383801,0.59649964,0.3176802564,0,-1.230396843,4.408223722,-3.1771048
41.45,-64.97735672,0.05307384467,0.5964982654,0.3176808857,0,-1.230394549,4.408255947,-3.177107015
41.46,-64.97736442,0.0530738491,0.5964968926,0.3176815137,0,-1.230392108,4.408287978,-3.177109326
41.47,-64.97737245,0.05307385131,0.5964955218,0.3176821403,0,-1.23038952,4.408319815,-3.177111734
41.48,-64.97738079,0.05307385132,0.5964941529,0.3176827655,0,-1.230386786,4.408351459,-3.177114237
41.49,-64.97738945,0.05307384912,0.596492786,0.3176833894,0,-1.230383907,4.408382909,-3.177116836
41.5,-64.97739843,0.05307384474,0.5964914211,0.3176840118,0,-1.230380883,4.408414167,-3.17711953
41.51,-64.97740773,0.05307383818,0.5964900581,0.3176846329,0,-1.230377715,4.408445231,-3.177122319
41.52,-64.97741734,0.05307382945,0.5964886972,0.3176852525,0,-1.230374403,4.408476103,-3.177125201
41.53,-64.97742726,0.05307381855,0.5964873382,0.3176858708,0,-1.230370948,4.408506783,-3.177128178
41.54,-64.97743749,0.0530738055,0.5964859812,0.3176864876,0,-1.230367351,4.40853727,-3.177131247
41.55,-64.97744803,0.0530737903,0.5964846263,0.317687103,0,-1.230363612,4.408567564,-3.17713441
41.56,-64.97745888,0.05307377296,0.5964832733,0.317687717,0,-1.230359732,4.408597667,-3.177137664
41.57,-64.97747004,0.0530737535,0.5964819225,0.3176883295,0,-1.230355711,4.408627578,-3.177141011
41.58,-64.9774815,0.05307373192,0.5964805736,0.3176889406,0,-1.23035155,4.408657297,-3.177144449
41.59,-64.97749326,0.05307370823,0.5964792269,0.3176895503,0,-1.230347251,4.408686825,-3.177147979
41.6,-64.97750533,0.05307368244,0.5964778822,0.3176901585,0,-1.230342813,4.408716162,-3.177151599
41.61,-64.9775177,0.05307365455,0.5964765395,0.3176907653,0,-1.230338236,4.408745308,-3.177155309
41.62,-64.97753036,0.05307362458,0.596475199,0.3176913706,0,-1.230333523,4.408774262,-3.177159109
41.63,-64.97754333,0.05307359254,0.5964738606,0.3176919744,0,-1.230328672,4.408803027,-3.177162999
41.64,-64.97755659,0.05307355843,0.5964725243,0.3176925767,0,-1.230323686,4.4088316,-3.177166977
41.65,-64.97757015,0.05307352227,0.5964711901,0.3176931776,0,-1.230318564,4.408859984,-3.177171044
41.66,-64.977584,0.05307348405,0.596469858,0.317693777,0,-1.230313307,4.408888177,-3.177175199
41.67,-64.97759814,0.0530734438,0.5964685281,0.3176943749,0,-1.230307916,4.408916181,-3.177179442
41.68,-64.97761257,0.05307340152,0.5964672003,0.3176949713,0,-1.230302391,4.408943995,-3.177183772
41.69,-64.9776273,0.05307335722,0.5964658747,0.3176955662,0,-1.230296733,4.40897162,-3.177188189
41.7,-64.97764231,0.0530733109,0.5964645512,0.3176961596,0,-1.230290943,4.408999056,-3.177192692
41.71,-64.9776576,0.05307326258,0.5964632299,0.3176967515,0,-1.230285021,4.409026303,-3.177197281
41.72,-64.97767319,0.05307321227,0.5964619108,0.3176973419,0,-1.230278968,4.409053361,-3.177201956
41.73,-64.97768905,0.05307315997,0.5964605939,0.3176979307,0,-1.230272784,4.409080231,-3.177206716
41.74,-64.9777052,0.05307310569,0.5964592792,0.317698518,0,-1.230266471,4.409106912,-3.17721156
41.75,-64.97772163,0.05307304945,0.5964579667,0.3176991038,0,-1.230260028,4.409133406,-3.177216489
41.76,-64.97773834,0.05307299124,0.5964566565,0.3176996881,0,-1.230253457,4.409159712,-3.177221501
41.77,-64.97775532,0.05307293109,0.5964553484,0.3177002708,0,-1.230246758,4.40918583,-3.177226597
41.78,-64.97777259,0.053072869,0.5964540426,0.3177008519,0,-1.230239931,4.409211761,-3.177231776
41.79,-64.97779012,0.05307280497,0.5964527391,0.3177014315,0,-1.230232978,4.409237506,-3.177237037
41.8,-64.97780794,0.05307273902,0.5964514378,0.3177020096,0,-1.230225898,4.409263063,-3.177242381
41.81,-64.97782602,0.05307267116,0.5964501388,0.3177025861,0,-1.230218693,4.409288434,-3.177247806
41.82,-64.97784437,0.05307260139,0.596448842,0.317703161,0,-1.230211363,4.409313619,-3.177253312
41.83,-64.977863,0.05307252972,0.5964475475,0.3177037343,0,-1.230203909,4.409338618,-3.1772589
41.84,-64.97788189,0.05307245617,0.5964462554,0.3177043061,0,-1.230196331,4.409363431,-3.177264567
41.85,-64.97790105,0.05307238074,0.5964449655,0.3177048763,0,-1.23018863,4.409388058,-3.177270315
41.86,-64.97792047,0.05307230344,0.5964436779,0.3177054449,0,-1.230180807,4.409412501,-3.177276142
41.87,-64.97794016,0.05307222428,0.5964423926,0.3177060119,0,-1.230172862,4.409436759,-3.177282048
41.88,-64.97796011,0.05307214326,0.5964411097,0.3177065773,0,-1.230164796,4.409460832,-3.177288033
41.89,-64.97798032,0.0530720604,0.5964398291,0.3177071412,0,-1.230156609,4.40948472,-3.177294096
41.9,-64.97800079,0.05307197571,0.5964385508,0.3177077034,0,-1.230148302,4.409508425,-3.177300237
41.91,-64.97802152,0.0530718892,0.5964372749,0.317708264,0,-1.230139877,4.409531945,-3.177306455
41.92,-64.9780425,0.05307180087,0.5964360013,0.317708823,0,-1.230131332,4.409555283,-3.17731275
41.93,-64.97806374,0.05307171073,0.5964347301,0.3177093804,0,-1.23012267,4.409578436,-3.177319122
41.94,-64.97808523,0.05307161879,0.5964334613,0.3177099361,0,-1.23011389,4.409601407,-3.17732557
41.95,-64.97810698,0.05307152506,0.5964321948,0.3177104903,0,-1.230104993,4.409624196,-3.177332093
41.96,-64.97812897,0.05307142955,0.5964309307,0.3177110428,0,-1.23009598,4.409646802,-3.177338692
41.97,-64.97815122,0.05307133227,0.5964296691,0.3177115937,0,-1.230086852,4.409669225,-3.177345366
41.98,-64.97817371,0.05307123323,0.5964284098,0.3177121429,0,-1.230077609,4.409691467,-3.177352114
41.99,-64.97819645,0.05307113244,0.5964271529,0.3177126905,0,-1.230068251,4.409713528,-3.177358936
42,-64.97821944,0.0530710299,0.5964258985,0.3177132365,0,-1.23005878,4.409735407,-3.177365832
42.01,-64.97824267,0.05307092562,0.5964246464,0.3177137808,0,-1.230049196,4.409757106,-3.177372801
42.02,-64.97826614,0.05307081961,0.5964233968,0.3177143235,0,-1.230039499,4.409778624,-3.177379843
42.03,-64.97828986,0.05307071189,0.5964221496,0.3177148645,0,-1.23002969,4.409799961,-3.177386957
42.04,-64.97831381,0.05307060246,0.5964209049,0.3177154038,0,-1.23001977,4.409821119,-3.177394142
42.05,-64.978338,0.05307049133,0.5964196626,0.3177159415,0,-1.23000974,4.409842096,-3.1774014
42.06,-64.97836243,0.0530703785,0.5964184228,0.3177164775,0,-1.2299996,4.409862895,-3.177408728
42.07,-64.97838709,0.053070264,0.5964171854,0.3177170118,0,-1.22998935,4.409883514,-3.177416127
42.08,-64.97841199,0.05307014782,0.5964159506,0.3177175445,0,-1.229978992,4.409903955,-3.177423596
42.09,-64.97843712,0.05307002997,0.5964147181,0.3177180755,0,-1.229968526,4.409924217,-3.177431135
42.1,-64.97846248,0.05306991047,0.5964134882,0.3177186048,0,-1.229957952,4.409944301,-3.177438743
42.11,-64.97848807,0.05306978932,0.5964122608,0.3177191325,0,-1.229947271,4.409964208,-3.17744642
42.12,-64.97851389,0.05306966654,0.5964110358,0.3177196584,0,-1.229936484,4.409983937,-3.177454166
42.13,-64.97853993,0.05306954212,0.5964098134,0.3177201826,0,-1.229925591,4.410003489,-3.17746198
42.14,-64.97856621,0.05306941608,0.5964085935,0.3177207052,0,-1.229914593,4.410022864,-3.177469862
42.15,-64.9785927,0.05306928843,0.5964073761,0.3177212261,0,-1.229903491,4.410042062,-3.17747781
42.16,-64.97861942,0.05306915918,0.5964061612,0.3177217452,0,-1.229892285,4.410061084,-3.177485826
42.17,-64.97864636,0.05306902834,0.5964049488,0.3177222627,0,-1.229880976,4.410079931,-3.177493908
42.18,-64.97867352,0.0530688959,0.596403739,0.3177227784,0,-1.229869565,4.410098602,-3.177502056
42.19,-64.9787009,0.0530687619,0.5964025317,0.3177232925,0,-1.229858051,4.410117098,-3.17751027
42.2,-64.9787285,0.05306862632,0.596401327,0.3177238048,0,-1.229846436,4.41013542,-3.177518549
42.21,-64.97875631,0.05306848919,0.5964001248,0.3177243154,0,-1.229834721,4.410153566,-3.177526892
42.22,-64.97878433,0.0530683505,0.5963989251,0.3177248243,0,-1.229822905,4.410171539,-3.1775353
42.23,-64.97881257,0.05306821028,0.5963977281,0.3177253315,0,-1.22981099,4.410189338,-3.177543772
42.24,-64.97884103,0.05306806852,0.5963965336,0.3177258369,0,-1.229798975,4.410206964,-3.177552308
42.25,-64.97886969,0.05306792524,0.5963953416,0.3177263406,0,-1.229786863,4.410224416,-3.177560906
42.26,-64.97889856,0.05306778044,0.5963941523,0.3177268426,0,-1.229774653,4.410241696,-3.177569567
42.27,-64.97892764,0.05306763414,0.5963929656,0.3177273429,0,-1.229762346,4.410258803,-3.177578291
42.28,-64.97895692,0.05306748634,0.5963917814,0.3177278414,0,-1.229749942,4.410275739,-3.177587076
42.29,-64.97898641,0.05306733705,0.5963905998,0.3177283382,0,-1.229737443,4.410292503,-3.177595923
42.3,-64.9790161,0.05306718628,0.5963894209,0.3177288332,0,-1.229724848,4.410309095,-3.177604831
42.31,-64.979046,0.05306703404,0.5963882445,0.3177293265,0,-1.229712159,4.410325517,-3.177613799
42.32,-64.97907609,0.05306688034,0.5963870708,0.3177298181,0,-1.229699375,4.410341768,-3.177622828
42.33,-64.97910639,0.05306672519,0.5963858996,0.3177303079,0,-1.229686499,4.410357849,-3.177631917
42.34,-64.97913688,0.05306656859,0.5963847311,0.317730796,0,-1.229673529,4.41037376,-3.177641065
42.35,-64.97916757,0.05306641055,0.5963835653,0.3177312823,0,-1.229660467,4.410389502,-3.177650271
42.36,-64.97919846,0.05306625109,0.596382402,0.3177317668,0,-1.229647314,4.410405075,-3.177659537
42.37,-64.97922954,0.0530660902,0.5963812414,0.3177322496,0,-1.229634069,4.410420478,-3.177668861
42.38,-64.97926081,0.05306592791,0.5963800835,0.3177327307,0,-1.229620735,4.410435714,-3.177678242
42.39,-64.97929227,0.05306576422,0.5963789282,0.31773321,0,-1.22960731,4.410450782,-3.177687681
42.4,-64.97932392,0.05306559913,0.5963777755,0.3177336875,0,-1.229593796,4.410465682,-3.177697177
42.41,-64.97935576,0.05306543266,0.5963766255,0.3177341632,0,-1.229580194,4.410480415,-3.177706729
42.42,-64.97938779,0.05306526481,0.5963754782,0.3177346372,0,-1.229566503,4.410494981,-3.177716338
42.43,-64.97942001,0.0530650956,0.5963743335,0.3177351094,0,-1.229552726,4.41050938,-3.177726002
42.44,-64.9794524,0.05306492503,0.5963731915,0.3177355799,0,-1.229538861,4.410523614,-3.177735721
42.45,-64.97948499,0.05306475311,0.5963720522,0.3177360485,0,-1.22952491,4.410537682,-3.177745496
42.46,-64.97951775,0.05306457985,0.5963709155,0.3177365154,0,-1.229510874,4.410551584,-3.177755325
42.47,-64.97955069,0.05306440526,0.5963697816,0.3177369805,0,-1.229496752,4.410565322,-3.177765208
42.48,-64.97958382,0.05306422934,0.5963686503,0.3177374439,0,-1.229482546,4.410578895,-3.177775145
42.49,-64.97961712,0.05306405211,0.5963675217,0.3177379054,0,-1.229468256,4.410592305,-3.177785135
42.5,-64.97965059,0.05306387358,0.5963663958,0.3177383652,0,-1.229453884,4.41060555,-3.177795178
42.51,-64.97968425,0.05306369374,0.5963652726,0.3177388232,0,-1.229439428,4.410618632,-3.177805274
42.52,-64.97971807,0.05306351262,0.5963641521,0.3177392794,0,-1.22942489,4.410631551,-3.177815422
42.53,-64.97975207,0.05306333021,0.5963630344,0.3177397338,0,-1.229410271,4.410644308,-3.177825621
42.54,-64.97978624,0.05306314653,0.5963619193,0.3177401865,0,-1.229395571,4.410656902,-3.177835872
42.55,-64.97982058,0.05306296159,0.596360807,0.3177406373,0,-1.229380791,4.410669335,-3.177846174
42.56,-64.97985509,0.0530627754,0.5963596973,0.3177410864,0,-1.229365931,4.410681607,-3.177856526
42.57,-64.97988976,0.05306258796,0.5963585904,0.3177415336,0,-1.229350992,4.410693717,-3.177866929
42.58,-64.9799246,0.05306239928,0.5963574863,0.3177419791,0,-1.229335974,4.410705667,-3.177877381
42.59,-64.97995961,0.05306220937,0.5963563848,0.3177424228,0,-1.229320879,4.410717457,-3.177887882
42.6,-64.97999478,0.05306201824,0.5963552861,0.3177428646,0,-1.229305706,4.410729087,-3.177898433
42.61,-64.98003011,0.05306182589,0.5963541901,0.3177433047,0,-1.229290456,4.410740558,-3.177909032
42.62,-64.9800656,0.05306163235,0.5963530969,0.317743743,0,-1.229275131,4.41075187,-3.177919679
42.63,-64.98010125,0.0530614376,0.5963520064,0.3177441794,0,-1.229259729,4.410763024,-3.177930374
42.64,-64.98013706,0.05306124168,0.5963509187,0.3177446141,0,-1.229244253,4.41077402,-3.177941117
42.65,-64.98017302,0.05306104457,0.5963498337,0.317745047,0,-1.229228702,4.410784858,-3.177951906
42.66,-64.98020914,0.05306084629,0.5963487515,0.317745478,0,-1.229213077,4.410795538,-3.177962742
42.67,-64.98024541,0.05306064685,0.596347672,0.3177459073,0,-1.229197379,4.410806062,-3.177973624
42.68,-64.98028184,0.05306044625,0.5963465953,0.3177463348,0,-1.229181609,4.41081643,-3.177984552
42.69,-64.98031842,0.05306024452,0.5963455213,0.3177467604,0,-1.229165766,4.410826641,-3.177995526
42.7,-64.98035515,0.05306004164,0.5963444501,0.3177471842,0,-1.229149852,4.410836697,-3.178006544
42.71,-64.98039202,0.05305983764,0.5963433817,0.3177476063,0,-1.229133866,4.410846598,-3.178017607
42.72,-64.98042905,0.05305963251,0.5963423161,0.3177480265,0,-1.229117811,4.410856344,-3.178028715
42.73,-64.98046622,0.05305942628,0.5963412532,0.3177484449,0,-1.229101685,4.410865936,-3.178039866
42.74,-64.98050354,0.05305921894,0.5963401931,0.3177488615,0,-1.22908549,4.410875374,-3.178051061
42.75,-64.980541,0.0530590105,0.5963391358,0.3177492763,0,-1.229069227,4.410884659,-3.178062299
42.76,-64.9805786,0.05305880098,0.5963380813,0.3177496893,0,-1.229052895,4.410893791,-3.17807358
42.77,-64.98061634,0.05305859038,0.5963370295,0.3177501004,0,-1.229036496,4.41090277,-3.178084903
42.78,-64.98065423,0.05305837871,0.5963359806,0.3177505098,0,-1.22902003,4.410911597,-3.178096268
42.79,-64.98069225,0.05305816598,0.5963349344,0.3177509173,0,-1.229003498,4.410920272,-3.178107674
42.8,-64.98073041,0.0530579522,0.596333891,0.317751323,0,-1.2289869,4.410928796,-3.178119122
42.81,-64.9807687,0.05305773737,0.5963328504,0.3177517269,0,-1.228970236,4.41093717,-3.178130611
42.82,-64.98080713,0.0530575215,0.5963318127,0.317752129,0,-1.228953508,4.410945392,-3.17814214
42.83,-64.9808457,0.0530573046,0.5963307777,0.3177525293,0,-1.228936715,4.410953465,-3.178153709
42.84,-64.98088439,0.05305708668,0.5963297455,0.3177529277,0,-1.228919859,4.410961389,-3.178165318
42.85,-64.98092322,0.05305686776,0.5963287161,0.3177533243,0,-1.22890294,4.410969163,-3.178176966
42.86,-64.98096218,0.05305664782,0.5963276895,0.3177537192,0,-1.228885959,4.410976789,-3.178188653
42.87,-64.98100126,0.05305642689,0.5963266658,0.3177541122,0,-1.228868916,4.410984266,-3.178200379
42.88,-64.98104048,0.05305620497,0.5963256448,0.3177545033,0,-1.228851811,4.410991596,-3.178212143
42.89,-64.98107982,0.05305598207,0.5963246267,0.3177548927,0,-1.228834646,4.410998778,-3.178223945
42.9,-64.98111928,0.0530557582,0.5963236114,0.3177552802,0,-1.22881742,4.411005814,-3.178235784
42.91,-64.98115887,0.05305553337,0.5963225988,0.317755666,0,-1.228800134,4.411012703,-3.178247661
42.92,-64.98119858,0.05305530758,0.5963215891,0.3177560499,0,-1.22878279,4.411019446,-3.178259574
42.93,-64.98123841,0.05305508084,0.5963205823,0.317756432,0,-1.228765387,4.411026044,-3.178271523
42.94,-64.98127836,0.05305485316,0.5963195782,0.3177568122,0,-1.228747926,4.411032497,-3.178283508
42.95,-64.98131843,0.05305462455,0.596318577,0.3177571907,0,-1.228730407,4.411038805,-3.178295529
42.96,-64.98135862,0.05305439502,0.5963175786,0.3177575673,0,-1.228712832,4.411044968,-3.178307585
42.97,-64.98139892,0.05305416457,0.596316583,0.3177579421,0,-1.2286952,4.411050989,-3.178319676
42.98,-64.98143934,0.05305393322,0.5963155902,0.3177583151,0,-1.228677512,4.411056865,-3.178331802
42.99,-64.98147987,0.05305370096,0.5963146003,0.3177586863,0,-1.22865977,4.411062599,-3.178343962
43,-64.98152052,0.05305346781,0.5963136132,0.3177590556,0,-1.228641972,4.411068191,-3.178356155
43.01,-64.98156127,0.05305323378,0.5963126289,0.3177594232,0,-1.22862412,4.411073641,-3.178368382
43.02,-64.98160214,0.05305299888,0.5963116475,0.3177597889,0,-1.228606215,4.411078949,-3.178380642
43.03,-64.98164311,0.0530527631,0.5963106689,0.3177601528,0,-1.228588256,4.411084116,-3.178392934
43.04,-64.9816842,0.05305252647,0.5963096931,0.3177605149,0,-1.228570245,4.411089143,-3.178405259
43.05,-64.98172539,0.05305228898,0.5963087202,0.3177608751,0,-1.228552182,4.41109403,-3.178417616
43.06,-64.98176668,0.05305205065,0.5963077501,0.3177612336,0,-1.228534067,4.411098777,-3.178430004
43.07,-64.98180808,0.05305181149,0.5963067828,0.3177615902,0,-1.228515902,4.411103385,-3.178442424
43.08,-64.98184958,0.05305157149,0.5963058184,0.317761945,0,-1.228497686,4.411107854,-3.178454875
43.09,-64.98189119,0.05305133068,0.5963048568,0.317762298,0,-1.22847942,4.411112185,-3.178467356
43.1,-64.98193289,0.05305108905,0.596303898,0.3177626492,0,-1.228461105,4.411116378,-3.178479867
43.11,-64.98197469,0.05305084662,0.5963029421,0.3177629986,0,-1.228442741,4.411120434,-3.178492408
43.12,-64.9820166,0.05305060339,0.596301989,0.3177633461,0,-1.228424328,4.411124353,-3.178504979
43.13,-64.98205859,0.05305035937,0.5963010388,0.3177636919,0,-1.228405868,4.411128136,-3.178517578
43.14,-64.98210069,0.05305011457,0.5963000914,0.3177640358,0,-1.228387361,4.411131782,-3.178530207
43.15,-64.98214288,0.05304986899,0.5962991469,0.3177643779,0,-1.228368807,4.411135294,-3.178542863
43.16,-64.98218516,0.05304962265,0.5962982052,0.3177647182,0,-1.228350207,4.41113867,-3.178555548
43.17,-64.98222754,0.05304937555,0.5962972663,0.3177650567,0,-1.228331561,4.411141912,-3.178568261
43.18,-64.98227,0.0530491277,0.5962963303,0.3177653934,0,-1.22831287,4.41114502,-3.178581001
43.19,-64.98231256,0.05304887911,0.5962953972,0.3177657283,0,-1.228294135,4.411147994,-3.178593767
43.2,-64.9823552,0.05304862978,0.5962944669,0.3177660613,0,-1.228275355,4.411150835,-3.178606561
43.21,-64.98239794,0.05304837972,0.5962935394,0.3177663926,0,-1.228256532,4.411153543,-3.178619381
43.22,-64.98244076,0.05304812895,0.5962926148,0.3177667221,0,-1.228237666,4.411156119,-3.178632227
43.23,-64.98248366,0.05304787746,0.596291693,0.3177670497,0,-1.228218757,4.411158564,-3.178645098
43.24,-64.98252665,0.05304762526,0.596290774,0.3177673755,0,-1.228199806,4.411160877,-3.178657995
43.25,-64.98256972,0.05304737237,0.5962898579,0.3177676996,0,-1.228180814,4.41116306,-3.178670916
43.26,-64.98261288,0.05304711879,0.5962889447,0.3177680218,0,-1.228161781,4.411165112,-3.178683863
43.27,-64.98265611,0.05304686452,0.5962880343,0.3177683422,0,-1.228142707,4.411167035,-3.178696833
43.28,-64.98269943,0.05304660958,0.5962871268,0.3177686609,0,-1.228123594,4.411168828,-3.178709828
43.29,-64.98274282,0.05304635398,0.5962862221,0.3177689777,0,-1.228104441,4.411170492,-3.178722845
43.3,-64.98278629,0.05304609771,0.5962853202,0.3177692927,0,-1.228085249,4.411172028,-3.178735887
43.31,-64.98282984,0.05304584079,0.5962844212,0.317769606,0,-1.228066018,4.411173436,-3.178748951
43.32,-64.98287346,0.05304558322,0.596283525,0.3177699174,0,-1.22804675,4.411174717,-3.178762037
43.33,-64.98291715,0.05304532502,0.5962826317,0.317770227,0,-1.228027444,4.41117587,-3.178775146
43.34,-64.98296092,0.05304506619,0.5962817412,0.3177705349,0,-1.228008101,4.411176897,-3.178788277
43.35,-64.98300476,0.05304480673,0.5962808536,0.317770841,0,-1.227988722,4.411177798,-3.178801429
43.36,-64.98304868,0.05304454666,0.5962799688,0.3177711452,0,-1.227969307,4.411178574,-3.178814603
43.37,-64.98309266,0.05304428598,0.5962790868,0.3177714477,0,-1.227949857,4.411179225,-3.178827797
43.38,-64.98313671,0.0530440247,0.5962782077,0.3177717484,0,-1.227930372,4.411179751,-3.178841012
43.39,-64.98318082,0.05304376283,0.5962773315,0.3177720473,0,-1.227910852,4.411180153,-3.178854247
43.4,-64.98322501,0.05304350037,0.5962764581,0.3177723444,0,-1.227891298,4.411180431,-3.178867502
43.41,-64.98326926,0.05304323733,0.5962755875,0.3177726397,0,-1.227871711,4.411180586,-3.178880777
43.42,-64.98331357,0.05304297372,0.5962747197,0.3177729332,0,-1.227852091,4.411180619,-3.178894071
43.43,-64.98335794,0.05304270955,0.5962738548,0.317773225,0,-1.227832438,4.41118053,-3.178907383
43.44,-64.98340238,0.05304244482,0.5962729928,0.317773515,0,-1.227812754,4.411180318,-3.178920715
43.45,-64.98344688,0.05304217954,0.5962721336,0.3177738032,0,-1.227793038,4.411179986,-3.178934064
43.46,-64.98349144,0.05304191371,0.5962712772,0.3177740896,0,-1.227773291,4.411179533,-3.178947432
43.47,-64.98353606,0.05304164735,0.5962704236,0.3177743743,0,-1.227753513,4.41117896,-3.178960817
43.48,-64.98358073,0.05304138046,0.5962695729,0.3177746571,0,-1.227733706,4.411178267,-3.17897422
43.49,-64.98362546,0.05304111306,0.596268725,0.3177749382,0,-1.227713869,4.411177454,-3.178987639
43.5,-64.98367025,0.05304084513,0.59626788,0.3177752176,0,-1.227694003,4.411176523,-3.179001075
43.51,-64.98371509,0.0530405767,0.5962670378,0.3177754951,0,-1.227674108,4.411175474,-3.179014528
43.52,-64.98375999,0.05304030777,0.5962661984,0.3177757709,0,-1.227654185,4.411174307,-3.179027996
43.53,-64.98380493,0.05304003835,0.5962653619,0.317776045,0,-1.227634235,4.411173022,-3.17904148
43.54,-64.98384993,0.05303976844,0.5962645281,0.3177763172,0,-1.227614258,4.411171621,-3.17905498
43.55,-64.98389498,0.05303949805,0.5962636973,0.3177765877,0,-1.227594253,4.411170103,-3.179068495
43.56,-64.98394008,0.05303922719,0.5962628692,0.3177768565,0,-1.227574223,4.41116847,-3.179082024
43.57,-64.98398523,0.05303895586,0.596262044,0.3177771235,0,-1.227554167,4.411166721,-3.179095568
43.58,-64.98403042,0.05303868408,0.5962612215,0.3177773887,0,-1.227534086,4.411164857,-3.179109126
43.59,-64.98407566,0.05303841184,0.5962604019,0.3177776522,0,-1.22751398,4.411162879,-3.179122698
43.6,-64.98412094,0.05303813917,0.5962595852,0.3177779139,0,-1.227493849,4.411160787,-3.179136283
43.61,-64.98416627,0.05303786605,0.5962587712,0.3177781739,0,-1.227473695,4.411158581,-3.179149881
43.62,-64.98421164,0.0530375925,0.5962579601,0.3177784321,0,-1.227453517,4.411156263,-3.179163493
43.63,-64.98425706,0.05303731853,0.5962571518,0.3177786886,0,-1.227433317,4.411153832,-3.179177117
43.64,-64.98430251,0.05303704415,0.5962563463,0.3177789433,0,-1.227413093,4.411151289,-3.179190753
43.65,-64.984348,0.05303676935,0.5962555436,0.3177791963,0,-1.227392848,4.411148634,-3.179204401
43.66,-64.98439354,0.05303649415,0.5962547437,0.3177794476,0,-1.227372582,4.411145869,-3.179218061
43.67,-64.98443911,0.05303621856,0.5962539466,0.3177796971,0,-1.227352294,4.411142993,-3.179231733
43.68,-64.98448472,0.05303594257,0.5962531524,0.3177799448,0,-1.227331986,4.411140007,-3.179245415
43.69,-64.98453036,0.05303566621,0.5962523609,0.3177801909,0,-1.227311657,4.411136912,-3.179259108
43.7,-64.98457604,0.05303538946,0.5962515722,0.3177804352,0,-1.227291309,4.411133707,-3.179272812
43.71,-64.98462175,0.05303511235,0.5962507864,0.3177806778,0,-1.227270942,4.411130395,-3.179286526
43.72,-64.9846675,0.05303483488,0.5962500033,0.3177809186,0,-1.227250555,4.411126973,-3.179300249
43.73,-64.98471327,0.05303455705,0.5962492231,0.3177811578,0,-1.227230151,4.411123445,-3.179313982
43.74,-64.98475908,0.05303427887,0.5962484456,0.3177813952,0,-1.227209728,4.411119809,-3.179327725
43.75,-64.98480492,0.05303400034,0.596247671,0.3177816309,0,-1.227189288,4.411116067,-3.179341477
43.76,-64.98485079,0.05303372148,0.5962468991,0.3177818648,0,-1.227168831,4.411112218,-3.179355237
43.77,-64.98489668,0.0530334423,0.59624613,0.3177820971,0,-1.227148357,4.411108264,-3.179369005
43.78,-64.98494261,0.05303316278,0.5962453638,0.3177823276,0,-1.227127867,4.411104205,-3.179382782
43.79,-64.98498856,0.05303288296,0.5962446003,0.3177825565,0,-1.227107362,4.411100042,-3.179396567
43.8,-64.98503453,0.05303260282,0.5962438395,0.3177827836,0,-1.227086841,4.411095774,-3.179410359
43.81,-64.98508053,0.05303232238,0.5962430816,0.317783009,0,-1.227066305,4.411091402,-3.179424158
43.82,-64.98512655,0.05303204164,0.5962423264,0.3177832327,0,-1.227045755,4.411086927,-3.179437964
43.83,-64.98517259,0.05303176061,0.5962415741,0.3177834547,0,-1.227025191,4.41108235,-3.179451777
43.84,-64.98521865,0.0530314793,0.5962408245,0.317783675,0,-1.227004614,4.41107767,-3.179465596
43.85,-64.98526474,0.05303119771,0.5962400776,0.3177838936,0,-1.226984023,4.411072889,-3.179479422
43.86,-64.98531084,0.05303091585,0.5962393336,0.3177841105,0,-1.22696342,4.411068006,-3.179493253
43.87,-64.98535697,0.05303063373,0.5962385923,0.3177843258,0,-1.226942804,4.411063023,-3.17950709
43.88,-64.98540311,0.05303035134,0.5962378537,0.3177845393,0,-1.226922177,4.41105794,-3.179520932
43.89,-64.98544926,0.05303006871,0.5962371179,0.3177847512,0,-1.226901538,4.411052756,-3.179534779
43.9,-64.98549543,0.05302978583,0.5962363849,0.3177849613,0,-1.226880888,4.411047474,-3.17954863
43.91,-64.98554162,0.05302950271,0.5962356547,0.3177851698,0,-1.226860228,4.411042093,-3.179562486
43.92,-64.98558782,0.05302921935,0.5962349272,0.3177853767,0,-1.226839557,4.411036613,-3.179576346
43.93,-64.98563403,0.05302893577,0.5962342024,0.3177855818,0,-1.226818877,4.411031036,-3.17959021
43.94,-64.98568026,0.05302865197,0.5962334804,0.3177857853,0,-1.226798188,4.411025361,-3.179604078
43.95,-64.9857265,0.05302836796,0.5962327612,0.3177859871,0,-1.22677749,4.41101959,-3.179617949
43.96,-64.98577274,0.05302808373,0.5962320447,0.3177861872,0,-1.226756783,4.411013722,-3.179631823
43.97,-64.985819,0.05302779931,0.5962313309,0.3177863856,0,-1.226736068,4.411007758,-3.179645699
43.98,-64.98586526,0.05302751469,0.5962306199,0.3177865824,0,-1.226715346,4.411001699,-3.179659579
43.99,-64.98591153,0.05302722987,0.5962299116,0.3177867776,0,-1.226694616,4.410995545,-3.17967346
44,-64.98595781,0.05302694488,0.596229206,0.3177869711,0,-1.22667388,4.410989297,-3.179687343
44.01,-64.98600409,0.05302665971,0.5962285032,0.3177871629,0,-1.226653137,4.410982955,-3.179701228
44.02,-64.98605038,0.05302637436,0.5962278031,0.3177873531,0,-1.226632388,4.41097652,-3.179715115
44.03,-64.98609667,0.05302608885,0.5962271057,0.3177875416,0,-1.226611633,4.410969991,-3.179729002
44.04,-64.98614297,0.05302580318,0.596226411,0.3177877285,0,-1.226590874,4.410963371,-3.179742891
44.05,-64.98618927,0.05302551736,0.596225719,0.3177879138,0,-1.226570109,4.410956658,-3.17975678
44.06,-64.98623556,0.05302523139,0.5962250298,0.3177880974,0,-1.22654934,4.410949854,-3.179770669
44.07,-64.98628186,0.05302494528,0.5962243433,0.3177882794,0,-1.226528568,4.410942958,-3.179784559
44.08,-64.98632816,0.05302465903,0.5962236595,0.3177884597,0,-1.226507791,4.410935973,-3.179798448
44.09,-64.98637446,0.05302437265,0.5962229783,0.3177886385,0,-1.226487011,4.410928897,-3.179812337
44.1,-64.98642075,0.05302408615,0.5962222999,0.3177888156,0,-1.226466229,4.410921732,-3.179826225
44.11,-64.98646704,0.05302379953,0.5962216242,0.317788991,0,-1.226445444,4.410914478,-3.179840113
44.12,-64.98651333,0.0530235128,0.5962209512,0.3177891649,0,-1.226424657,4.410907135,-3.179853999
44.13,-64.98655961,0.05302322597,0.5962202808,0.3177893371,0,-1.226403869,4.410899704,-3.179867884
44.14,-64.98660589,0.05302293903,0.5962196132,0.3177895077,0,-1.226383079,4.410892186,-3.179881767
44.15,-64.98665216,0.053022652,0.5962189482,0.3177896767,0,-1.226362288,4.41088458,-3.179895648
44.16,-64.98669842,0.05302236488,0.5962182859,0.3177898441,0,-1.226341497,4.410876888,-3.179909526
44.17,-64.98674468,0.05302207767,0.5962176263,0.3177900099,0,-1.226320705,4.41086911,-3.179923403
44.18,-64.98679092,0.05302179039,0.5962169694,0.3177901741,0,-1.226299914,4.410861247,-3.179937276
44.19,-64.98683716,0.05302150304,0.5962163151,0.3177903367,0,-1.226279124,4.410853298,-3.179951147
44.2,-64.98688338,0.05302121562,0.5962156635,0.3177904977,0,-1.226258335,4.410845264,-3.179965014
44.21,-64.98692959,0.05302092814,0.5962150146,0.3177906571,0,-1.226237547,4.410837146,-3.179978878
44.22,-64.9869758,0.05302064061,0.5962143683,0.317790815,0,-1.226216761,4.410828945,-3.179992739
44.23,-64.98702198,0.05302035302,0.5962137247,0.3177909712,0,-1.226195977,4.41082066,-3.180006595
44.24,-64.98706816,0.0530200654,0.5962130837,0.3177911259,0,-1.226175195,4.410812293,-3.180020447
44.25,-64.98711432,0.05301977773,0.5962124454,0.3177912789,0,-1.226154417,4.410803843,-3.180034295
44.26,-64.98716046,0.05301949004,0.5962118098,0.3177914304,0,-1.226133641,4.410795311,-3.180048138
44.27,-64.98720659,0.05301920231,0.5962111767,0.3177915804,0,-1.22611287,4.410786699,-3.180061976
44.28,-64.9872527,0.05301891457,0.5962105463,0.3177917287,0,-1.226092102,4.410778005,-3.180075809
44.29,-64.98729879,0.05301862681,0.5962099186,0.3177918755,0,-1.226071339,4.410769231,-3.180089636
44.3,-64.98734486,0.05301833904,0.5962092934,0.3177920208,0,-1.22605058,4.410760377,-3.180103458
44.31,-64.98739091,0.05301805126,0.5962086709,0.3177921644,0,-1.226029827,4.410751444,-3.180117274
44.32,-64.98743695,0.05301776348,0.596208051,0.3177923066,0,-1.226009079,4.410742432,-3.180131084
44.33,-64.98748296,0.05301747571,0.5962074338,0.3177924471,0,-1.225988337,4.410733342,-3.180144888
44.34,-64.98752895,0.05301718796,0.5962068191,0.3177925862,0,-1.225967601,4.410724173,-3.180158685
44.35,-64.98757492,0.05301690021,0.5962062071,0.3177927236,0,-1.225946871,4.410714927,-3.180172475
44.36,-64.98762086,0.05301661249,0.5962055976,0.3177928596,0,-1.225926148,4.410705604,-3.180186258
44.37,-64.98766678,0.0530163248,0.5962049908,0.317792994,0,-1.225905433,4.410696205,-3.180200034
44.38,-64.98771268,0.05301603714,0.5962043865,0.3177931268,0,-1.225884725,4.41068673,-3.180213803
44.39,-64.98775854,0.05301574952,0.5962037849,0.3177932582,0,-1.225864025,4.410677179,-3.180227563
44.4,-64.98780439,0.05301546194,0.5962031858,0.317793388,0,-1.225843334,4.410667552,-3.180241316
44.41,-64.9878502,0.05301517441,0.5962025893,0.3177935163,0,-1.22582265,4.410657852,-3.180255061
44.42,-64.98789599,0.05301488693,0.5962019954,0.317793643,0,-1.225801976,4.410648077,-3.180268797
44.43,-64.98794175,0.05301459951,0.5962014041,0.3177937683,0,-1.225781311,4.410638228,-3.180282524
44.44,-64.98798748,0.05301431216,0.5962008154,0.317793892,0,-1.225760656,4.410628307,-3.180296243
44.45,-64.98803318,0.05301402487,0.5962002292,0.3177940142,0,-1.225740011,4.410618312,-3.180309953
44.46,-64.98807884,0.05301373766,0.5961996456,0.317794135,0,-1.225719376,4.410608245,-3.180323653
44.47,-64.98812448,0.05301345052,0.5961990645,0.3177942542,0,-1.225698752,4.410598107,-3.180337344
44.48,-64.98817008,0.05301316347,0.596198486,0.3177943719,0,-1.225678139,4.410587897,-3.180351025
44.49,-64.98821565,0.05301287651,0.5961979101,0.3177944881,0,-1.225657537,4.410577616,-3.180364696
44.5,-64.98826119,0.05301258965,0.5961973367,0.3177946029,0,-1.225636946,4.410567265,-3.180378357
44.51,-64.98830669,0.05301230288,0.5961967658,0.3177947161,0,-1.225616368,4.410556844,-3.180392008
44.52,-64.98835216,0.05301201622,0.5961961975,0.3177948279,0,-1.225595802,4.410546354,-3.180405648
44.53,-64.98839759,0.05301172967,0.5961956317,0.3177949382,0,-1.225575249,4.410535794,-3.180419277
44.54,-64.98844299,0.05301144323,0.5961950685,0.317795047,0,-1.225554708,4.410525167,-3.180432896
44.55,-64.98848834,0.05301115691,0.5961945077,0.3177951543,0,-1.225534181,4.410514471,-3.180446503
44.56,-64.98853366,0.05301087071,0.5961939495,0.3177952602,0,-1.225513668,4.410503707,-3.180460098
44.57,-64.98857894,0.05301058465,0.5961933938,0.3177953646,0,-1.225493168,4.410492877,-3.180473682
44.58,-64.98862418,0.05301029871,0.5961928406,0.3177954675,0,-1.225472683,4.410481979,-3.180487254
44.59,-64.98866938,0.05301001292,0.5961922899,0.317795569,0,-1.225452212,4.410471016,-3.180500814
44.6,-64.98871454,0.05300972727,0.5961917418,0.317795669,0,-1.225431756,4.410459987,-3.180514362
44.61,-64.98875966,0.05300944176,0.5961911961,0.3177957676,0,-1.225411315,4.410448893,-3.180527898
44.62,-64.98880473,0.05300915641,0.5961906529,0.3177958647,0,-1.22539089,4.410437733,-3.18054142
44.63,-64.98884977,0.05300887122,0.5961901122,0.3177959604,0,-1.225370481,4.41042651,-3.18055493
44.64,-64.98889476,0.05300858619,0.596189574,0.3177960547,0,-1.225350087,4.410415223,-3.180568427
44.65,-64.9889397,0.05300830132,0.5961890382,0.3177961475,0,-1.22532971,4.410403872,-3.18058191
44.66,-64.9889846,0.05300801663,0.596188505,0.3177962389,0,-1.22530935,4.410392458,-3.18059538
44.67,-64.98902946,0.05300773211,0.5961879742,0.3177963289,0,-1.225289007,4.410380982,-3.180608837
44.68,-64.98907426,0.05300744778,0.5961874458,0.3177964174,0,-1.225268682,4.410369444,-3.180622279
44.69,-64.98911902,0.05300716363,0.5961869199,0.3177965045,0,-1.225248373,4.410357844,-3.180635707
44.7,-64.98916374,0.05300687967,0.5961863965,0.3177965903,0,-1.225228083,4.410346183,-3.180649121
44.71,-64.9892084,0.0530065959,0.5961858755,0.3177966746,0,-1.225207811,4.410334462,-3.180662521
44.72,-64.98925302,0.05300631234,0.596185357,0.3177967574,0,-1.225187558,4.41032268,-3.180675906
44.73,-64.98929759,0.05300602898,0.5961848409,0.3177968389,0,-1.225167323,4.410310839,-3.180689276
44.74,-64.98934211,0.05300574582,0.5961843273,0.317796919,0,-1.225147108,4.410298938,-3.180702632
44.75,-64.98938657,0.05300546288,0.596183816,0.3177969977,0,-1.225126912,4.410286978,-3.180715972
44.76,-64.98943099,0.05300518016,0.5961833072,0.317797075,0,-1.225106736,4.41027496,-3.180729296
44.77,-64.98947535,0.05300489765,0.5961828009,0.3177971509,0,-1.22508658,4.410262884,-3.180742605
44.78,-64.98951966,0.05300461538,0.5961822969,0.3177972255,0,-1.225066444,4.410250751,-3.180755898
44.79,-64.98956392,0.05300433333,0.5961817953,0.3177972986,0,-1.225046328,4.410238561,-3.180769175
44.8,-64.98960812,0.05300405152,0.5961812962,0.3177973704,0,-1.225026234,4.410226314,-3.180782436
44.81,-64.98965227,0.05300376994,0.5961807994,0.3177974408,0,-1.22500616,4.41021401,-3.180795681
44.82,-64.98969636,0.05300348862,0.5961803051,0.3177975099,0,-1.224986108,4.410201652,-3.180808909
44.83,-64.9897404,0.05300320753,0.5961798131,0.3177975776,0,-1.224966078,4.410189238,-3.180822121
44.84,-64.98978439,0.0530029267,0.5961793235,0.3177976439,0,-1.22494607,4.410176769,-3.180835316
44.85,-64.98982831,0.05300264613,0.5961788363,0.3177977088,0,-1.224926084,4.410164246,-3.180848493
44.86,-64.98987218,0.05300236581,0.5961783515,0.3177977725,0,-1.224906121,4.410151669,-3.180861654
44.87,-64.98991599,0.05300208577,0.596177869,0.3177978347,0,-1.22488618,4.410139038,-3.180874797
44.88,-64.98995974,0.05300180599,0.5961773889,0.3177978957,0,-1.224866262,4.410126355,-3.180887922
44.89,-64.99000343,0.05300152648,0.5961769112,0.3177979553,0,-1.224846368,4.410113619,-3.180901029
44.9,-64.99004706,0.05300124725,0.5961764358,0.3177980135,0,-1.224826498,4.41010083,-3.180914119
44.91,-64.99009064,0.0530009683,0.5961759628,0.3177980704,0,-1.224806651,4.410087991,-3.180927191
44.92,-64.99013415,0.05300068963,0.5961754921,0.317798126,0,-1.224786828,4.410075099,-3.180940244
44.93,-64.9901776,0.05300041126,0.5961750237,0.3177981803,0,-1.22476703,4.410062158,-3.180953279
44.94,-64.99022098,0.05300013318,0.5961745577,0.3177982333,0,-1.224747257,4.410049165,-3.180966295
44.95,-64.99026431,0.05299985539,0.596174094,0.3177982849,0,-1.224727509,4.410036123,-3.180979292
44.96,-64.99030757,0.05299957791,0.5961736326,0.3177983353,0,-1.224707785,4.410023031,-3.180992271
44.97,-64.99035077,0.05299930073,0.5961731736,0.3177983843,0,-1.224688088,4.410009891,-3.18100523
44.98,-64.9903939,0.05299902387,0.5961727168,0.317798432,0,-1.224668415,4.409996701,-3.18101817
44.99,-64.99043697,0.05299874731,0.5961722624,0.3177984785,0,-1.224648769,4.409983464,-3.181031091
45,-64.99047997,0.05299847107,0.5961718102,0.3177985236,0,-1.22462915,4.409970179,-3.181043992
45.01,-64.99052291,0.05299819516,0.5961713604,0.3177985675,0,-1.224609556,4.409956846,-3.181056873
45.02,-64.99056578,0.05299791957,0.5961709128,0.31779861,0,-1.22458999,4.409943467,-3.181069734
45.03,-64.99060858,0.0529976443,0.5961704676,0.3177986513,0,-1.22457045,4.409930041,-3.181082575
45.04,-64.99065132,0.05299736937,0.5961700246,0.3177986914,0,-1.224550938,4.409916569,-3.181095396
45.05,-64.99069399,0.05299709478,0.5961695839,0.3177987301,0,-1.224531453,4.409903052,-3.181108197
45.06,-64.99073659,0.05299682053,0.5961691454,0.3177987676,0,-1.224511995,4.409889489,-3.181120977
45.07,-64.99077912,0.05299654662,0.5961687092,0.3177988038,0,-1.224492566,4.409875882,-3.181133736
45.08,-64.99082158,0.05299627306,0.5961682753,0.3177988388,0,-1.224473165,4.40986223,-3.181146474
45.09,-64.99086397,0.05299599985,0.5961678436,0.3177988725,0,-1.224453793,4.409848535,-3.181159191
45.1,-64.99090629,0.052995727,0.5961674142,0.3177989049,0,-1.224434449,4.409834796,-3.181171887
45.11,-64.99094854,0.0529954545,0.596166987,0.3177989361,0,-1.224415134,4.409821014,-3.181184562
45.12,-64.99099072,0.05299518237,0.596166562,0.3177989661,0,-1.224395848,4.409807189,-3.181197215
45.13,-64.99103282,0.0529949106,0.5961661393,0.3177989948,0,-1.224376592,4.409793322,-3.181209847
45.14,-64.99107485,0.0529946392,0.5961657188,0.3177990223,0,-1.224357365,4.409779414,-3.181222456
45.15,-64.99111681,0.05299436818,0.5961653005,0.3177990486,0,-1.224338168,4.409765464,-3.181235044
45.16,-64.9911587,0.05299409753,0.5961648844,0.3177990736,0,-1.224319001,4.409751473,-3.18124761
45.17,-64.99120051,0.05299382727,0.5961644705,0.3177990975,0,-1.224299865,4.409737442,-3.181260153
45.18,-64.99124225,0.05299355739,0.5961640589,0.3177991201,0,-1.224280759,4.409723371,-3.181272674
45.19,-64.99128391,0.05299328789,0.5961636494,0.3177991415,0,-1.224261684,4.40970926,-3.181285173
45.2,-64.9913255,0.05299301879,0.5961632421,0.3177991616,0,-1.22424264,4.40969511,-3.181297649
45.21,-64.99136701,0.05299275008,0.596162837,0.3177991806,0,-1.224223627,4.409680921,-3.181310102
45.22,-64.99140844,0.05299248177,0.5961624341,0.3177991984,0,-1.224204645,4.409666693,-3.181322532
45.23,-64.9914498,0.05299221386,0.5961620333,0.317799215,0,-1.224185695,4.409652428,-3.181334939
45.24,-64.99149108,0.05299194636,0.5961616347,0.3177992304,0,-1.224166777,4.409638125,-3.181347323
45.25,-64.99153228,0.05299167926,0.5961612383,0.3177992446,0,-1.224147891,4.409623785,-3.181359683
45.26,-64.9915734,0.05299141258,0.5961608441,0.3177992577,0,-1.224129038,4.409609408,-3.18137202
45.27,-64.99161444,0.05299114631,0.5961604519,0.3177992696,0,-1.224110217,4.409594994,-3.181384333
45.28,-64.99165541,0.05299088045,0.596160062,0.3177992802,0,-1.224091428,4.409580545,-3.181396622
45.29,-64.99169629,0.05299061502,0.5961596741,0.3177992898,0,-1.224072673,4.40956606,-3.181408888
45.3,-64.9917371,0.05299035002,0.5961592884,0.3177992981,0,-1.224053951,4.409551541,-3.181421129
45.31,-64.99177782,0.05299008544,0.5961589048,0.3177993053,0,-1.224035262,4.409536986,-3.181433347
45.32,-64.99181847,0.05298982129,0.5961585234,0.3177993114,0,-1.224016607,4.409522397,-3.18144554
45.33,-64.99185903,0.05298955758,0.596158144,0.3177993163,0,-1.223997985,4.409507774,-3.181457708
45.34,-64.99189951,0.05298929431,0.5961577668,0.31779932,0,-1.223979398,4.409493118,-3.181469852
45.35,-64.9919399,0.05298903147,0.5961573917,0.3177993226,0,-1.223960844,4.409478428,-3.181481971
45.36,-64.99198022,0.05298876908,0.5961570186,0.3177993241,0,-1.223942325,4.409463706,-3.181494066
45.37,-64.99202045,0.05298850714,0.5961566477,0.3177993245,0,-1.223923841,4.409448952,-3.181506135
45.38,-64.9920606,0.05298824565,0.5961562788,0.3177993237,0,-1.223905391,4.409434165,-3.18151818
45.39,-64.99210066,0.05298798461,0.5961559121,0.3177993218,0,-1.223886976,4.409419347,-3.181530199
45.4,-64.99214064,0.05298772403,0.5961555474,0.3177993187,0,-1.223868597,4.409404498,-3.181542193
45.41,-64.99218054,0.0529874639,0.5961551847,0.3177993146,0,-1.223850253,4.409389619,-3.181554161
45.42,-64.99222035,0.05298720424,0.5961548241,0.3177993093,0,-1.223831944,4.409374709,-3.181566104
45.43,-64.99226007,0.05298694504,0.5961544656,0.317799303,0,-1.223813671,4.409359769,-3.181578021
45.44,-64.99229971,0.05298668632,0.5961541091,0.3177992955,0,-1.223795434,4.409344799,-3.181589912
45.45,-64.99233926,0.05298642806,0.5961537547,0.3177992869,0,-1.223777233,4.4093298,-3.181601777
45.46,-64.99237872,0.05298617028,0.5961534023,0.3177992773,0,-1.223759069,4.409314773,-3.181613617
45.47,-64.9924181,0.05298591297,0.596153052,0.3177992665,0,-1.223740941,4.409299717,-3.18162543
45.48,-64.99245739,0.05298565615,0.5961527037,0.3177992547,0,-1.223722849,4.409284633,-3.181637217
45.49,-64.99249659,0.05298539981,0.5961523573,0.3177992418,0,-1.223704795,4.409269522,-3.181648977
45.5,-64.9925357,0.05298514395,0.596152013,0.3177992278,0,-1.223686777,4.409254384,-3.181660711
45.51,-64.99257473,0.05298488858,0.5961516708,0.3177992128,0,-1.223668797,4.409239218,-3.181672419
45.52,-64.99261366,0.0529846337,0.5961513305,0.3177991967,0,-1.223650854,4.409224026,-3.181684099
45.53,-64.99265251,0.05298437932,0.5961509922,0.3177991795,0,-1.223632949,4.409208809,-3.181695753
45.54,-64.99269127,0.05298412544,0.5961506559,0.3177991613,0,-1.223615081,4.409193565,-3.18170738
45.55,-64.99272993,0.05298387205,0.5961503216,0.317799142,0,-1.223597251,4.409178296,-3.18171898
45.56,-64.99276851,0.05298361917,0.5961499892,0.3177991216,0,-1.22357946,4.409163003,-3.181730552
45.57,-64.99280699,0.05298336679,0.5961496589,0.3177991003,0,-1.223561706,4.409147684,-3.181742098
45.58,-64.99284539,0.05298311492,0.5961493305,0.3177990778,0,-1.223543991,4.409132342,-3.181753616
45.59,-64.99288369,0.05298286356,0.596149004,0.3177990544,0,-1.223526315,4.409116976,-3.181765106
45.6,-64.9929219,0.05298261271,0.5961486795,0.3177990299,0,-1.223508677,4.409101586,-3.181776569
45.61,-64.99296001,0.05298236238,0.596148357,0.3177990044,0,-1.223491078,4.409086174,-3.181788004
45.62,-64.99299804,0.05298211257,0.5961480364,0.3177989779,0,-1.223473519,4.409070739,-3.181799411
45.63,-64.99303597,0.05298186328,0.5961477178,0.3177989503,0,-1.223455998,4.409055281,-3.181810791
45.64,-64.99307381,0.05298161451,0.596147401,0.3177989218,0,-1.223438517,4.409039802,-3.181822142
45.65,-64.99311155,0.05298136626,0.5961470862,0.3177988922,0,-1.223421076,4.409024301,-3.181833466
45.66,-64.9931492,0.05298111855,0.5961467733,0.3177988616,0,-1.223403674,4.409008779,-3.181844761
45.67,-64.99318676,0.05298087137,0.5961464623,0.3177988301,0,-1.223386312,4.408993236,-3.181856028
45.68,-64.99322422,0.05298062472,0.5961461533,0.3177987975,0,-1.22336899,4.408977673,-3.181867266
45.69,-64.99326159,0.0529803786,0.5961458461,0.317798764,0,-1.223351709,4.40896209,-3.181878476
45.7,-64.99329886,0.05298013303,0.5961455408,0.3177987294,0,-1.223334467,4.408946487,-3.181889658
45.71,-64.99333603,0.052979888,0.5961452374,0.3177986939,0,-1.223317266,4.408930864,-3.18190081
45.72,-64.99337311,0.0529796435,0.5961449359,0.3177986574,0,-1.223300106,4.408915223,-3.181911934
45.73,-64.9934101,0.05297939956,0.5961446362,0.3177986199,0,-1.223282987,4.408899563,-3.181923029
45.74,-64.99344698,0.05297915616,0.5961443385,0.3177985815,0,-1.223265908,4.408883885,-3.181934095
45.75,-64.99348378,0.05297891331,0.5961440426,0.3177985421,0,-1.223248871,4.408868189,-3.181945133
45.76,-64.99352047,0.05297867102,0.5961437485,0.3177985017,0,-1.223231874,4.408852476,-3.181956141
45.77,-64.99355706,0.05297842928,0.5961434563,0.3177984604,0,-1.22321492,4.408836745,-3.181967119
45.78,-64.99359356,0.0529781881,0.5961431659,0.3177984182,0,-1.223198006,4.408820997,-3.181978069
45.79,-64.99362996,0.05297794748,0.5961428774,0.317798375,0,-1.223181135,4.408805234,-3.181988989
45.8,-64.99366626,0.05297770742,0.5961425907,0.3177983308,0,-1.223164305,4.408789453,-3.181999879
45.81,-64.99370247,0.05297746792,0.5961423058,0.3177982857,0,-1.223147517,4.408773658,-3.18201074
45.82,-64.99373857,0.05297722899,0.5961420228,0.3177982397,0,-1.223130771,4.408757847,-3.182021572
45.83,-64.99377458,0.05297699063,0.5961417415,0.3177981928,0,-1.223114067,4.40874202,-3.182032373
45.84,-64.99381048,0.05297675284,0.5961414621,0.3177981449,0,-1.223097405,4.408726179,-3.182043145
45.85,-64.99384629,0.05297651562,0.5961411845,0.3177980961,0,-1.223080786,4.408710324,-3.182053887
45.86,-64.993882,0.05297627897,0.5961409086,0.3177980464,0,-1.22306421,4.408694455,-3.182064599
45.87,-64.9939176,0.0529760429,0.5961406346,0.3177979958,0,-1.223047676,4.408678572,-3.182075281
45.88,-64.99395311,0.05297580742,0.5961403623,0.3177979443,0,-1.223031185,4.408662676,-3.182085933
45.89,-64.99398851,0.05297557251,0.5961400918,0.3177978919,0,-1.223014737,4.408646767,-3.182096554
45.9,-64.99402382,0.05297533819,0.5961398231,0.3177978386,0,-1.222998332,4.408630845,-3.182107146
45.91,-64.99405902,0.05297510445,0.5961395561,0.3177977844,0,-1.222981971,4.408614911,-3.182117706
45.92,-64.99409412,0.05297487129,0.5961392909,0.3177977293,0,-1.222965652,4.408598965,-3.182128237
45.93,-64.99412912,0.05297463873,0.5961390274,0.3177976733,0,-1.222949378,4.408583007,-3.182138737
45.94,-64.99416402,0.05297440676,0.5961387657,0.3177976165,0,-1.222933146,4.408567038,-3.182149206
45.95,-64.99419882,0.05297417538,0.5961385058,0.3177975588,0,-1.222916959,4.408551058,-3.182159645
45.96,-64.99423351,0.0529739446,0.5961382475,0.3177975002,0,-1.222900815,4.408535068,-3.182170053
45.97,-64.9942681,0.05297371441,0.596137991,0.3177974407,0,-1.222884715,4.408519067,-3.18218043
45.98,-64.99430259,0.05297348482,0.5961377362,0.3177973804,0,-1.222868659,4.408503057,-3.182190777
45.99,-64.99433697,0.05297325584,0.5961374831,0.3177973193,0,-1.222852648,4.408487037,-3.182201092
46,-64.99437125,0.05297302745,0.5961372317,0.3177972572,0,-1.22283668,4.408471007,-3.182211376
46.01,-64.99440543,0.05297279967,0.596136982,0.3177971944,0,-1.222820757,4.408454969,-3.18222163
46.02,-64.99443951,0.0529725725,0.596136734,0.3177971307,0,-1.222804879,4.408438922,-3.182231852
46.03,-64.99447348,0.05297234593,0.5961364877,0.3177970661,0,-1.222789045,4.408422867,-3.182242043
46.04,-64.99450734,0.05297211998,0.5961362431,0.3177970007,0,-1.222773256,4.408406804,-3.182252202
46.05,-64.9945411,0.05297189463,0.5961360002,0.3177969345,0,-1.222757511,4.408390733,-3.182262331
46.06,-64.99457476,0.0529716699,0.5961357589,0.3177968675,0,-1.222741812,4.408374655,-3.182272428
46.07,-64.99460831,0.05297144578,0.5961355193,0.3177967997,0,-1.222726158,4.40835857,-3.182282493
46.08,-64.99464176,0.05297122228,0.5961352813,0.317796731,0,-1.222710548,4.408342478,-3.182292527
46.09,-64.9946751,0.0529709994,0.596135045,0.3177966615,0,-1.222694984,4.408326381,-3.18230253
46.1,-64.99470833,0.05297077714,0.5961348104,0.3177965912,0,-1.222679465,4.408310277,-3.1823125
46.11,-64.99474146,0.0529705555,0.5961345773,0.3177965201,0,-1.222663992,4.408294167,-3.182322439
46.12,-64.99477449,0.05297033449,0.596134346,0.3177964483,0,-1.222648564,4.408278052,-3.182332347
46.13,-64.99480741,0.0529701141,0.5961341162,0.3177963756,0,-1.222633182,4.408261932,-3.182342222
46.14,-64.99484022,0.05296989433,0.596133888,0.3177963021,0,-1.222617845,4.408245807,-3.182352066
46.15,-64.99487293,0.05296967519,0.5961336615,0.3177962279,0,-1.222602555,4.408229678,-3.182361878
46.16,-64.99490552,0.05296945669,0.5961334366,0.3177961528,0,-1.22258731,4.408213544,-3.182371657
46.17,-64.99493802,0.05296923881,0.5961332132,0.317796077,0,-1.222572111,4.408197407,-3.182381405
46.18,-64.9949704,0.05296902157,0.5961329915,0.3177960004,0,-1.222556958,4.408181267,-3.182391121
46.19,-64.99500268,0.05296880496,0.5961327714,0.3177959231,0,-1.222541852,4.408165123,-3.182400804
46.2,-64.99503485,0.05296858899,0.5961325528,0.317795845,0,-1.222526791,4.408148976,-3.182410456
46.21,-64.99506692,0.05296837365,0.5961323358,0.3177957661,0,-1.222511777,4.408132827,-3.182420075
46.22,-64.99509887,0.05296815896,0.5961321204,0.3177956865,0,-1.22249681,4.408116675,-3.182429661
46.23,-64.99513072,0.0529679449,0.5961319065,0.3177956061,0,-1.222481888,4.408100522,-3.182439216
46.24,-64.99516246,0.05296773148,0.5961316942,0.317795525,0,-1.222467014,4.408084366,-3.182448738
46.25,-64.99519409,0.05296751871,0.5961314835,0.3177954432,0,-1.222452186,4.40806821,-3.182458227
46.26,-64.99522562,0.05296730658,0.5961312742,0.3177953606,0,-1.222437405,4.408052052,-3.182467685
46.27,-64.99525703,0.0529670951,0.5961310666,0.3177952773,0,-1.222422671,4.408035894,-3.182477109
46.28,-64.99528834,0.05296688427,0.5961308604,0.3177951932,0,-1.222407983,4.408019735,-3.182486501
46.29,-64.99531954,0.05296667408,0.5961306558,0.3177951084,0,-1.222393343,4.408003576,-3.182495861
46.3,-64.99535062,0.05296646454,0.5961304527,0.317795023,0,-1.222378749,4.407987418,-3.182505187
46.31,-64.99538161,0.05296625566,0.5961302511,0.3177949368,0,-1.222364203,4.407971259,-3.182514482
46.32,-64.99541248,0.05296604742,0.596130051,0.3177948498,0,-1.222349704,4.407955101,-3.182523743
46.33,-64.99544324,0.05296583984,0.5961298525,0.3177947622,0,-1.222335252,4.407938945,-3.182532971
46.34,-64.99547389,0.05296563291,0.5961296554,0.3177946739,0,-1.222320848,4.40792279,-3.182542167
46.35,-64.99550443,0.05296542664,0.5961294598,0.3177945849,0,-1.222306491,4.407906636,-3.18255133
46.36,-64.99553487,0.05296522103,0.5961292657,0.3177944952,0,-1.222292181,4.407890484,-3.18256046
46.37,-64.99556519,0.05296501608,0.596129073,0.3177944048,0,-1.222277919,4.407874334,-3.182569557
46.38,-64.9955954,0.05296481178,0.5961288818,0.3177943137,0,-1.222263705,4.407858187,-3.182578621
46.39,-64.99562551,0.05296460815,0.5961286921,0.3177942219,0,-1.222249538,4.407842043,-3.182587652
46.4,-64.9956555,0.05296440517,0.5961285039,0.3177941295,0,-1.222235419,4.407825901,-3.18259665
46.41,-64.99568538,0.05296420286,0.5961283171,0.3177940364,0,-1.222221348,4.407809763,-3.182605615
46.42,-64.99571516,0.05296400122,0.5961281317,0.3177939426,0,-1.222207325,4.407793629,-3.182614547
46.43,-64.99574482,0.05296380024,0.5961279478,0.3177938482,0,-1.222193349,4.407777498,-3.182623446
46.44,-64.99577437,0.05296359992,0.5961277653,0.3177937531,0,-1.222179422,4.407761372,-3.182632311
46.45,-64.99580381,0.05296340027,0.5961275842,0.3177936574,0,-1.222165542,4.407745249,-3.182641144
46.46,-64.99583314,0.0529632013,0.5961274046,0.317793561,0,-1.222151711,4.407729132,-3.182649943
46.47,-64.99586236,0.05296300299,0.5961272263,0.3177934639,0,-1.222137928,4.40771302,-3.182658709
46.48,-64.99589147,0.05296280535,0.5961270495,0.3177933663,0,-1.222124193,4.407696913,-3.182667441
46.49,-64.99592047,0.05296260838,0.596126874,0.3177932679,0,-1.222110506,4.407680811,-3.18267614
46.5,-64.99594935,0.05296241208,0.5961267,0.317793169,0,-1.222096868,4.407664715,-3.182684806
46.51,-64.99597813,0.05296221646,0.5961265274,0.3177930694,0,-1.222083278,4.407648626,-3.182693438
46.52,-64.99600679,0.05296202151,0.5961263561,0.3177929692,0,-1.222069736,4.407632542,-3.182702037
46.53,-64.99603534,0.05296182723,0.5961261862,0.3177928684,0,-1.222056243,4.407616465,-3.182710603
46.54,-64.99606378,0.05296163363,0.5961260177,0.317792767,0,-1.222042799,4.407600396,-3.182719135
46.55,-64.99609211,0.05296144071,0.5961258505,0.3177926649,0,-1.222029403,4.407584333,-3.182727634
46.56,-64.99612033,0.05296124847,0.5961256847,0.3177925623,0,-1.222016055,4.407568278,-3.182736099
46.57,-64.99614843,0.0529610569,0.5961255203,0.3177924591,0,-1.222002756,4.40755223,-3.18274453
46.58,-64.99617643,0.05296086602,0.5961253571,0.3177923552,0,-1.221989506,4.40753619,-3.182752929
46.59,-64.99620431,0.05296067581,0.5961251954,0.3177922508,0,-1.221976305,4.407520159,-3.182761293
46.6,-64.99623208,0.05296048629,0.5961250349,0.3177921457,0,-1.221963152,4.407504136,-3.182769624
46.61,-64.99625974,0.05296029744,0.5961248758,0.3177920401,0,-1.221950048,4.407488121,-3.182777921
46.62,-64.99628728,0.05296010928,0.596124718,0.3177919339,0,-1.221936993,4.407472116,-3.182786185
46.63,-64.99631472,0.0529599218,0.5961245615,0.3177918272,0,-1.221923987,4.40745612,-3.182794415
46.64,-64.99634204,0.05295973501,0.5961244064,0.3177917198,0,-1.22191103,4.407440133,-3.182802611
46.65,-64.99636925,0.0529595489,0.5961242525,0.3177916119,0,-1.221898122,4.407424156,-3.182810774
46.66,-64.99639634,0.05295936348,0.5961240999,0.3177915034,0,-1.221885262,4.407408189,-3.182818903
46.67,-64.99642333,0.05295917874,0.5961239486,0.3177913944,0,-1.221872452,4.407392232,-3.182826998
46.68,-64.9964502,0.05295899469,0.5961237986,0.3177912848,0,-1.221859691,4.407376286,-3.182835059
46.69,-64.99647696,0.05295881132,0.5961236499,0.3177911746,0,-1.221846979,4.407360351,-3.182843087
46.7,-64.9965036,0.05295862865,0.5961235025,0.3177910639,0,-1.221834316,4.407344426,-3.182851081
46.71,-64.99653014,0.05295844666,0.5961233563,0.3177909527,0,-1.221821702,4.407328513,-3.182859041
46.72,-64.99655656,0.05295826537,0.5961232113,0.3177908409,0,-1.221809138,4.407312611,-3.182866968
46.73,-64.99658287,0.05295808476,0.5961230676,0.3177907286,0,-1.221796622,4.407296721,-3.18287486
46.74,-64.99660906,0.05295790484,0.5961229252,0.3177906158,0,-1.221784156,4.407280843,-3.182882719
46.75,-64.99663515,0.05295772562,0.596122784,0.3177905024,0,-1.221771739,4.407264977,-3.182890544
46.76,-64.99666112,0.05295754708,0.5961226441,0.3177903885,0,-1.221759372,4.407249124,-3.182898335
46.77,-64.99668698,0.05295736924,0.5961225053,0.3177902741,0,-1.221747053,4.407233283,-3.182906093
46.78,-64.99671272,0.05295719209,0.5961223678,0.3177901592,0,-1.221734784,4.407217455,-3.182913816
46.79,-64.99673835,0.05295701563,0.5961222315,0.3177900438,0,-1.221722565,4.407201641,-3.182921506
46.8,-64.99676387,0.05295683987,0.5961220964,0.3177899278,0,-1.221710395,4.407185839,-3.182929162
46.81,-64.99678928,0.0529566648,0.5961219625,0.3177898114,0,-1.221698274,4.407170052,-3.182936783
46.82,-64.99681457,0.05295649043,0.5961218299,0.3177896945,0,-1.221686202,4.407154278,-3.182944371
46.83,-64.99683975,0.05295631675,0.5961216984,0.317789577,0,-1.22167418,4.407138518,-3.182951926
46.84,-64.99686482,0.05295614377,0.5961215681,0.3177894591,0,-1.221662208,4.407122773,-3.182959446
46.85,-64.99688977,0.05295597148,0.5961214389,0.3177893407,0,-1.221650284,4.407107042,-3.182966932
46.86,-64.99691462,0.05295579989,0.596121311,0.3177892218,0,-1.221638411,4.407091326,-3.182974385
46.87,-64.99693935,0.05295562899,0.5961211842,0.3177891024,0,-1.221626587,4.407075625,-3.182981804
46.88,-64.99696396,0.0529554588,0.5961210586,0.3177889826,0,-1.221614812,4.407059939,-3.182989188
46.89,-64.99698846,0.0529552893,0.5961209341,0.3177888623,0,-1.221603087,4.407044269,-3.182996539
46.9,-64.99701285,0.0529551205,0.5961208108,0.3177887415,0,-1.221591411,4.407028614,-3.183003856
46.91,-64.99703713,0.05295495239,0.5961206886,0.3177886203,0,-1.221579785,4.407012976,-3.183011139
46.92,-64.99706129,0.05295478499,0.5961205676,0.3177884986,0,-1.221568208,4.406997353,-3.183018388
46.93,-64.99708535,0.05295461828,0.5961204477,0.3177883764,0,-1.221556681,4.406981747,-3.183025604
46.94,-64.99710928,0.05295445227,0.5961203289,0.3177882538,0,-1.221545204,4.406966157,-3.183032785
46.95,-64.99713311,0.05295428696,0.5961202112,0.3177881308,0,-1.221533776,4.406950584,-3.183039933
46.96,-64.99715682,0.05295412235,0.5961200947,0.3177880073,0,-1.221522398,4.406935029,-3.183047046
46.97,-64.99718042,0.05295395844,0.5961199792,0.3177878834,0,-1.221511069,4.40691949,-3.183054126
46.98,-64.99720391,0.05295379524,0.5961198649,0.317787759,0,-1.22149979,4.406903969,-3.183061172
46.99,-64.99722728,0.05295363273,0.5961197517,0.3177876343,0,-1.22148856,4.406888465,-3.183068184
47,-64.99725054,0.05295347092,0.5961196395,0.317787509,0,-1.22147738,4.40687298,-3.183075163
47.01,-64.99727369,0.05295330981,0.5961195284,0.3177873834,0,-1.221466249,4.406857512,-3.183082107
47.02,-64.99729673,0.0529531494,0.5961194184,0.3177872574,0,-1.221455168,4.406842063,-3.183089018
47.03,-64.99731965,0.05295298969,0.5961193095,0.3177871309,0,-1.221444137,4.406826632,-3.183095894
47.04,-64.99734246,0.05295283069,0.5961192017,0.317787004,0,-1.221433155,4.40681122,-3.183102737
47.05,-64.99736515,0.05295267238,0.5961190949,0.3177868767,0,-1.221422223,4.406795826,-3.183109546
47.06,-64.99738774,0.05295251478,0.5961189891,0.3177867491,0,-1.22141134,4.406780452,-3.183116321
47.07,-64.99741021,0.05295235788,0.5961188845,0.317786621,0,-1.221400507,4.406765097,-3.183123063
47.08,-64.99743257,0.05295220168,0.5961187808,0.3177864925,0,-1.221389723,4.406749762,-3.183129771
47.09,-64.99745482,0.05295204618,0.5961186782,0.3177863636,0,-1.221378989,4.406734447,-3.183136445
47.1,-64.99747695,0.05295189138,0.5961185766,0.3177862344,0,-1.221368305,4.406719151,-3.183143085
47.11,-64.99749897,0.05295173729,0.5961184761,0.3177861048,0,-1.22135767,4.406703875,-3.183149691
47.12,-64.99752088,0.05295158389,0.5961183766,0.3177859747,0,-1.221347084,4.40668862,-3.183156264
47.13,-64.99754268,0.0529514312,0.596118278,0.3177858444,0,-1.221336548,4.406673385,-3.183162803
47.14,-64.99756436,0.05295127921,0.5961181805,0.3177857136,0,-1.221326062,4.406658171,-3.183169308
47.15,-64.99758593,0.05295112792,0.596118084,0.3177855825,0,-1.221315625,4.406642978,-3.18317578
47.16,-64.99760739,0.05295097734,0.5961179885,0.317785451,0,-1.221305237,4.406627806,-3.183182217
47.17,-64.99762874,0.05295082745,0.596117894,0.3177853191,0,-1.221294899,4.406612655,-3.183188622
47.18,-64.99764997,0.05295067827,0.5961178005,0.3177851869,0,-1.22128461,4.406597526,-3.183194992
47.19,-64.9976711,0.05295052979,0.5961177079,0.3177850544,0,-1.221274371,4.406582418,-3.183201329
47.2,-64.99769211,0.05295038201,0.5961176163,0.3177849215,0,-1.221264181,4.406567332,-3.183207633
47.21,-64.99771301,0.05295023493,0.5961175257,0.3177847882,0,-1.221254041,4.406552268,-3.183213902
47.22,-64.9977338,0.05295008855,0.596117436,0.3177846546,0,-1.221243949,4.406537227,-3.183220139
47.23,-64.99775447,0.05294994287,0.5961173474,0.3177845207,0,-1.221233908,4.406522208,-3.183226341
47.24,-64.99777503,0.0529497979,0.5961172596,0.3177843864,0,-1.221223915,4.406507211,-3.18323251
47.25,-64.99779549,0.05294965362,0.5961171728,0.3177842519,0,-1.221213972,4.406492237,-3.183238646
47.26,-64.99781583,0.05294951005,0.5961170869,0.3177841169,0,-1.221204078,4.406477286,-3.183244748
47.27,-64.99783606,0.05294936718,0.596117002,0.3177839817,0,-1.221194234,4.406462359,-3.183250817
47.28,-64.99785617,0.052949225,0.596116918,0.3177838461,0,-1.221184438,4.406447454,-3.183256852
47.29,-64.99787618,0.05294908353,0.5961168349,0.3177837103,0,-1.221174692,4.406432573,-3.183262854
47.3,-64.99789607,0.05294894276,0.5961167528,0.3177835741,0,-1.221164995,4.406417716,-3.183268822
47.31,-64.99791586,0.05294880269,0.5961166715,0.3177834376,0,-1.221155347,4.406402882,-3.183274757
47.32,-64.99793553,0.05294866332,0.5961165912,0.3177833008,0,-1.221145749,4.406388073,-3.183280659
47.33,-64.99795509,0.05294852464,0.5961165117,0.3177831637,0,-1.221136199,4.406373288,-3.183286527
47.34,-64.99797454,0.05294838667,0.5961164332,0.3177830263,0,-1.221126698,4.406358527,-3.183292362
47.35,-64.99799388,0.05294824939,0.5961163555,0.3177828887,0,-1.221117247,4.406343791,-3.183298164
47.36,-64.99801311,0.05294811282,0.5961162787,0.3177827507,0,-1.221107845,4.406329079,-3.183303932
47.37,-64.99803223,0.05294797694,0.5961162028,0.3177826124,0,-1.221098491,4.406314392,-3.183309668
47.38,-64.99805123,0.05294784176,0.5961161278,0.3177824739,0,-1.221089187,4.40629973,-3.18331537
47.39,-64.99807013,0.05294770728,0.5961160536,0.3177823351,0,-1.221079931,4.406285094,-3.183321039
47.4,-64.99808892,0.05294757349,0.5961159803,0.317782196,0,-1.221070724,4.406270483,-3.183326675
47.41,-64.99810759,0.0529474404,0.5961159078,0.3177820566,0,-1.221061566,4.406255897,-3.183332277
47.42,-64.99812616,0.05294730801,0.5961158362,0.317781917,0,-1.221052457,4.406241337,-3.183337847
47.43,-64.99814461,0.05294717632,0.5961157655,0.3177817771,0,-1.221043397,4.406226803,-3.183343383
47.44,-64.99816296,0.05294704532,0.5961156956,0.317781637,0,-1.221034386,4.406212295,-3.183348887
47.45,-64.99818119,0.05294691502,0.5961156265,0.3177814966,0,-1.221025423,4.406197813,-3.183354358
47.46,-64.99819932,0.05294678541,0.5961155582,0.3177813559,0,-1.221016509,4.406183357,-3.183359795
47.47,-64.99821733,0.0529466565,0.5961154908,0.317781215,0,-1.221007643,4.406168928,-3.1833652
47.48,-64.99823524,0.05294652828,0.5961154241,0.3177810738,0,-1.220998827,4.406154526,-3.183370572
47.49,-64.99825304,0.05294640076,0.5961153583,0.3177809324,0,-1.220990058,4.40614015,-3.183375911
47.5,-64.99827072,0.05294627393,0.5961152933,0.3177807908,0,-1.220981338,4.406125801,-3.183381217
47.51,-64.9982883,0.05294614779,0.5961152291,0.3177806489,0,-1.220972667,4.40611148,-3.18338649
47.52,-64.99830577,0.05294602234,0.5961151657,0.3177805068,0,-1.220964044,4.406097185,-3.183391731
47.53,-64.99832313,0.05294589759,0.5961151031,0.3177803645,0,-1.22095547,4.406082919,-3.183396939
47.54,-64.99834038,0.05294577353,0.5961150412,0.3177802219,0,-1.220946944,4.406068679,-3.183402114
47.55,-64.99835752,0.05294565016,0.5961149802,0.3177800792,0,-1.220938466,4.406054468,-3.183407256
47.56,-64.99837455,0.05294552749,0.5961149199,0.3177799362,0,-1.220930036,4.406040284,-3.183412366
47.57,-64.99839148,0.0529454055,0.5961148604,0.317779793,0,-1.220921655,4.406026128,-3.183417444
47.58,-64.9984083,0.0529452842,0.5961148016,0.3177796495,0,-1.220913322,4.406012,-3.183422489
47.59,-64.998425,0.05294516359,0.5961147436,0.3177795059,0,-1.220905037,4.405997901,-3.183427501
47.6,-64.9984416,0.05294504367,0.5961146864,0.3177793621,0,-1.2208968,4.40598383,-3.183432481
47.61,-64.99845809,0.05294492444,0.5961146299,0.317779218,0,-1.220888611,4.405969788,-3.183437428
47.62,-64.99847448,0.05294480589,0.5961145741,0.3177790738,0,-1.220880469,4.405955774,-3.183442343
47.63,-64.99849075,0.05294468803,0.5961145191,0.3177789294,0,-1.220872376,4.405941789,-3.183447226
47.64,-64.99850692,0.05294457086,0.5961144648,0.3177787848,0,-1.220864331,4.405927833,-3.183452076
47.65,-64.99852298,0.05294445438,0.5961144112,0.31777864,0,-1.220856334,4.405913907,-3.183456895
47.66,-64.99853893,0.05294433858,0.5961143584,0.317778495,0,-1.220848384,4.405900009,-3.18346168
47.67,-64.99855478,0.05294422346,0.5961143062,0.3177783498,0,-1.220840482,4.405886141,-3.183466434
47.68,-64.99857052,0.05294410903,0.5961142548,0.3177782045,0,-1.220832628,4.405872303,-3.183471156
47.69,-64.99858615,0.05294399528,0.5961142041,0.3177780589,0,-1.220824821,4.405858494,-3.183475845
47.7,-64.99860168,0.05294388222,0.596114154,0.3177779133,0,-1.220817062,4.405844715,-3.183480503
47.71,-64.99861709,0.05294376983,0.5961141047,0.3177777674,0,-1.22080935,4.405830966,-3.183485128
47.72,-64.99863241,0.05294365813,0.5961140561,0.3177776214,0,-1.220801686,4.405817247,-3.183489722
47.73,-64.99864761,0.05294354711,0.5961140081,0.3177774752,0,-1.220794069,4.405803558,-3.183494283
47.74,-64.99866271,0.05294343676,0.5961139608,0.3177773289,0,-1.2207865,4.405789899,-3.183498813
47.75,-64.9986777,0.0529433271,0.5961139142,0.3177771824,0,-1.220778978,4.405776271,-3.183503311
47.76,-64.99869259,0.05294321812,0.5961138683,0.3177770357,0,-1.220771503,4.405762674,-3.183507777
47.77,-64.99870737,0.05294310981,0.596113823,0.3177768889,0,-1.220764075,4.405749107,-3.183512211
47.78,-64.99872205,0.05294300218,0.5961137784,0.317776742,0,-1.220756694,4.405735571,-3.183516614
47.79,-64.99873662,0.05294289523,0.5961137344,0.3177765949,0,-1.220749361,4.405722066,-3.183520985
47.8,-64.99875108,0.05294278895,0.5961136911,0.3177764477,0,-1.220742074,4.405708591,-3.183525324
47.81,-64.99876544,0.05294268335,0.5961136484,0.3177763004,0,-1.220734834,4.405695149,-3.183529632
47.82,-64.99877969,0.05294257842,0.5961136064,0.3177761529,0,-1.220727641,4.405681737,-3.183533908
47.83,-64.99879384,0.05294247416,0.596113565,0.3177760053,0,-1.220720495,4.405668357,-3.183538153
47.84,-64.99880789,0.05294237058,0.5961135242,0.3177758575,0,-1.220713395,4.405655008,-3.183542367
47.85,-64.99882183,0.05294226767,0.596113484,0.3177757097,0,-1.220706343,4.405641691,-3.183546549
47.86,-64.99883566,0.05294216543,0.5961134445,0.3177755617,0,-1.220699336,4.405628406,-3.183550699
47.87,-64.9988494,0.05294206386,0.5961134056,0.3177754136,0,-1.220692377,4.405615152,-3.183554819
47.88,-64.99886302,0.05294196296,0.5961133673,0.3177752654,0,-1.220685463,4.405601931,-3.183558907
47.89,-64.99887655,0.05294186273,0.5961133295,0.3177751171,0,-1.220678596,4.405588742,-3.183562964
47.9,-64.99888997,0.05294176316,0.5961132924,0.3177749687,0,-1.220671776,4.405575584,-3.18356699
47.91,-64.99890328,0.05294166426,0.5961132559,0.3177748201,0,-1.220665002,4.40556246,-3.183570985
47.92,-64.9989165,0.05294156603,0.5961132199,0.3177746715,0,-1.220658274,4.405549367,-3.183574949
47.93,-64.99892961,0.05294146847,0.5961131846,0.3177745228,0,-1.220651592,4.405536307,-3.183578882
47.94,-64.99894261,0.05294137156,0.5961131498,0.317774374,0,-1.220644956,4.40552328,-3.183582784
47.95,-64.99895552,0.05294127532,0.5961131156,0.3177742251,0,-1.220638366,4.405510286,-3.183586655
47.96,-64.99896832,0.05294117974,0.5961130819,0.3177740761,0,-1.220631822,4.405497324,-3.183590496
47.97,-64.99898102,0.05294108483,0.5961130489,0.317773927,0,-1.220625323,4.405484395,-3.183594305
47.98,-64.99899361,0.05294099057,0.5961130163,0.3177737778,0,-1.220618871,4.4054715,-3.183598084
47.99,-64.99900611,0.05294089698,0.5961129844,0.3177736286,0,-1.220612464,4.405458637,-3.183601833
48,-64.9990185,0.05294080404,0.596112953,0.3177734793,0,-1.220606103,4.405445808,-3.18360555
48.01,-64.99903079,0.05294071176,0.5961129221,0.3177733299,0,-1.220599788,4.405433012,-3.183609238
48.02,-64.99904298,0.05294062014,0.5961128917,0.3177731804,0,-1.220593517,4.405420249,-3.183612894
48.03,-64.99905507,0.05294052917,0.5961128619,0.3177730309,0,-1.220587293,4.40540752,-3.183616521
48.04,-64.99906706,0.05294043886,0.5961128327,0.3177728813,0,-1.220581113,4.405394825,-3.183620117
48.05,-64.99907894,0.0529403492,0.5961128039,0.3177727317,0,-1.220574979,4.405382163,-3.183623682
48.06,-64.99909073,0.05294026019,0.5961127757,0.317772582,0,-1.22056889,4.405369536,-3.183627218
48.07,-64.99910241,0.05294017184,0.596112748,0.3177724322,0,-1.220562846,4.405356942,-3.183630723
48.08,-64.99911399,0.05294008414,0.5961127208,0.3177722824,0,-1.220556848,4.405344382,-3.183634198
48.09,-64.99912548,0.05293999709,0.5961126941,0.3177721325,0,-1.220550894,4.405331856,-3.183637643
48.1,-64.99913686,0.05293991068,0.5961126679,0.3177719826,0,-1.220544985,4.405319365,-3.183641058
48.11,-64.99914814,0.05293982493,0.5961126422,0.3177718327,0,-1.22053912,4.405306908,-3.183644443
48.12,-64.99915933,0.05293973982,0.5961126169,0.3177716827,0,-1.220533301,4.405294485,-3.183647798
48.13,-64.99917041,0.05293965535,0.5961125922,0.3177715326,0,-1.220527526,4.405282096,-3.183651123
48.14,-64.9991814,0.05293957153,0.596112568,0.3177713826,0,-1.220521796,4.405269742,-3.183654419
48.15,-64.99919228,0.05293948836,0.5961125442,0.3177712325,0,-1.22051611,4.405257423,-3.183657684
48.16,-64.99920307,0.05293940583,0.5961125209,0.3177710823,0,-1.220510468,4.405245139,-3.18366092
48.17,-64.99921376,0.05293932394,0.5961124981,0.3177709322,0,-1.220504871,4.405232889,-3.183664127
48.18,-64.99922435,0.05293924269,0.5961124757,0.317770782,0,-1.220499318,4.405220674,-3.183667304
48.19,-64.99923484,0.05293916207,0.5961124538,0.3177706318,0,-1.220493809,4.405208494,-3.183670451
48.2,-64.99924523,0.0529390821,0.5961124324,0.3177704816,0,-1.220488344,4.405196349,-3.183673569
48.21,-64.99925553,0.05293900277,0.5961124114,0.3177703314,0,-1.220482923,4.405184239,-3.183676658
48.22,-64.99926572,0.05293892407,0.5961123908,0.3177701811,0,-1.220477546,4.405172165,-3.183679717
48.23,-64.99927582,0.052938846,0.5961123707,0.3177700309,0,-1.220472213,4.405160125,-3.183682747
48.24,-64.99928583,0.05293876857,0.596112351,0.3177698806,0,-1.220466924,4.405148121,-3.183685748
48.25,-64.99929573,0.05293869177,0.5961123318,0.3177697303,0,-1.220461678,4.405136153,-3.18368872
48.26,-64.99930554,0.05293861561,0.5961123129,0.3177695801,0,-1.220456475,4.40512422,-3.183691663
48.27,-64.99931525,0.05293854007,0.5961122945,0.3177694298,0,-1.220451317,4.405112322,-3.183694576
48.28,-64.99932487,0.05293846516,0.5961122766,0.3177692795,0,-1.220446201,4.40510046,-3.183697461
48.29,-64.99933439,0.05293839089,0.596112259,0.3177691293,0,-1.220441129,4.405088634,-3.183700317
48.3,-64.99934381,0.05293831723,0.5961122418,0.317768979,0,-1.2204361,4.405076844,-3.183703144
48.31,-64.99935314,0.05293824421,0.5961122251,0.3177688288,0,-1.220431114,4.405065089,-3.183705943
48.32,-64.99936238,0.05293817181,0.5961122087,0.3177686786,0,-1.220426171,4.405053371,-3.183708713
48.33,-64.99937151,0.05293810003,0.5961121928,0.3177685284,0,-1.220421271,4.405041688,-3.183711454
48.34,-64.99938055,0.05293802887,0.5961121772,0.3177683782,0,-1.220416414,4.405030041,-3.183714166
48.35,-64.9993895,0.05293795834,0.596112162,0.317768228,0,-1.2204116,4.405018431,-3.183716851
48.36,-64.99939835,0.05293788842,0.5961121473,0.3177680779,0,-1.220406828,4.405006857,-3.183719506
48.37,-64.99940711,0.05293781913,0.5961121328,0.3177679278,0,-1.220402099,4.404995319,-3.183722134
48.38,-64.99941578,0.05293775045,0.5961121188,0.3177677777,0,-1.220397412,4.404983817,-3.183724733
48.39,-64.99942435,0.05293768238,0.5961121051,0.3177676277,0,-1.220392768,4.404972351,-3.183727304
48.4,-64.99943282,0.05293761494,0.5961120918,0.3177674777,0,-1.220388166,4.404960923,-3.183729847
48.41,-64.9994412,0.0529375481,0.5961120789,0.3177673277,0,-1.220383606,4.40494953,-3.183732361
48.42,-64.99944949,0.05293748188,0.5961120663,0.3177671778,0,-1.220379088,4.404938174,-3.183734848
48.43,-64.99945769,0.05293741627,0.5961120541,0.3177670279,0,-1.220374613,4.404926855,-3.183737307
48.44,-64.99946579,0.05293735127,0.5961120422,0.3177668781,0,-1.220370179,4.404915572,-3.183739738
48.45,-64.9994738,0.05293728688,0.5961120307,0.3177667283,0,-1.220365787,4.404904326,-3.183742141
48.46,-64.99948172,0.05293722309,0.5961120195,0.3177665785,0,-1.220361437,4.404893117,-3.183744516
48.47,-64.99948955,0.05293715991,0.5961120086,0.3177664288,0,-1.220357128,4.404881945,-3.183746864
48.48,-64.99949728,0.05293709734,0.5961119981,0.3177662792,0,-1.220352861,4.40487081,-3.183749184
48.49,-64.99950492,0.05293703537,0.5961119879,0.3177661296,0,-1.220348636,4.404859711,-3.183751476
48.5,-64.99951247,0.052936974,0.596111978,0.3177659801,0,-1.220344451,4.40484865,-3.183753741
48.51,-64.99951993,0.05293691323,0.5961119684,0.3177658307,0,-1.220340308,4.404837625,-3.183755979
48.52,-64.9995273,0.05293685306,0.5961119592,0.3177656813,0,-1.220336207,4.404826638,-3.183758189
48.53,-64.99953458,0.05293679349,0.5961119503,0.317765532,0,-1.220332146,4.404815688,-3.183760373
48.54,-64.99954176,0.05293673452,0.5961119416,0.3177653827,0,-1.220328126,4.404804775,-3.183762529
48.55,-64.99954886,0.05293667614,0.5961119333,0.3177652336,0,-1.220324147,4.404793899,-3.183764657
48.56,-64.99955586,0.05293661836,0.5961119253,0.3177650845,0,-1.220320209,4.40478306,-3.183766759
48.57,-64.99956278,0.05293656117,0.5961119176,0.3177649354,0,-1.220316311,4.404772259,-3.183768834
48.58,-64.99956961,0.05293650457,0.5961119101,0.3177647865,0,-1.220312454,4.404761495,-3.183770882
48.59,-64.99957634,0.05293644857,0.596111903,0.3177646376,0,-1.220308638,4.404750769,-3.183772903
48.6,-64.99958299,0.05293639315,0.5961118961,0.3177644889,0,-1.220304862,4.40474008,-3.183774897
48.61,-64.99958955,0.05293633832,0.5961118895,0.3177643402,0,-1.220301126,4.404729429,-3.183776865
48.62,-64.99959602,0.05293628407,0.5961118832,0.3177641916,0,-1.22029743,4.404718815,-3.183778806
48.63,-64.9996024,0.05293623041,0.5961118772,0.3177640431,0,-1.220293775,4.404708238,-3.18378072
48.64,-64.99960869,0.05293617733,0.5961118714,0.3177638947,0,-1.220290159,4.4046977,-3.183782608
48.65,-64.9996149,0.05293612484,0.5961118659,0.3177637464,0,-1.220286583,4.404687199,-3.18378447
48.66,-64.99962102,0.05293607292,0.5961118607,0.3177635982,0,-1.220283047,4.404676735,-3.183786305
48.67,-64.99962705,0.05293602159,0.5961118557,0.31776345,0,-1.220279551,4.40466631,-3.183788114
48.68,-64.99963299,0.05293597083,0.5961118509,0.317763302,0,-1.220276094,4.404655922,-3.183789897
48.69,-64.99963885,0.05293592065,0.5961118464,0.3177631541,0,-1.220272677,4.404645572,-3.183791654
48.7,-64.99964462,0.05293587104,0.5961118422,0.3177630063,0,-1.220269299,4.40463526,-3.183793385
48.71,-64.9996503,0.05293582201,0.5961118382,0.3177628586,0,-1.22026596,4.404624985,-3.183795089
48.72,-64.99965589,0.05293577355,0.5961118344,0.3177627111,0,-1.22026266,4.404614749,-3.183796768
48.73,-64.9996614,0.05293572566,0.5961118309,0.3177625636,0,-1.2202594,4.40460455,-3.183798421
48.74,-64.99966683,0.05293567834,0.5961118275,0.3177624163,0,-1.220256178,4.40459439,-3.183800049
48.75,-64.99967217,0.05293563159,0.5961118244,0.317762269,0,-1.220252995,4.404584267,-3.18380165
48.76,-64.99967742,0.0529355854,0.5961118216,0.3177621219,0,-1.220249851,4.404574183,-3.183803226
48.77,-64.99968259,0.05293553978,0.5961118189,0.3177619749,0,-1.220246746,4.404564137,-3.183804777
48.78,-64.99968767,0.05293549473,0.5961118165,0.3177618281,0,-1.220243679,4.404554128,-3.183806302
48.79,-64.99969267,0.05293545023,0.5961118143,0.3177616814,0,-1.22024065,4.404544158,-3.183807802
48.8,-64.99969759,0.0529354063,0.5961118122,0.3177615348,0,-1.22023766,4.404534226,-3.183809276
48.81,-64.99970242,0.05293536292,0.5961118104,0.3177613883,0,-1.220234708,4.404524332,-3.183810726
48.82,-64.99970717,0.0529353201,0.5961118088,0.317761242,0,-1.220231794,4.404514476,-3.18381215
48.83,-64.99971183,0.05293527784,0.5961118074,0.3177610958,0,-1.220228918,4.404504659,-3.183813549
48.84,-64.99971641,0.05293523614,0.5961118061,0.3177609497,0,-1.22022608,4.404494879,-3.183814923
48.85,-64.99972091,0.05293519498,0.5961118051,0.3177608038,0,-1.22022328,4.404485138,-3.183816272
48.86,-64.99972532,0.05293515438,0.5961118042,0.317760658,0,-1.220220517,4.404475436,-3.183817597
48.87,-64.99972965,0.05293511433,0.5961118036,0.3177605124,0,-1.220217792,4.404465771,-3.183818896
48.88,-64.9997339,0.05293507483,0.596111803,0.3177603669,0,-1.220215104,4.404456145,-3.183820171
48.89,-64.99973807,0.05293503588,0.5961118027,0.3177602215,0,-1.220212454,4.404446557,-3.183821421
48.9,-64.99974216,0.05293499747,0.5961118026,0.3177600764,0,-1.220209841,4.404437008,-3.183822647
48.91,-64.99974616,0.0529349596,0.5961118026,0.3177599313,0,-1.220207265,4.404427496,-3.183823849
48.92,-64.99975008,0.05293492228,0.5961118027,0.3177597864,0,-1.220204726,4.404418024,-3.183825025
48.93,-64.99975393,0.0529348855,0.5961118031,0.3177596417,0,-1.220202224,4.404408589,-3.183826178
48.94,-64.99975769,0.05293484926,0.5961118035,0.3177594971,0,-1.220199759,4.404399194,-3.183827307
48.95,-64.99976137,0.05293481356,0.5961118042,0.3177593527,0,-1.22019733,4.404389836,-3.183828411
48.96,-64.99976497,0.0529347784,0.596111805,0.3177592085,0,-1.220194938,4.404380517,-3.183829491
48.97,-64.99976849,0.05293474377,0.5961118059,0.3177590644,0,-1.220192583,4.404371236,-3.183830548
48.98,-64.99977193,0.05293470967,0.596111807,0.3177589205,0,-1.220190264,4.404361994,-3.18383158
48.99,-64.99977529,0.05293467611,0.5961118082,0.3177587767,0,-1.220187981,4.404352791,-3.183832588
49,-64.99977858,0.05293464307,0.5961118095,0.3177586332,0,-1.220185734,4.404343626,-3.183833573
49.01,-64.99978178,0.05293461057,0.596111811,0.3177584898,0,-1.220183523,4.404334499,-3.183834534
49.02,-64.99978491,0.05293457859,0.5961118126,0.3177583465,0,-1.220181348,4.404325411,-3.183835472
49.03,-64.99978795,0.05293454714,0.5961118143,0.3177582035,0,-1.220179209,4.404316361,-3.183836386
49.04,-64.99979092,0.05293451621,0.5961118162,0.3177580606,0,-1.220177106,4.40430735,-3.183837277
49.05,-64.99979381,0.05293448581,0.5961118181,0.3177579179,0,-1.220175038,4.404298378,-3.183838144
49.06,-64.99979663,0.05293445593,0.5961118202,0.3177577754,0,-1.220173006,4.404289444,-3.183838988
49.07,-64.99979936,0.05293442656,0.5961118224,0.317757633,0,-1.220171009,4.404280548,-3.183839809
49.08,-64.99980202,0.05293439772,0.5961118247,0.3177574909,0,-1.220169047,4.404271691,-3.183840606
49.09,-64.9998046,0.05293436939,0.5961118271,0.3177573489,0,-1.220167121,4.404262873,-3.183841381
49.1,-64.99980711,0.05293434158,0.5961118296,0.3177572072,0,-1.220165229,4.404254093,-3.183842132
49.11,-64.99980954,0.05293431428,0.5961118322,0.3177570656,0,-1.220163372,4.404245352,-3.183842861
49.12,-64.99981189,0.05293428749,0.5961118349,0.3177569242,0,-1.22016155,4.404236649,-3.183843567
49.13,-64.99981417,0.05293426121,0.5961118377,0.317756783,0,-1.220159763,4.404227985,-3.18384425
49.14,-64.99981637,0.05293423545,0.5961118406,0.317756642,0,-1.220158011,4.404219359,-3.183844911
49.15,-64.9998185,0.05293421018,0.5961118436,0.3177565012,0,-1.220156292,4.404210772,-3.183845549
49.16,-64.99982055,0.05293418543,0.5961118466,0.3177563606,0,-1.220154608,4.404202224,-3.183846165
49.17,-64.99982253,0.05293416118,0.5961118497,0.3177562202,0,-1.220152959,4.404193714,-3.183846758
49.18,-64.99982443,0.05293413743,0.5961118529,0.31775608,0,-1.220151343,4.404185243,-3.183847329
49.19,-64.99982626,0.05293411418,0.5961118562,0.31775594,0,-1.220149762,4.40417681,-3.183847877
49.2,-64.99982801,0.05293409143,0.5961118596,0.3177558002,0,-1.220148214,4.404168415,-3.183848404
49.21,-64.99982969,0.05293406917,0.596111863,0.3177556606,0,-1.2201467,4.40416006,-3.183848908
49.22,-64.9998313,0.05293404742,0.5961118665,0.3177555212,0,-1.22014522,4.404151743,-3.18384939
49.23,-64.99983284,0.05293402616,0.59611187,0.317755382,0,-1.220143773,4.404143464,-3.183849851
49.24,-64.9998343,0.05293400539,0.5961118736,0.3177552431,0,-1.220142359,4.404135224,-3.183850289
49.25,-64.99983569,0.05293398511,0.5961118772,0.3177551044,0,-1.220140979,4.404127022,-3.183850706
49.26,-64.99983701,0.05293396532,0.5961118809,0.3177549658,0,-1.220139632,4.404118859,-3.183851102
49.27,-64.99983825,0.05293394602,0.5961118847,0.3177548275,0,-1.220138319,4.404110734,-3.183851475
49.28,-64.99983942,0.0529339272,0.5961118885,0.3177546894,0,-1.220137038,4.404102648,-3.183851827
49.29,-64.99984053,0.05293390887,0.5961118923,0.3177545516,0,-1.22013579,4.4040946,-3.183852158
49.3,-64.99984156,0.05293389102,0.5961118962,0.3177544139,0,-1.220134574,4.404086591,-3.183852467
49.31,-64.99984252,0.05293387365,0.5961119001,0.3177542765,0,-1.220133391,4.40407862,-3.183852755
49.32,-64.99984341,0.05293385677,0.5961119041,0.3177541393,0,-1.220132241,4.404070688,-3.183853022
49.33,-64.99984423,0.05293384036,0.596111908,0.3177540024,0,-1.220131123,4.404062794,-3.183853268
49.34,-64.99984497,0.05293382442,0.596111912,0.3177538656,0,-1.220130038,4.404054938,-3.183853492
49.35,-64.99984565,0.05293380897,0.5961119161,0.3177537291,0,-1.220128984,4.404047121,-3.183853696
49.36,-64.99984626,0.05293379398,0.5961119201,0.3177535928,0,-1.220127963,4.404039342,-3.183853879
49.37,-64.9998468,0.05293377947,0.5961119242,0.3177534568,0,-1.220126973,4.404031602,-3.183854041
49.38,-64.99984728,0.05293376542,0.5961119283,0.317753321,0,-1.220126015,4.4040239,-3.183854183
49.39,-64.99984768,0.05293375185,0.5961119324,0.3177531854,0,-1.220125089,4.404016236,-3.183854304
49.4,-64.99984801,0.05293373874,0.5961119365,0.3177530501,0,-1.220124195,4.404008611,-3.183854404
49.41,-64.99984828,0.05293372609,0.5961119406,0.317752915,0,-1.220123331,4.404001024,-3.183854484
49.42,-64.99984848,0.05293371391,0.5961119447,0.3177527801,0,-1.2201225,4.403993475,-3.183854543
49.43,-64.99984861,0.05293370219,0.5961119488,0.3177526455,0,-1.220121699,4.403985964,-3.183854582
49.44,-64.99984867,0.05293369093,0.5961119529,0.3177525112,0,-1.220120929,4.403978492,-3.183854601
49.45,-64.99984867,0.05293368012,0.5961119571,0.317752377,0,-1.220120191,4.403971058,-3.1838546
49.46,-64.9998486,0.05293366978,0.5961119612,0.3177522432,0,-1.220119483,4.403963662,-3.183854579
49.47,-64.99984846,0.05293365989,0.5961119653,0.3177521095,0,-1.220118806,4.403956304,-3.183854538
49.48,-64.99984826,0.05293365045,0.5961119694,0.3177519762,0,-1.220118159,4.403948984,-3.183854477
49.49,-64.99984799,0.05293364146,0.5961119734,0.317751843,0,-1.220117543,4.403941703,-3.183854396
49.5,-64.99984765,0.05293363292,0.5961119775,0.3177517102,0,-1.220116958,4.40393446,-3.183854295
49.51,-64.99984725,0.05293362484,0.5961119815,0.3177515775,0,-1.220116403,4.403927254,-3.183854175
49.52,-64.99984678,0.05293361719,0.5961119856,0.3177514452,0,-1.220115877,4.403920087,-3.183854035
49.53,-64.99984625,0.05293360999,0.5961119895,0.3177513131,0,-1.220115382,4.403912958,-3.183853876
49.54,-64.99984566,0.05293360324,0.5961119935,0.3177511812,0,-1.220114917,4.403905867,-3.183853698
49.55,-64.999845,0.05293359693,0.5961119974,0.3177510496,0,-1.220114481,4.403898813,-3.1838535
49.56,-64.99984428,0.05293359105,0.5961120013,0.3177509183,0,-1.220114075,4.403891798,-3.183853283
49.57,-64.99984349,0.05293358562,0.5961120052,0.3177507872,0,-1.220113699,4.403884821,-3.183853046
49.58,-64.99984264,0.05293358062,0.596112009,0.3177506564,0,-1.220113352,4.403877881,-3.183852791
49.59,-64.99984172,0.05293357605,0.5961120128,0.3177505259,0,-1.220113035,4.403870979,-3.183852517
49.6,-64.99984075,0.05293357192,0.5961120166,0.3177503956,0,-1.220112746,4.403864116,-3.183852224
49.61,-64.99983971,0.05293356822,0.5961120203,0.3177502656,0,-1.220112487,4.40385729,-3.183851912
49.62,-64.9998386,0.05293356495,0.5961120239,0.3177501358,0,-1.220112256,4.403850501,-3.183851581
49.63,-64.99983744,0.05293356211,0.5961120275,0.3177500064,0,-1.220112055,4.403843751,-3.183851232
49.64,-64.99983621,0.05293355969,0.596112031,0.3177498772,0,-1.220111882,4.403837038,-3.183850864
49.65,-64.99983492,0.0529335577,0.5961120345,0.3177497482,0,-1.220111738,4.403830363,-3.183850477
49.66,-64.99983358,0.05293355613,0.596112038,0.3177496196,0,-1.220111622,4.403823725,-3.183850073
49.67,-64.99983217,0.05293355498,0.5961120413,0.3177494912,0,-1.220111534,4.403817126,-3.18384965
49.68,-64.99983069,0.05293355425,0.5961120446,0.3177493631,0,-1.220111475,4.403810563,-3.183849208
49.69,-64.99982916,0.05293355394,0.5961120479,0.3177492352,0,-1.220111444,4.403804038,-3.183848749
49.7,-64.99982757,0.05293355404,0.596112051,0.3177491077,0,-1.220111441,4.403797551,-3.183848272
49.71,-64.99982592,0.05293355456,0.5961120541,0.3177489804,0,-1.220111465,4.403791101,-3.183847776
49.72,-64.99982421,0.05293355549,0.5961120572,0.3177488534,0,-1.220111518,4.403784689,-3.183847263
49.73,-64.99982244,0.05293355683,0.5961120601,0.3177487267,0,-1.220111598,4.403778314,-3.183846732
49.74,-64.99982061,0.05293355858,0.596112063,0.3177486003,0,-1.220111705,4.403771976,-3.183846183
49.75,-64.99981872,0.05293356074,0.5961120658,0.3177484741,0,-1.22011184,4.403765676,-3.183845616
49.76,-64.99981677,0.05293356331,0.5961120685,0.3177483482,0,-1.220112003,4.403759413,-3.183845032
49.77,-64.99981477,0.05293356628,0.5961120712,0.3177482227,0,-1.220112192,4.403753187,-3.18384443
49.78,-64.9998127,0.05293356965,0.5961120737,0.3177480974,0,-1.220112408,4.403746998,-3.183843811
49.79,-64.99981058,0.05293357342,0.5961120762,0.3177479724,0,-1.220112652,4.403740847,-3.183843175
49.8,-64.99980841,0.05293357759,0.5961120785,0.3177478477,0,-1.220112922,4.403734733,-3.183842522
49.81,-64.99980617,0.05293358216,0.5961120808,0.3177477232,0,-1.220113219,4.403728655,-3.183841851
49.82,-64.99980388,0.05293358712,0.596112083,0.3177475991,0,-1.220113542,4.403722615,-3.183841163
49.83,-64.99980153,0.05293359248,0.596112085,0.3177474753,0,-1.220113892,4.403716612,-3.183840458
49.84,-64.99979912,0.05293359823,0.596112087,0.3177473517,0,-1.220114268,4.403710645,-3.183839737
49.85,-64.99979666,0.05293360437,0.5961120889,0.3177472285,0,-1.22011467,4.403704716,-3.183838998
49.86,-64.99979414,0.05293361089,0.5961120907,0.3177471055,0,-1.220115099,4.403698823,-3.183838243
49.87,-64.99979157,0.05293361781,0.5961120923,0.3177469828,0,-1.220115553,4.403692968,-3.183837471
49.88,-64.99978894,0.05293362511,0.5961120939,0.3177468605,0,-1.220116033,4.403687149,-3.183836683
49.89,-64.99978626,0.0529336328,0.5961120953,0.3177467384,0,-1.220116539,4.403681366,-3.183835878
49.9,-64.99978352,0.05293364086,0.5961120967,0.3177466166,0,-1.22011707,4.403675621,-3.183835056
49.91,-64.99978073,0.05293364931,0.5961120979,0.3177464952,0,-1.220117627,4.403669912,-3.183834219
49.92,-64.99977788,0.05293365813,0.596112099,0.317746374,0,-1.22011821,4.403664239,-3.183833365
49.93,-64.99977498,0.05293366733,0.5961121,0.3177462531,0,-1.220118817,4.403658603,-3.183832495
49.94,-64.99977203,0.05293367691,0.5961121008,0.3177461326,0,-1.22011945,4.403653004,-3.183831609
49.95,-64.99976902,0.05293368686,0.5961121016,0.3177460123,0,-1.220120107,4.403647441,-3.183830706
49.96,-64.99976596,0.05293369718,0.5961121022,0.3177458924,0,-1.22012079,4.403641915,-3.183829788
49.97,-64.99976285,0.05293370787,0.5961121027,0.3177457727,0,-1.220121497,4.403636424,-3.183828855
49.98,-64.99975968,0.05293371893,0.596112103,0.3177456534,0,-1.220122229,4.403630971,-3.183827905
49.99,-64.99975647,0.05293373036,0.5961121032,0.3177455344,0,-1.220122985,4.403625553,-3.18382694
50,-64.9997532,0.05293374215,0.5961121033,0.3177454156,0,-1.220123766,4.403620171,-3.183825959
50.01,-64.99974987,0.0529337543,0.5961121033,0.3177452972,0,-1.220124571,4.403614826,-3.183824962
50.02,-64.9997465,0.05293376682,0.5961121031,0.3177451791,0,-1.220125401,4.403609517,-3.18382395
50.03,-64.99974308,0.05293377969,0.5961121028,0.3177450614,0,-1.220126254,4.403604244,-3.183822923
50.04,-64.9997396,0.05293379293,0.5961121023,0.3177449439,0,-1.220127131,4.403599006,-3.183821881
50.05,-64.99973608,0.05293380652,0.5961121017,0.3177448267,0,-1.220128032,4.403593805,-3.183820823
50.06,-64.9997325,0.05293382046,0.596112101,0.3177447099,0,-1.220128957,4.403588639,-3.183819751
50.07,-64.99972888,0.05293383476,0.5961121001,0.3177445933,0,-1.220129905,4.40358351,-3.183818663
50.08,-64.9997252,0.0529338494,0.596112099,0.3177444771,0,-1.220130877,4.403578416,-3.18381756
50.09,-64.99972148,0.0529338644,0.5961120978,0.3177443612,0,-1.220131872,4.403573358,-3.183816443
50.1,-64.9997177,0.05293387974,0.5961120965,0.3177442456,0,-1.22013289,4.403568335,-3.183815311
50.11,-64.99971388,0.05293389543,0.596112095,0.3177441304,0,-1.220133932,4.403563348,-3.183814164
50.12,-64.99971001,0.05293391147,0.5961120933,0.3177440154,0,-1.220134996,4.403558397,-3.183813002
50.13,-64.99970609,0.05293392785,0.5961120915,0.3177439008,0,-1.220136083,4.403553481,-3.183811826
50.14,-64.99970212,0.05293394456,0.5961120895,0.3177437865,0,-1.220137193,4.403548601,-3.183810636
50.15,-64.9996981,0.05293396162,0.5961120874,0.3177436725,0,-1.220138326,4.403543756,-3.183809431
50.16,-64.99969404,0.05293397902,0.5961120851,0.3177435588,0,-1.220139481,4.403538946,-3.183808212
50.17,-64.99968993,0.05293399675,0.5961120826,0.3177434455,0,-1.220140658,4.403534171,-3.183806978
50.18,-64.99968577,0.05293401481,0.5961120799,0.3177433325,0,-1.220141858,4.403529432,-3.183805731
50.19,-64.99968156,0.05293403321,0.5961120771,0.3177432198,0,-1.220143079,4.403524728,-3.183804469
50.2,-64.99967731,0.05293405193,0.5961120742,0.3177431074,0,-1.220144323,4.403520059,-3.183803194
50.21,-64.99967302,0.05293407099,0.596112071,0.3177429954,0,-1.220145589,4.403515425,-3.183801905
50.22,-64.99966867,0.05293409037,0.5961120677,0.3177428837,0,-1.220146876,4.403510826,-3.183800602
50.23,-64.99966428,0.05293411008,0.5961120642,0.3177427723,0,-1.220148185,4.403506261,-3.183799285
50.24,-64.99965985,0.05293413011,0.5961120605,0.3177426612,0,-1.220149516,4.403501732,-3.183797954
50.25,-64.99965537,0.05293415047,0.5961120567,0.3177425505,0,-1.220150868,4.403497237,-3.18379661
50.26,-64.99965084,0.05293417114,0.5961120527,0.3177424401,0,-1.220152242,4.403492778,-3.183795253
50.27,-64.99964627,0.05293419214,0.5961120484,0.31774233,0,-1.220153636,4.403488352,-3.183793882
50.28,-64.99964166,0.05293421345,0.596112044,0.3177422202,0,-1.220155052,4.403483962,-3.183792498
50.29,-64.999637,0.05293423507,0.5961120395,0.3177421108,0,-1.220156489,4.403479605,-3.183791101
50.3,-64.9996323,0.05293425701,0.5961120347,0.3177420017,0,-1.220157946,4.403475284,-3.18378969
50.31,-64.99962755,0.05293427926,0.5961120297,0.317741893,0,-1.220159424,4.403470996,-3.183788266
50.32,-64.99962277,0.05293430183,0.5961120246,0.3177417846,0,-1.220160923,4.403466743,-3.18378683
50.33,-64.99961793,0.0529343247,0.5961120193,0.3177416765,0,-1.220162443,4.403462525,-3.18378538
50.34,-64.99961306,0.05293434787,0.5961120137,0.3177415687,0,-1.220163982,4.40345834,-3.183783918
50.35,-64.99960814,0.05293437136,0.596112008,0.3177414613,0,-1.220165542,4.40345419,-3.183782443
50.36,-64.99960318,0.05293439514,0.5961120021,0.3177413542,0,-1.220167122,4.403450074,-3.183780955
50.37,-64.99959818,0.05293441923,0.596111996,0.3177412475,0,-1.220168722,4.403445991,-3.183779455
50.38,-64.99959314,0.05293444362,0.5961119896,0.3177411411,0,-1.220170342,4.403441943,-3.183777942
50.39,-64.99958806,0.0529344683,0.5961119831,0.317741035,0,-1.220171982,4.403437928,-3.183776417
50.4,-64.99958293,0.05293449329,0.5961119764,0.3177409293,0,-1.220173642,4.403433948,-3.18377488
50.41,-64.99957777,0.05293451856,0.5961119695,0.3177408239,0,-1.220175321,4.403430001,-3.18377333
50.42,-64.99957256,0.05293454414,0.5961119624,0.3177407188,0,-1.220177019,4.403426088,-3.183771768
50.43,-64.99956731,0.05293457,0.596111955,0.3177406141,0,-1.220178737,4.403422208,-3.183770193
50.44,-64.99956202,0.05293459615,0.5961119475,0.3177405097,0,-1.220180474,4.403418362,-3.183768607
50.45,-64.9995567,0.05293462259,0.5961119397,0.3177404057,0,-1.22018223,4.403414549,-3.183767009
50.46,-64.99955133,0.05293464932,0.5961119318,0.317740302,0,-1.220184005,4.40341077,-3.183765399
50.47,-64.99954592,0.05293467633,0.5961119236,0.3177401986,0,-1.220185799,4.403407024,-3.183763777
50.48,-64.99954048,0.05293470363,0.5961119152,0.3177400956,0,-1.220187612,4.403403311,-3.183762144
50.49,-64.999535,0.05293473121,0.5961119066,0.3177399929,0,-1.220189443,4.403399631,-3.183760499
50.5,-64.99952947,0.05293475907,0.5961118978,0.3177398906,0,-1.220191293,4.403395985,-3.183758842
50.51,-64.99952391,0.0529347872,0.5961118888,0.3177397886,0,-1.220193161,4.403392372,-3.183757174
50.52,-64.99951831,0.05293481561,0.5961118795,0.317739687,0,-1.220195048,4.403388791,-3.183755494
50.53,-64.99951268,0.0529348443,0.59611187,0.3177395857,0,-1.220196952,4.403385244,-3.183753803
50.54,-64.999507,0.05293487326,0.5961118603,0.3177394847,0,-1.220198875,4.403381729,-3.183752101
50.55,-64.99950129,0.0529349025,0.5961118504,0.3177393841,0,-1.220200816,4.403378247,-3.183750388
50.56,-64.99949555,0.052934932,0.5961118403,0.3177392838,0,-1.220202774,4.403374798,-3.183748664
50.57,-64.99948976,0.05293496177,0.5961118299,0.3177391839,0,-1.22020475,4.403371381,-3.183746928
50.58,-64.99948394,0.05293499181,0.5961118193,0.3177390843,0,-1.220206744,4.403367997,-3.183745182
50.59,-64.99947808,0.05293502211,0.5961118085,0.3177389851,0,-1.220208755,4.403364645,-3.183743425
50.6,-64.99947219,0.05293505268,0.5961117975,0.3177388862,0,-1.220210784,4.403361326,-3.183741657
50.61,-64.99946626,0.05293508351,0.5961117862,0.3177387876,0,-1.22021283,4.403358039,-3.183739878
50.62,-64.9994603,0.05293511459,0.5961117747,0.3177386894,0,-1.220214893,4.403354784,-3.183738089
50.63,-64.9994543,0.05293514594,0.596111763,0.3177385916,0,-1.220216973,4.403351562,-3.183736289
50.64,-64.99944826,0.05293517754,0.596111751,0.3177384941,0,-1.22021907,4.403348371,-3.183734478
50.65,-64.99944219,0.0529352094,0.5961117388,0.317738397,0,-1.220221183,4.403345213,-3.183732658
50.66,-64.99943609,0.05293524151,0.5961117264,0.3177383002,0,-1.220223314,4.403342086,-3.183730827
50.67,-64.99942995,0.05293527388,0.5961117137,0.3177382037,0,-1.220225461,4.403338992,-3.183728985
50.68,-64.99942378,0.05293530649,0.5961117008,0.3177381076,0,-1.220227624,4.403335929,-3.183727134
50.69,-64.99941757,0.05293533935,0.5961116876,0.3177380118,0,-1.220229804,4.403332897,-3.183725272
50.7,-64.99941134,0.05293537246,0.5961116742,0.3177379164,0,-1.220232,4.403329898,-3.183723401
50.71,-64.99940507,0.05293540582,0.5961116606,0.3177378214,0,-1.220234212,4.40332693,-3.18372152
50.72,-64.99939876,0.05293543942,0.5961116467,0.3177377267,0,-1.220236441,4.403323993,-3.183719628
50.73,-64.99939242,0.05293547326,0.5961116326,0.3177376323,0,-1.220238685,4.403321088,-3.183717727
50.74,-64.99938605,0.05293550734,0.5961116182,0.3177375383,0,-1.220240945,4.403318214,-3.183715816
50.75,-64.99937965,0.05293554166,0.5961116036,0.3177374447,0,-1.22024322,4.403315372,-3.183713896
50.76,-64.99937322,0.05293557622,0.5961115888,0.3177373514,0,-1.220245511,4.403312561,-3.183711966
50.77,-64.99936675,0.05293561101,0.5961115737,0.3177372584,0,-1.220247818,4.40330978,-3.183710026
50.78,-64.99936026,0.05293564603,0.5961115583,0.3177371658,0,-1.22025014,4.403307031,-3.183708077
50.79,-64.99935373,0.05293568129,0.5961115427,0.3177370736,0,-1.220252477,4.403304313,-3.183706119
50.8,-64.99934717,0.05293571678,0.5961115269,0.3177369817,0,-1.220254829,4.403301625,-3.183704152
50.81,-64.99934058,0.0529357525,0.5961115108,0.3177368901,0,-1.220257196,4.403298968,-3.183702175
50.82,-64.99933396,0.05293578845,0.5961114944,0.317736799,0,-1.220259578,4.403296342,-3.183700189
50.83,-64.99932732,0.05293582462,0.5961114778,0.3177367081,0,-1.220261975,4.403293747,-3.183698195
50.84,-64.99932064,0.05293586102,0.5961114609,0.3177366176,0,-1.220264387,4.403291182,-3.183696191
50.85,-64.99931393,0.05293589764,0.5961114438,0.3177365275,0,-1.220266813,4.403288647,-3.183694178
50.86,-64.99930719,0.05293593448,0.5961114265,0.3177364377,0,-1.220269254,4.403286143,-3.183692157
50.87,-64.99930042,0.05293597154,0.5961114088,0.3177363483,0,-1.220271709,4.403283669,-3.183690127
50.88,-64.99929363,0.05293600881,0.5961113909,0.3177362593,0,-1.220274178,4.403281226,-3.183688088
50.89,-64.9992868,0.05293604631,0.5961113728,0.3177361706,0,-1.220276661,4.403278812,-3.18368604
50.9,-64.99927995,0.05293608402,0.5961113544,0.3177360822,0,-1.220279159,4.403276429,-3.183683985
50.91,-64.99927307,0.05293612194,0.5961113357,0.3177359942,0,-1.22028167,4.403274075,-3.18368192
50.92,-64.99926616,0.05293616007,0.5961113168,0.3177359065,0,-1.220284195,4.403271752,-3.183679847
50.93,-64.99925922,0.05293619841,0.5961112976,0.3177358192,0,-1.220286734,4.403269458,-3.183677766
50.94,-64.99925226,0.05293623697,0.5961112782,0.3177357323,0,-1.220289286,4.403267194,-3.183675677
50.95,-64.99924527,0.05293627572,0.5961112585,0.3177356457,0,-1.220291852,4.403264959,-3.18367358
50.96,-64.99923825,0.05293631469,0.5961112385,0.3177355595,0,-1.220294431,4.403262755,-3.183671474
50.97,-64.9992312,0.05293635386,0.5961112182,0.3177354736,0,-1.220297024,4.403260579,-3.183669361
50.98,-64.99922413,0.05293639322,0.5961111977,0.3177353881,0,-1.220299629,4.403258433,-3.18366724
50.99,-64.99921703,0.05293643279,0.596111177,0.3177353029,0,-1.220302248,4.403256316,-3.18366511
51,-64.99920991,0.05293647256,0.5961111559,0.3177352181,0,-1.22030488,4.403254229,-3.183662973
51.01,-64.99920276,0.05293651253,0.5961111346,0.3177351337,0,-1.220307524,4.40325217,-3.183660829
51.02,-64.99919559,0.05293655269,0.596111113,0.3177350496,0,-1.220310181,4.403250141,-3.183658676
51.03,-64.99918839,0.05293659305,0.5961110912,0.3177349658,0,-1.220312851,4.40324814,-3.183656516
51.04,-64.99918116,0.0529366336,0.5961110691,0.3177348824,0,-1.220315534,4.403246169,-3.183654349
51.05,-64.99917391,0.05293667434,0.5961110467,0.3177347994,0,-1.220318228,4.403244226,-3.183652174
51.06,-64.99916664,0.05293671527,0.596111024,0.3177347167,0,-1.220320935,4.403242312,-3.183649992
51.07,-64.99915934,0.05293675639,0.5961110011,0.3177346344,0,-1.220323655,4.403240427,-3.183647802
51.08,-64.99915202,0.05293679769,0.5961109779,0.3177345524,0,-1.220326386,4.40323857,-3.183645606
51.09,-64.99914467,0.05293683918,0.5961109544,0.3177344708,0,-1.220329129,4.403236741,-3.183643402
51.1,-64.9991373,0.05293688085,0.5961109306,0.3177343896,0,-1.220331884,4.403234941,-3.183641191
51.11,-64.99912991,0.05293692271,0.5961109066,0.3177343087,0,-1.220334651,4.403233169,-3.183638973
51.12,-64.99912249,0.05293696474,0.5961108823,0.3177342281,0,-1.22033743,4.403231426,-3.183636748
51.13,-64.99911506,0.05293700696,0.5961108577,0.317734148,0,-1.22034022,4.40322971,-3.183634517
51.14,-64.99910759,0.05293704935,0.5961108328,0.3177340681,0,-1.220343022,4.403228023,-3.183632278
51.15,-64.99910011,0.05293709192,0.5961108077,0.3177339887,0,-1.220345835,4.403226363,-3.183630033
51.16,-64.9990926,0.05293713466,0.5961107823,0.3177339095,0,-1.220348659,4.403224731,-3.183627781
51.17,-64.99908508,0.05293717757,0.5961107566,0.3177338308,0,-1.220351494,4.403223127,-3.183625523
51.18,-64.99907753,0.05293722066,0.5961107306,0.3177337524,0,-1.220354341,4.403221551,-3.183623258
51.19,-64.99906996,0.05293726392,0.5961107044,0.3177336743,0,-1.220357198,4.403220002,-3.183620987
51.2,-64.99906236,0.05293730734,0.5961106778,0.3177335966,0,-1.220360067,4.403218481,-3.183618709
51.21,-64.99905475,0.05293735093,0.596110651,0.3177335193,0,-1.220362946,4.403216987,-3.183616425
51.22,-64.99904712,0.05293739469,0.5961106239,0.3177334423,0,-1.220365835,4.403215521,-3.183614135
51.23,-64.99903946,0.05293743861,0.5961105965,0.3177333657,0,-1.220368735,4.403214081,-3.183611838
51.24,-64.99903179,0.05293748269,0.5961105689,0.3177332894,0,-1.220371646,4.403212669,-3.183609536
51.25,-64.99902409,0.05293752693,0.5961105409,0.3177332135,0,-1.220374567,4.403211284,-3.183607227
51.26,-64.99901638,0.05293757133,0.5961105127,0.3177331379,0,-1.220377498,4.403209926,-3.183604913
51.27,-64.99900864,0.05293761589,0.5961104842,0.3177330627,0,-1.220380439,4.403208595,-3.183602592
51.28,-64.99900089,0.05293766061,0.5961104554,0.3177329878,0,-1.220383391,4.40320729,-3.183600266
51.29,-64.99899311,0.05293770548,0.5961104263,0.3177329133,0,-1.220386352,4.403206013,-3.183597934
51.3,-64.99898532,0.0529377505,0.5961103969,0.3177328392,0,-1.220389323,4.403204762,-3.183595596
51.31,-64.99897751,0.05293779568,0.5961103673,0.3177327654,0,-1.220392304,4.403203537,-3.183593253
51.32,-64.99896968,0.05293784101,0.5961103374,0.317732692,0,-1.220395294,4.403202339,-3.183590904
51.33,-64.99896183,0.05293788648,0.5961103071,0.3177326189,0,-1.220398294,4.403201167,-3.18358855
51.34,-64.99895397,0.0529379321,0.5961102766,0.3177325462,0,-1.220401303,4.403200021,-3.18358619
51.35,-64.99894608,0.05293797787,0.5961102458,0.3177324738,0,-1.220404322,4.403198902,-3.183583825
51.36,-64.99893818,0.05293802378,0.5961102147,0.3177324018,0,-1.22040735,4.403197809,-3.183581455
51.37,-64.99893026,0.05293806984,0.5961101834,0.3177323301,0,-1.220410387,4.403196741,-3.183579079
51.38,-64.99892233,0.05293811604,0.5961101517,0.3177322588,0,-1.220413433,4.4031957,-3.183576698
51.39,-64.99891438,0.05293816238,0.5961101197,0.3177321878,0,-1.220416488,4.403194684,-3.183574313
51.4,-64.99890641,0.05293820885,0.5961100875,0.3177321172,0,-1.220419552,4.403193694,-3.183571922
51.41,-64.99889842,0.05293825547,0.596110055,0.317732047,0,-1.220422624,4.40319273,-3.183569526
51.42,-64.99889042,0.05293830222,0.5961100221,0.3177319771,0,-1.220425705,4.403191791,-3.183567125
51.43,-64.9988824,0.0529383491,0.596109989,0.3177319075,0,-1.220428795,4.403190878,-3.18356472
51.44,-64.99887437,0.05293839612,0.5961099556,0.3177318383,0,-1.220431893,4.40318999,-3.18356231
51.45,-64.99886632,0.05293844327,0.5961099219,0.3177317695,0,-1.220435,4.403189127,-3.183559895
51.46,-64.99885825,0.05293849055,0.596109888,0.317731701,0,-1.220438114,4.40318829,-3.183557475
51.47,-64.99885017,0.05293853795,0.5961098537,0.3177316328,0,-1.220441237,4.403187477,-3.183555051
51.48,-64.99884207,0.05293858549,0.5961098191,0.3177315651,0,-1.220444368,4.40318669,-3.183552622
51.49,-64.99883396,0.05293863315,0.5961097843,0.3177314976,0,-1.220447507,4.403185927,-3.183550189
51.5,-64.99882584,0.05293868094,0.5961097491,0.3177314305,0,-1.220450654,4.40318519,-3.183547752
51.51,-64.9988177,0.05293872884,0.5961097137,0.3177313638,0,-1.220453808,4.403184477,-3.18354531
51.52,-64.99880955,0.05293877687,0.5961096779,0.3177312974,0,-1.22045697,4.403183788,-3.183542864
51.53,-64.99880138,0.05293882502,0.5961096419,0.3177312314,0,-1.22046014,4.403183124,-3.183540413
51.54,-64.9987932,0.05293887329,0.5961096056,0.3177311657,0,-1.220463317,4.403182485,-3.183537959
51.55,-64.998785,0.05293892168,0.596109569,0.3177311004,0,-1.220466502,4.40318187,-3.183535501
51.56,-64.99877679,0.05293897018,0.596109532,0.3177310354,0,-1.220469694,4.403181279,-3.183533038
51.57,-64.99876857,0.0529390188,0.5961094948,0.3177309707,0,-1.220472893,4.403180712,-3.183530572
51.58,-64.99876034,0.05293906753,0.5961094573,0.3177309065,0,-1.220476099,4.40318017,-3.183528102
51.59,-64.99875209,0.05293911637,0.5961094195,0.3177308425,0,-1.220479312,4.403179651,-3.183525628
51.6,-64.99874383,0.05293916532,0.5961093815,0.3177307789,0,-1.220482532,4.403179157,-3.18352315
51.61,-64.99873556,0.05293921438,0.5961093431,0.3177307157,0,-1.220485759,4.403178686,-3.183520669
51.62,-64.99872728,0.05293926355,0.5961093044,0.3177306528,0,-1.220488993,4.403178239,-3.183518184
51.63,-64.99871898,0.05293931283,0.5961092654,0.3177305903,0,-1.220492233,4.403177815,-3.183515695
51.64,-64.99871068,0.05293936221,0.5961092262,0.3177305281,0,-1.22049548,4.403177415,-3.183513203
51.65,-64.99870236,0.05293941169,0.5961091866,0.3177304662,0,-1.220498733,4.403177038,-3.183510708
51.66,-64.99869403,0.05293946128,0.5961091468,0.3177304047,0,-1.220501993,4.403176685,-3.183508209
51.67,-64.99868569,0.05293951097,0.5961091066,0.3177303435,0,-1.220505259,4.403176355,-3.183505706
51.68,-64.99867734,0.05293956076,0.5961090662,0.3177302827,0,-1.220508531,4.403176048,-3.183503201
51.69,-64.99866897,0.05293961064,0.5961090254,0.3177302223,0,-1.220511809,4.403175764,-3.183500692
51.7,-64.9986606,0.05293966063,0.5961089844,0.3177301621,0,-1.220515093,4.403175504,-3.183498181
51.71,-64.99865222,0.0529397107,0.596108943,0.3177301024,0,-1.220518383,4.403175266,-3.183495666
51.72,-64.99864383,0.05293976088,0.5961089014,0.3177300429,0,-1.220521679,4.40317505,-3.183493148
51.73,-64.99863542,0.05293981114,0.5961088595,0.3177299839,0,-1.22052498,4.403174858,-3.183490627
51.74,-64.99862701,0.0529398615,0.5961088173,0.3177299251,0,-1.220528288,4.403174688,-3.183488103
51.75,-64.99861859,0.05293991195,0.5961087747,0.3177298667,0,-1.2205316,4.403174541,-3.183485577
51.76,-64.99861016,0.05293996248,0.5961087319,0.3177298087,0,-1.220534918,4.403174416,-3.183483048
51.77,-64.99860172,0.0529400131,0.5961086888,0.3177297509,0,-1.220538242,4.403174313,-3.183480516
51.78,-64.99859327,0.05294006381,0.5961086454,0.3177296936,0,-1.220541571,4.403174233,-3.183477981
51.79,-64.99858481,0.05294011461,0.5961086017,0.3177296365,0,-1.220544905,4.403174174,-3.183475444
51.8,-64.99857635,0.05294016549,0.5961085577,0.3177295799,0,-1.220548244,4.403174138,-3.183472904
51.81,-64.99856787,0.05294021645,0.5961085134,0.3177295235,0,-1.220551588,4.403174124,-3.183470362
51.82,-64.99855939,0.05294026749,0.5961084688,0.3177294675,0,-1.220554937,4.403174131,-3.183467817
51.83,-64.9985509,0.05294031861,0.596108424,0.3177294118,0,-1.220558291,4.403174161,-3.18346527
51.84,-64.9985424,0.05294036981,0.5961083788,0.3177293565,0,-1.22056165,4.403174212,-3.183462721
51.85,-64.9985339,0.05294042109,0.5961083333,0.3177293015,0,-1.220565013,4.403174284,-3.183460169
51.86,-64.99852538,0.05294047245,0.5961082875,0.3177292469,0,-1.220568381,4.403174378,-3.183457615
51.87,-64.99851686,0.05294052387,0.5961082415,0.3177291926,0,-1.220571753,4.403174494,-3.183455059
51.88,-64.99850834,0.05294057538,0.5961081951,0.3177291386,0,-1.22057513,4.403174631,-3.183452501
51.89,-64.9984998,0.05294062695,0.5961081484,0.317729085,0,-1.220578511,4.403174788,-3.183449941
51.9,-64.99849126,0.05294067859,0.5961081015,0.3177290317,0,-1.220581896,4.403174968,-3.183447379
51.91,-64.99848272,0.05294073031,0.5961080542,0.3177289787,0,-1.220585286,4.403175168,-3.183444816
51.92,-64.99847417,0.05294078209,0.5961080067,0.3177289261,0,-1.220588679,4.403175389,-3.18344225
51.93,-64.99846561,0.05294083394,0.5961079588,0.3177288739,0,-1.220592077,4.40317563,-3.183439682
51.94,-64.99845704,0.05294088585,0.5961079107,0.3177288219,0,-1.220595478,4.403175893,-3.183437113
51.95,-64.99844847,0.05294093783,0.5961078623,0.3177287703,0,-1.220598883,4.403176176,-3.183434542
51.96,-64.9984399,0.05294098988,0.5961078135,0.317728719,0,-1.220602292,4.40317648,-3.18343197
51.97,-64.99843132,0.05294104198,0.5961077645,0.3177286681,0,-1.220605705,4.403176804,-3.183429396
51.98,-64.99842273,0.05294109415,0.5961077152,0.3177286175,0,-1.220609121,4.403177149,-3.18342682
51.99,-64.99841414,0.05294114637,0.5961076656,0.3177285672,0,-1.22061254,4.403177514,-3.183424243
52,-64.99840555,0.05294119866,0.5961076157,0.3177285173,0,-1.220615963,4.403177899,-3.183421664
52.01,-64.99839695,0.052941251,0.5961075655,0.3177284677,0,-1.22061939,4.403178304,-3.183419084
52.02,-64.99838834,0.0529413034,0.596107515,0.3177284184,0,-1.220622819,4.403178729,-3.183416503
52.03,-64.99837974,0.05294135585,0.5961074642,0.3177283694,0,-1.220626252,4.403179174,-3.183413921
52.04,-64.99837112,0.05294140835,0.5961074131,0.3177283208,0,-1.220629688,4.403179639,-3.183411337
52.05,-64.99836251,0.05294146091,0.5961073617,0.3177282725,0,-1.220633126,4.403180123,-3.183408753
52.06,-64.99835389,0.05294151352,0.5961073101,0.3177282246,0,-1.220636568,4.403180627,-3.183406167
52.07,-64.99834527,0.05294156618,0.5961072581,0.317728177,0,-1.220640012,4.403181151,-3.18340358
52.08,-64.99833664,0.05294161889,0.5961072059,0.3177281297,0,-1.220643459,4.403181694,-3.183400992
52.09,-64.99832801,0.05294167164,0.5961071533,0.3177280827,0,-1.220646909,4.403182256,-3.183398403
52.1,-64.99831938,0.05294172444,0.5961071005,0.3177280361,0,-1.220650362,4.403182838,-3.183395814
52.11,-64.99831074,0.05294177729,0.5961070473,0.3177279898,0,-1.220653816,4.403183439,-3.183393223
52.12,-64.99830211,0.05294183018,0.5961069939,0.3177279438,0,-1.220657274,4.403184059,-3.183390632
52.13,-64.99829347,0.05294188311,0.5961069402,0.3177278981,0,-1.220660733,4.403184697,-3.18338804
52.14,-64.99828483,0.05294193608,0.5961068862,0.3177278528,0,-1.220664195,4.403185355,-3.183385448
52.15,-64.99827618,0.0529419891,0.5961068319,0.3177278078,0,-1.220667659,4.403186032,-3.183382855
52.16,-64.99826754,0.05294204215,0.5961067773,0.3177277631,0,-1.220671126,4.403186727,-3.183380261
52.17,-64.99825889,0.05294209524,0.5961067224,0.3177277187,0,-1.220674594,4.403187441,-3.183377667
52.18,-64.99825024,0.05294214837,0.5961066672,0.3177276747,0,-1.220678064,4.403188173,-3.183375072
52.19,-64.99824159,0.05294220154,0.5961066118,0.317727631,0,-1.220681536,4.403188924,-3.183372477
52.2,-64.99823294,0.05294225474,0.596106556,0.3177275876,0,-1.22068501,4.403189693,-3.183369881
52.21,-64.99822429,0.05294230797,0.5961065,0.3177275446,0,-1.220688485,4.40319048,-3.183367286
52.22,-64.99821563,0.05294236123,0.5961064436,0.3177275018,0,-1.220691962,4.403191285,-3.18336469
52.23,-64.99820698,0.05294241453,0.596106387,0.3177274594,0,-1.220695441,4.403192109,-3.183362094
52.24,-64.99819832,0.05294246786,0.5961063301,0.3177274173,0,-1.220698921,4.40319295,-3.183359497
52.25,-64.99818967,0.05294252121,0.5961062729,0.3177273755,0,-1.220702403,4.403193809,-3.183356901
52.26,-64.99818101,0.05294257459,0.5961062154,0.317727334,0,-1.220705886,4.403194686,-3.183354304
52.27,-64.99817236,0.052942628,0.5961061576,0.3177272929,0,-1.22070937,4.403195581,-3.183351708
52.28,-64.9981637,0.05294268144,0.5961060996,0.3177272521,0,-1.220712856,4.403196493,-3.183349111
52.29,-64.99815505,0.0529427349,0.5961060412,0.3177272116,0,-1.220716342,4.403197422,-3.183346515
52.3,-64.9981464,0.05294278838,0.5961059826,0.3177271714,0,-1.22071983,4.403198369,-3.183343919
52.31,-64.99813774,0.05294284188,0.5961059237,0.3177271315,0,-1.220723318,4.403199334,-3.183341323
52.32,-64.99812909,0.05294289541,0.5961058645,0.3177270919,0,-1.220726808,4.403200315,-3.183338727
52.33,-64.99812044,0.05294294896,0.596105805,0.3177270527,0,-1.220730298,4.403201314,-3.183336131
52.34,-64.99811179,0.05294300252,0.5961057452,0.3177270138,0,-1.220733789,4.40320233,-3.183333536
52.35,-64.99810314,0.0529430561,0.5961056851,0.3177269752,0,-1.220737281,4.403203362,-3.183330941
52.36,-64.99809449,0.0529431097,0.5961056248,0.3177269369,0,-1.220740773,4.403204412,-3.183328347
52.37,-64.99808584,0.05294316332,0.5961055642,0.3177268989,0,-1.220744266,4.403205478,-3.183325753
52.38,-64.9980772,0.05294321695,0.5961055032,0.3177268612,0,-1.220747759,4.403206561,-3.18332316
52.39,-64.99806856,0.05294327059,0.596105442,0.3177268238,0,-1.220751252,4.40320766,-3.183320567
52.4,-64.99805992,0.05294332425,0.5961053806,0.3177267868,0,-1.220754746,4.403208776,-3.183317975
52.41,-64.99805128,0.05294337791,0.5961053188,0.31772675,0,-1.22075824,4.403209908,-3.183315383
52.42,-64.99804264,0.05294343159,0.5961052567,0.3177267136,0,-1.220761735,4.403211057,-3.183312793
52.43,-64.99803401,0.05294348528,0.5961051944,0.3177266775,0,-1.220765229,4.403212222,-3.183310203
52.44,-64.99802538,0.05294353897,0.5961051318,0.3177266416,0,-1.220768724,4.403213402,-3.183307613
52.45,-64.99801675,0.05294359268,0.5961050689,0.3177266061,0,-1.220772218,4.403214599,-3.183305025
52.46,-64.99800813,0.05294364638,0.5961050057,0.3177265709,0,-1.220775712,4.403215812,-3.183302438
52.47,-64.9979995,0.0529437001,0.5961049423,0.317726536,0,-1.220779206,4.403217041,-3.183299851
52.48,-64.99799088,0.05294375381,0.5961048786,0.3177265014,0,-1.2207827,4.403218285,-3.183297265
52.49,-64.99798227,0.05294380753,0.5961048146,0.3177264672,0,-1.220786194,4.403219545,-3.183294681
52.5,-64.99797366,0.05294386126,0.5961047503,0.3177264332,0,-1.220789687,4.403220821,-3.183292097
52.51,-64.99796505,0.05294391498,0.5961046857,0.3177263995,0,-1.220793179,4.403222111,-3.183289515
52.52,-64.99795645,0.0529439687,0.5961046209,0.3177263661,0,-1.220796672,4.403223418,-3.183286934
52.53,-64.99794785,0.05294402242,0.5961045557,0.317726333,0,-1.220800163,4.403224739,-3.183284354
52.54,-64.99793925,0.05294407614,0.5961044903,0.3177263003,0,-1.220803654,4.403226076,-3.183281775
52.55,-64.99793066,0.05294412986,0.5961044247,0.3177262678,0,-1.220807144,4.403227428,-3.183279198
52.56,-64.99792207,0.05294418357,0.5961043587,0.3177262356,0,-1.220810634,4.403228795,-3.183276622
52.57,-64.99791349,0.05294423728,0.5961042925,0.3177262038,0,-1.220814122,4.403230177,-3.183274047
52.58,-64.99790491,0.05294429098,0.596104226,0.3177261722,0,-1.22081761,4.403231574,-3.183271474
52.59,-64.99789634,0.05294434468,0.5961041592,0.3177261409,0,-1.220821096,4.403232985,-3.183268902
52.6,-64.99788777,0.05294439836,0.5961040922,0.3177261099,0,-1.220824582,4.403234411,-3.183266332
52.61,-64.99787921,0.05294445204,0.5961040249,0.3177260793,0,-1.220828066,4.403235852,-3.183263763
52.62,-64.99787065,0.05294450571,0.5961039573,0.3177260489,0,-1.220831549,4.403237307,-3.183261196
52.63,-64.9978621,0.05294455936,0.5961038894,0.3177260188,0,-1.220835031,4.403238777,-3.183258631
52.64,-64.99785356,0.05294461301,0.5961038213,0.317725989,0,-1.220838512,4.40324026,-3.183256067
52.65,-64.99784502,0.05294466664,0.5961037529,0.3177259595,0,-1.220841991,4.403241758,-3.183253505
52.66,-64.99783648,0.05294472026,0.5961036842,0.3177259303,0,-1.220845469,4.40324327,-3.183250944
52.67,-64.99782795,0.05294477386,0.5961036153,0.3177259014,0,-1.220848945,4.403244796,-3.183248386
52.68,-64.99781943,0.05294482745,0.5961035461,0.3177258728,0,-1.22085242,4.403246337,-3.183245829
52.69,-64.99781091,0.05294488102,0.5961034766,0.3177258444,0,-1.220855893,4.40324789,-3.183243274
52.7,-64.9978024,0.05294493457,0.5961034068,0.3177258164,0,-1.220859365,4.403249458,-3.183240721
52.71,-64.9977939,0.0529449881,0.5961033368,0.3177257886,0,-1.220862834,4.403251039,-3.183238171
52.72,-64.99778541,0.05294504161,0.5961032665,0.3177257612,0,-1.220866302,4.403252634,-3.183235622
52.73,-64.99777692,0.05294509511,0.596103196,0.317725734,0,-1.220869768,4.403254243,-3.183233075
52.74,-64.99776843,0.05294514858,0.5961031252,0.3177257071,0,-1.220873232,4.403255864,-3.18323053
52.75,-64.99775996,0.05294520203,0.5961030541,0.3177256805,0,-1.220876694,4.403257499,-3.183227987
52.76,-64.99775149,0.05294525546,0.5961029828,0.3177256542,0,-1.220880154,4.403259148,-3.183225447
52.77,-64.99774303,0.05294530886,0.5961029111,0.3177256282,0,-1.220883611,4.403260809,-3.183222909
52.78,-64.99773458,0.05294536223,0.5961028393,0.3177256025,0,-1.220887067,4.403262483,-3.183220373
52.79,-64.99772613,0.05294541558,0.5961027671,0.317725577,0,-1.22089052,4.403264171,-3.183217839
52.8,-64.99771769,0.05294546891,0.5961026948,0.3177255518,0,-1.220893971,4.403265871,-3.183215308
52.81,-64.99770926,0.0529455222,0.5961026221,0.317725527,0,-1.22089742,4.403267584,-3.183212779
52.82,-64.99770084,0.05294557547,0.5961025492,0.3177255023,0,-1.220900866,4.40326931,-3.183210252
52.83,-64.99769243,0.05294562871,0.596102476,0.317725478,0,-1.22090431,4.403271048,-3.183207728
52.84,-64.99768402,0.05294568192,0.5961024026,0.317725454,0,-1.220907751,4.403272799,-3.183205206
52.85,-64.99767562,0.05294573509,0.5961023289,0.3177254302,0,-1.22091119,4.403274562,-3.183202687
52.86,-64.99766723,0.05294578824,0.5961022549,0.3177254067,0,-1.220914625,4.403276338,-3.18320017
52.87,-64.99765885,0.05294584135,0.5961021807,0.3177253835,0,-1.220918059,4.403278126,-3.183197656
52.88,-64.99765048,0.05294589442,0.5961021062,0.3177253606,0,-1.220921489,4.403279926,-3.183195145
52.89,-64.99764212,0.05294594746,0.5961020315,0.3177253379,0,-1.220924917,4.403281738,-3.183192636
52.9,-64.99763377,0.05294600047,0.5961019565,0.3177253156,0,-1.220928341,4.403283562,-3.18319013
52.91,-64.99762542,0.05294605344,0.5961018813,0.3177252934,0,-1.220931763,4.403285398,-3.183187626
52.92,-64.99761709,0.05294610637,0.5961018058,0.3177252716,0,-1.220935182,4.403287246,-3.183185126
52.93,-64.99760876,0.05294615926,0.5961017301,0.3177252501,0,-1.220938597,4.403289106,-3.183182628
52.94,-64.99760044,0.05294621212,0.5961016541,0.3177252288,0,-1.22094201,4.403290977,-3.183180133
52.95,-64.99759214,0.05294626493,0.5961015779,0.3177252078,0,-1.220945419,4.40329286,-3.183177641
52.96,-64.99758384,0.0529463177,0.5961015014,0.317725187,0,-1.220948825,4.403294754,-3.183175152
52.97,-64.99757555,0.05294637044,0.5961014246,0.3177251666,0,-1.220952228,4.40329666,-3.183172666
52.98,-64.99756728,0.05294642312,0.5961013476,0.3177251464,0,-1.220955627,4.403298577,-3.183170183
52.99,-64.99755901,0.05294647577,0.5961012704,0.3177251264,0,-1.220959024,4.403300505,-3.183167702
53,-64.99755075,0.05294652837,0.5961011929,0.3177251068,0,-1.220962416,4.403302444,-3.183165225
53.01,-64.9975425,0.05294658093,0.5961011151,0.3177250874,0,-1.220965805,4.403304395,-3.183162751
53.02,-64.99753427,0.05294663344,0.5961010371,0.3177250683,0,-1.220969191,4.403306356,-3.18316028
53.03,-64.99752604,0.0529466859,0.5961009589,0.3177250494,0,-1.220972573,4.403308328,-3.183157813
53.04,-64.99751783,0.05294673832,0.5961008804,0.3177250308,0,-1.220975951,4.403310311,-3.183155348
53.05,-64.99750962,0.05294679069,0.5961008017,0.3177250125,0,-1.220979326,4.403312305,-3.183152887
53.06,-64.99750143,0.05294684301,0.5961007227,0.3177249944,0,-1.220982697,4.403314309,-3.183150429
53.07,-64.99749325,0.05294689528,0.5961006435,0.3177249766,0,-1.220986064,4.403316324,-3.183147974
53.08,-64.99748507,0.0529469475,0.5961005641,0.317724959,0,-1.220989427,4.403318349,-3.183145522
53.09,-64.99747691,0.05294699967,0.5961004844,0.3177249418,0,-1.220992786,4.403320385,-3.183143074
53.1,-64.99746876,0.05294705178,0.5961004044,0.3177249247,0,-1.220996141,4.403322431,-3.183140629
53.11,-64.99746063,0.05294710385,0.5961003243,0.317724908,0,-1.220999492,4.403324487,-3.183138188
53.12,-64.9974525,0.05294715586,0.5961002438,0.3177248915,0,-1.221002839,4.403326554,-3.18313575
53.13,-64.99744439,0.05294720781,0.5961001632,0.3177248752,0,-1.221006182,4.40332863,-3.183133316
53.14,-64.99743628,0.05294725971,0.5961000823,0.3177248592,0,-1.221009521,4.403330716,-3.183130885
53.15,-64.99742819,0.05294731156,0.5961000011,0.3177248435,0,-1.221012856,4.403332812,-3.183128458
53.16,-64.99742011,0.05294736334,0.5960999198,0.317724828,0,-1.221016186,4.403334918,-3.183126034
53.17,-64.99741205,0.05294741507,0.5960998382,0.3177248128,0,-1.221019512,4.403337034,-3.183123614
53.18,-64.99740399,0.05294746674,0.5960997563,0.3177247978,0,-1.221022834,4.403339159,-3.183121198
53.19,-64.99739595,0.05294751836,0.5960996743,0.3177247831,0,-1.221026151,4.403341294,-3.183118785
53.2,-64.99738792,0.05294756991,0.5960995919,0.3177247687,0,-1.221029464,4.403343438,-3.183116376
53.21,-64.9973799,0.0529476214,0.5960995094,0.3177247545,0,-1.221032772,4.403345592,-3.18311397
53.22,-64.9973719,0.05294767283,0.5960994266,0.3177247405,0,-1.221036076,4.403347755,-3.183111569
53.23,-64.9973639,0.0529477242,0.5960993436,0.3177247268,0,-1.221039375,4.403349927,-3.183109171
53.24,-64.99735592,0.05294777551,0.5960992604,0.3177247133,0,-1.221042669,4.403352108,-3.183106777
53.25,-64.99734796,0.05294782676,0.5960991769,0.3177247001,0,-1.221045959,4.403354299,-3.183104387
53.26,-64.99734,0.05294787794,0.5960990932,0.3177246871,0,-1.221049244,4.403356498,-3.183102001
53.27,-64.99733206,0.05294792905,0.5960990093,0.3177246744,0,-1.221052524,4.403358706,-3.183099619
53.28,-64.99732413,0.0529479801,0.5960989252,0.317724662,0,-1.221055799,4.403360923,-3.18309724
53.29,-64.99731622,0.05294803108,0.5960988408,0.3177246497,0,-1.22105907,4.403363149,-3.183094866
53.3,-64.99730832,0.052948082,0.5960987562,0.3177246377,0,-1.221062335,4.403365383,-3.183092496
53.31,-64.99730043,0.05294813285,0.5960986714,0.317724626,0,-1.221065596,4.403367626,-3.183090129
53.32,-64.99729256,0.05294818363,0.5960985863,0.3177246145,0,-1.221068851,4.403369877,-3.183087767
53.33,-64.9972847,0.05294823434,0.596098501,0.3177246032,0,-1.221072101,4.403372137,-3.183085409
53.34,-64.99727685,0.05294828498,0.5960984155,0.3177245922,0,-1.221075347,4.403374405,-3.183083055
53.35,-64.99726902,0.05294833556,0.5960983298,0.3177245815,0,-1.221078587,4.403376682,-3.183080705
53.36,-64.9972612,0.05294838606,0.5960982439,0.3177245709,0,-1.221081822,4.403378966,-3.183078359
53.37,-64.99725339,0.05294843649,0.5960981577,0.3177245606,0,-1.221085051,4.403381259,-3.183076018
53.38,-64.9972456,0.05294848685,0.5960980714,0.3177245506,0,-1.221088276,4.403383559,-3.18307368
53.39,-64.99723782,0.05294853713,0.5960979848,0.3177245407,0,-1.221091495,4.403385868,-3.183071347
53.4,-64.99723006,0.05294858734,0.596097898,0.3177245312,0,-1.221094708,4.403388184,-3.183069018
53.41,-64.99722231,0.05294863748,0.5960978109,0.3177245218,0,-1.221097916,4.403390508,-3.183066694
53.42,-64.99721458,0.05294868754,0.5960977237,0.3177245127,0,-1.221101119,4.40339284,-3.183064374
53.43,-64.99720686,0.05294873753,0.5960976362,0.3177245038,0,-1.221104316,4.403395179,-3.183062058
53.44,-64.99719916,0.05294878744,0.5960975486,0.3177244951,0,-1.221107508,4.403397526,-3.183059747
53.45,-64.99719147,0.05294883727,0.5960974607,0.3177244867,0,-1.221110694,4.403399881,-3.18305744
53.46,-64.99718379,0.05294888703,0.5960973726,0.3177244785,0,-1.221113875,4.403402242,-3.183055137
53.47,-64.99717613,0.05294893671,0.5960972843,0.3177244706,0,-1.221117049,4.403404612,-3.183052839
53.48,-64.99716848,0.0529489863,0.5960971957,0.3177244629,0,-1.221120219,4.403406988,-3.183050545
53.49,-64.99716085,0.05294903583,0.596097107,0.3177244553,0,-1.221123382,4.403409371,-3.183048256
53.5,-64.99715324,0.05294908527,0.5960970181,0.3177244481,0,-1.221126539,4.403411762,-3.183045972
53.51,-64.99714564,0.05294913463,0.5960969289,0.317724441,0,-1.221129691,4.403414159,-3.183043692
53.52,-64.99713806,0.0529491839,0.5960968396,0.3177244342,0,-1.221132837,4.403416563,-3.183041417
53.53,-64.99713049,0.0529492331,0.59609675,0.3177244276,0,-1.221135977,4.403418975,-3.183039146
53.54,-64.99712293,0.05294928222,0.5960966603,0.3177244212,0,-1.221139111,4.403421393,-3.18303688
53.55,-64.99711539,0.05294933125,0.5960965703,0.3177244151,0,-1.221142239,4.403423817,-3.183034618
53.56,-64.99710787,0.0529493802,0.5960964801,0.3177244092,0,-1.221145361,4.403426248,-3.183032361
53.57,-64.99710036,0.05294942906,0.5960963897,0.3177244035,0,-1.221148477,4.403428686,-3.183030109
53.58,-64.99709287,0.05294947784,0.5960962992,0.317724398,0,-1.221151587,4.40343113,-3.183027862
53.59,-64.9970854,0.05294952653,0.5960962084,0.3177243927,0,-1.22115469,4.403433581,-3.183025619
53.6,-64.99707794,0.05294957514,0.5960961174,0.3177243877,0,-1.221157788,4.403436038,-3.183023382
53.61,-64.9970705,0.05294962366,0.5960960262,0.3177243828,0,-1.221160879,4.403438501,-3.183021149
53.62,-64.99706307,0.0529496721,0.5960959349,0.3177243782,0,-1.221163964,4.40344097,-3.18301892
53.63,-64.99705566,0.05294972045,0.5960958433,0.3177243738,0,-1.221167043,4.403443445,-3.183016697
53.64,-64.99704826,0.0529497687,0.5960957515,0.3177243697,0,-1.221170116,4.403445927,-3.183014479
53.65,-64.99704088,0.05294981688,0.5960956596,0.3177243657,0,-1.221173182,4.403448414,-3.183012265
53.66,-64.99703352,0.05294986496,0.5960955674,0.3177243619,0,-1.221176241,4.403450907,-3.183010057
53.67,-64.99702618,0.05294991295,0.5960954751,0.3177243584,0,-1.221179295,4.403453406,-3.183007853
53.68,-64.99701885,0.05294996085,0.5960953825,0.3177243551,0,-1.221182342,4.403455911,-3.183005654
53.69,-64.99701153,0.05295000866,0.5960952898,0.317724352,0,-1.221185382,4.403458421,-3.18300346
53.7,-64.99700424,0.05295005638,0.5960951969,0.3177243491,0,-1.221188416,4.403460937,-3.183001272
53.71,-64.99699696,0.05295010401,0.5960951037,0.3177243464,0,-1.221191443,4.403463458,-3.182999088
53.72,-64.9969897,0.05295015154,0.5960950104,0.3177243439,0,-1.221194463,4.403465985,-3.182996909
53.73,-64.99698245,0.05295019898,0.5960949169,0.3177243416,0,-1.221197477,4.403468517,-3.182994736
53.74,-64.99697522,0.05295024633,0.5960948233,0.3177243396,0,-1.221200485,4.403471054,-3.182992567
53.75,-64.99696801,0.05295029359,0.5960947294,0.3177243377,0,-1.221203485,4.403473596,-3.182990404
53.76,-64.99696082,0.05295034074,0.5960946353,0.317724336,0,-1.221206479,4.403476144,-3.182988245
53.77,-64.99695364,0.05295038781,0.5960945411,0.3177243346,0,-1.221209466,4.403478696,-3.182986092
53.78,-64.99694648,0.05295043478,0.5960944467,0.3177243334,0,-1.221212447,4.403481254,-3.182983944
53.79,-64.99693934,0.05295048165,0.5960943521,0.3177243323,0,-1.22121542,4.403483817,-3.182981801
53.8,-64.99693221,0.05295052843,0.5960942573,0.3177243315,0,-1.221218387,4.403486384,-3.182979664
53.81,-64.9969251,0.05295057511,0.5960941623,0.3177243308,0,-1.221221347,4.403488956,-3.182977531
53.82,-64.99691801,0.05295062169,0.5960940672,0.3177243304,0,-1.221224299,4.403491533,-3.182975404
53.83,-64.99691094,0.05295066817,0.5960939718,0.3177243301,0,-1.221227245,4.403494114,-3.182973282
53.84,-64.99690389,0.05295071456,0.5960938763,0.3177243301,0,-1.221230184,4.4034967,-3.182971166
53.85,-64.99689685,0.05295076085,0.5960937806,0.3177243303,0,-1.221233116,4.403499291,-3.182969054
53.86,-64.99688983,0.05295080703,0.5960936848,0.3177243306,0,-1.221236041,4.403501886,-3.182966948
53.87,-64.99688283,0.05295085312,0.5960935888,0.3177243312,0,-1.221238958,4.403504485,-3.182964848
53.88,-64.99687584,0.05295089911,0.5960934926,0.3177243319,0,-1.221241869,4.403507088,-3.182962752
53.89,-64.99686888,0.05295094499,0.5960933962,0.3177243328,0,-1.221244772,4.403509696,-3.182960663
53.9,-64.99686193,0.05295099078,0.5960932996,0.317724334,0,-1.221247669,4.403512308,-3.182958578
53.91,-64.996855,0.05295103646,0.5960932029,0.3177243353,0,-1.221250558,4.403514924,-3.182956499
53.92,-64.99684808,0.05295108204,0.596093106,0.3177243368,0,-1.22125344,4.403517544,-3.182954425
53.93,-64.99684119,0.05295112752,0.5960930089,0.3177243385,0,-1.221256314,4.403520167,-3.182952357
53.94,-64.99683431,0.05295117289,0.5960929117,0.3177243404,0,-1.221259182,4.403522795,-3.182950294
53.95,-64.99682746,0.05295121817,0.5960928143,0.3177243425,0,-1.221262042,4.403525426,-3.182948237
53.96,-64.99682062,0.05295126333,0.5960927167,0.3177243448,0,-1.221264894,4.403528062,-3.182946185
53.97,-64.9968138,0.0529513084,0.596092619,0.3177243472,0,-1.22126774,4.4035307,-3.182944139
53.98,-64.99680699,0.05295135335,0.5960925211,0.3177243499,0,-1.221270577,4.403533343,-3.182942098
53.99,-64.99680021,0.05295139821,0.596092423,0.3177243527,0,-1.221273408,4.403535989,-3.182940063
54,-64.99679344,0.05295144295,0.5960923248,0.3177243557,0,-1.221276231,4.403538638,-3.182938033
54.01,-64.9967867,0.05295148759,0.5960922264,0.3177243589,0,-1.221279047,4.403541291,-3.182936009
54.02,-64.99677997,0.05295153213,0.5960921279,0.3177243623,0,-1.221281855,4.403543947,-3.182933991
54.03,-64.99677326,0.05295157656,0.5960920292,0.3177243659,0,-1.221284655,4.403546606,-3.182931978
54.04,-64.99676657,0.05295162088,0.5960919303,0.3177243696,0,-1.221287448,4.403549269,-3.18292997
54.05,-64.9967599,0.05295166509,0.5960918313,0.3177243736,0,-1.221290234,4.403551934,-3.182927969
54.06,-64.99675324,0.05295170919,0.5960917321,0.3177243777,0,-1.221293011,4.403554603,-3.182925973
54.07,-64.99674661,0.05295175319,0.5960916327,0.317724382,0,-1.221295782,4.403557275,-3.182923983
54.08,-64.99673999,0.05295179708,0.5960915332,0.3177243864,0,-1.221298544,4.403559949,-3.182921998
54.09,-64.9967334,0.05295184085,0.5960914336,0.3177243911,0,-1.221301299,4.403562626,-3.182920019
54.1,-64.99672682,0.05295188452,0.5960913338,0.3177243959,0,-1.221304046,4.403565307,-3.182918046
54.11,-64.99672026,0.05295192808,0.5960912338,0.3177244009,0,-1.221306786,4.40356799,-3.182916078
54.12,-64.99671372,0.05295197152,0.5960911337,0.3177244061,0,-1.221309517,4.403570675,-3.182914116
54.13,-64.9967072,0.05295201486,0.5960910335,0.3177244114,0,-1.221312241,4.403573363,-3.18291216
54.14,-64.9967007,0.05295205809,0.5960909331,0.3177244169,0,-1.221314957,4.403576054,-3.18291021
54.15,-64.99669422,0.0529521012,0.5960908325,0.3177244226,0,-1.221317666,4.403578747,-3.182908266
54.16,-64.99668776,0.0529521442,0.5960907318,0.3177244285,0,-1.221320366,4.403581443,-3.182906327
54.17,-64.99668131,0.05295218709,0.5960906309,0.3177244345,0,-1.221323059,4.403584141,-3.182904394
54.18,-64.99667489,0.05295222987,0.5960905299,0.3177244407,0,-1.221325743,4.403586841,-3.182902467
54.19,-64.99666849,0.05295227253,0.5960904288,0.3177244471,0,-1.22132842,4.403589543,-3.182900546
54.2,-64.9966621,0.05295231508,0.5960903275,0.3177244536,0,-1.221331089,4.403592248,-3.182898631
54.21,-64.99665574,0.05295235751,0.5960902261,0.3177244603,0,-1.22133375,4.403594954,-3.182896721
54.22,-64.99664939,0.05295239984,0.5960901245,0.3177244672,0,-1.221336403,4.403597663,-3.182894818
54.23,-64.99664307,0.05295244204,0.5960900228,0.3177244742,0,-1.221339048,4.403600374,-3.18289292
54.24,-64.99663676,0.05295248414,0.596089921,0.3177244814,0,-1.221341685,4.403603086,-3.182891028
54.25,-64.99663047,0.05295252611,0.596089819,0.3177244887,0,-1.221344314,4.4036058,-3.182889142
54.26,-64.99662421,0.05295256798,0.5960897168,0.3177244963,0,-1.221346935,4.403608516,-3.182887262
54.27,-64.99661796,0.05295260972,0.5960896146,0.317724504,0,-1.221349547,4.403611234,-3.182885388
54.28,-64.99661173,0.05295265135,0.5960895122,0.3177245118,0,-1.221352152,4.403613954,-3.18288352
54.29,-64.99660553,0.05295269287,0.5960894096,0.3177245198,0,-1.221354749,4.403616675,-3.182881658
54.3,-64.99659934,0.05295273427,0.596089307,0.317724528,0,-1.221357337,4.403619397,-3.182879802
54.31,-64.99659317,0.05295277555,0.5960892042,0.3177245363,0,-1.221359917,4.403622121,-3.182877951
54.32,-64.99658702,0.05295281671,0.5960891012,0.3177245448,0,-1.221362489,4.403624847,-3.182876107
54.33,-64.9965809,0.05295285775,0.5960889982,0.3177245534,0,-1.221365053,4.403627574,-3.182874269
54.34,-64.99657479,0.05295289868,0.596088895,0.3177245622,0,-1.221367609,4.403630302,-3.182872437
54.35,-64.9965687,0.05295293949,0.5960887917,0.3177245712,0,-1.221370156,4.403633031,-3.18287061
54.36,-64.99656263,0.05295298018,0.5960886882,0.3177245803,0,-1.221372696,4.403635762,-3.18286879
54.37,-64.99655659,0.05295302075,0.5960885846,0.3177245895,0,-1.221375227,4.403638493,-3.182866976
54.38,-64.99655056,0.05295306121,0.5960884809,0.3177245989,0,-1.221377749,4.403641226,-3.182865168
54.39,-64.99654455,0.05295310154,0.5960883771,0.3177246085,0,-1.221380264,4.40364396,-3.182863366
54.4,-64.99653857,0.05295314175,0.5960882731,0.3177246182,0,-1.22138277,4.403646694,-3.18286157
54.41,-64.9965326,0.05295318185,0.596088169,0.3177246281,0,-1.221385267,4.40364943,-3.18285978
54.42,-64.99652665,0.05295322182,0.5960880648,0.3177246381,0,-1.221387757,4.403652166,-3.182857996
54.43,-64.99652073,0.05295326167,0.5960879605,0.3177246482,0,-1.221390238,4.403654903,-3.182856219
54.44,-64.99651482,0.05295330141,0.5960878561,0.3177246585,0,-1.22139271,4.403657641,-3.182854447
54.45,-64.99650894,0.05295334102,0.5960877515,0.317724669,0,-1.221395174,4.403660379,-3.182852681
54.46,-64.99650307,0.05295338051,0.5960876468,0.3177246796,0,-1.22139763,4.403663118,-3.182850922
54.47,-64.99649723,0.05295341988,0.596087542,0.3177246903,0,-1.221400078,4.403665858,-3.182849169
54.48,-64.99649141,0.05295345912,0.5960874371,0.3177247012,0,-1.221402517,4.403668598,-3.182847422
54.49,-64.9964856,0.05295349825,0.5960873321,0.3177247122,0,-1.221404947,4.403671338,-3.182845681
54.5,-64.99647982,0.05295353725,0.5960872269,0.3177247234,0,-1.221407369,4.403674079,-3.182843946
54.51,-64.99647406,0.05295357613,0.5960871217,0.3177247347,0,-1.221409782,4.40367682,-3.182842217
54.52,-64.99646832,0.05295361489,0.5960870163,0.3177247462,0,-1.221412187,4.403679561,-3.182840495
54.53,-64.9964626,0.05295365352,0.5960869108,0.3177247578,0,-1.221414584,4.403682303,-3.182838779
54.54,-64.9964569,0.05295369203,0.5960868052,0.3177247695,0,-1.221416972,4.403685045,-3.182837069
54.55,-64.99645122,0.05295373042,0.5960866995,0.3177247814,0,-1.221419351,4.403687786,-3.182835365
54.56,-64.99644556,0.05295376868,0.5960865937,0.3177247934,0,-1.221421722,4.403690528,-3.182833667
54.57,-64.99643992,0.05295380682,0.5960864878,0.3177248055,0,-1.221424084,4.40369327,-3.182831976
54.58,-64.9964343,0.05295384484,0.5960863818,0.3177248178,0,-1.221426438,4.403696012,-3.18283029
54.59,-64.9964287,0.05295388273,0.5960862756,0.3177248302,0,-1.221428783,4.403698753,-3.182828611
54.6,-64.99642313,0.0529539205,0.5960861694,0.3177248428,0,-1.221431119,4.403701494,-3.182826938
54.61,-64.99641757,0.05295395814,0.5960860631,0.3177248554,0,-1.221433447,4.403704236,-3.182825272
54.62,-64.99641204,0.05295399566,0.5960859566,0.3177248683,0,-1.221435767,4.403706976,-3.182823612
54.63,-64.99640652,0.05295403305,0.5960858501,0.3177248812,0,-1.221438077,4.403709717,-3.182821957
54.64,-64.99640103,0.05295407031,0.5960857434,0.3177248943,0,-1.221440379,4.403712457,-3.18282031
54.65,-64.99639556,0.05295410745,0.5960856367,0.3177249075,0,-1.221442672,4.403715196,-3.182818668
54.66,-64.99639011,0.05295414447,0.5960855298,0.3177249208,0,-1.221444957,4.403717936,-3.182817033
54.67,-64.99638468,0.05295418136,0.5960854229,0.3177249343,0,-1.221447232,4.403720674,-3.182815404
54.68,-64.99637927,0.05295421812,0.5960853159,0.3177249479,0,-1.2214495,4.403723412,-3.182813781
54.69,-64.99637388,0.05295425476,0.5960852087,0.3177249616,0,-1.221451758,4.403726149,-3.182812165
54.7,-64.99636851,0.05295429127,0.5960851015,0.3177249754,0,-1.221454008,4.403728886,-3.182810554
54.71,-64.99636317,0.05295432765,0.5960849942,0.3177249894,0,-1.221456249,4.403731621,-3.18280895
54.72,-64.99635784,0.0529543639,0.5960848868,0.3177250035,0,-1.221458481,4.403734356,-3.182807353
54.73,-64.99635254,0.05295440003,0.5960847792,0.3177250177,0,-1.221460704,4.40373709,-3.182805762
54.74,-64.99634726,0.05295443604,0.5960846716,0.317725032,0,-1.221462919,4.403739824,-3.182804177
54.75,-64.99634199,0.05295447191,0.596084564,0.3177250465,0,-1.221465125,4.403742556,-3.182802598
54.76,-64.99633675,0.05295450766,0.5960844562,0.3177250611,0,-1.221467322,4.403745287,-3.182801026
54.77,-64.99633153,0.05295454328,0.5960843483,0.3177250758,0,-1.22146951,4.403748017,-3.18279946
54.78,-64.99632633,0.05295457877,0.5960842403,0.3177250906,0,-1.22147169,4.403750746,-3.1827979
54.79,-64.99632116,0.05295461413,0.5960841323,0.3177251055,0,-1.22147386,4.403753474,-3.182796347
54.8,-64.996316,0.05295464936,0.5960840242,0.3177251206,0,-1.221476022,4.4037562,-3.1827948
54.81,-64.99631086,0.05295468447,0.596083916,0.3177251358,0,-1.221478175,4.403758925,-3.182793259
54.82,-64.99630575,0.05295471945,0.5960838077,0.3177251511,0,-1.22148032,4.403761649,-3.182791724
54.83,-64.99630065,0.0529547543,0.5960836993,0.3177251665,0,-1.221482455,4.403764372,-3.182790196
54.84,-64.99629558,0.05295478902,0.5960835908,0.317725182,0,-1.221484581,4.403767093,-3.182788675
54.85,-64.99629053,0.05295482361,0.5960834823,0.3177251976,0,-1.221486699,4.403769813,-3.182787159
54.86,-64.9962855,0.05295485807,0.5960833737,0.3177252133,0,-1.221488808,4.403772531,-3.182785651
54.87,-64.99628049,0.05295489241,0.596083265,0.3177252292,0,-1.221490908,4.403775248,-3.182784148
54.88,-64.99627551,0.05295492661,0.5960831562,0.3177252452,0,-1.221492999,4.403777963,-3.182782652
54.89,-64.99627054,0.05295496068,0.5960830474,0.3177252612,0,-1.221495081,4.403780676,-3.182781162
54.9,-64.99626559,0.05295499463,0.5960829384,0.3177252774,0,-1.221497154,4.403783387,-3.182779678
54.91,-64.99626067,0.05295502844,0.5960828294,0.3177252937,0,-1.221499219,4.403786097,-3.182778201
54.92,-64.99625577,0.05295506213,0.5960827203,0.3177253101,0,-1.221501274,4.403788805,-3.18277673
54.93,-64.99625089,0.05295509568,0.5960826112,0.3177253266,0,-1.221503321,4.403791512,-3.182775266
54.94,-64.99624603,0.05295512911,0.596082502,0.3177253433,0,-1.221505358,4.403794216,-3.182773808
54.95,-64.99624119,0.05295516241,0.5960823927,0.31772536,0,-1.221507387,4.403796918,-3.182772356
54.96,-64.99623637,0.05295519557,0.5960822833,0.3177253768,0,-1.221509407,4.403799619,-3.182770911
54.97,-64.99623157,0.0529552286,0.5960821739,0.3177253937,0,-1.221511417,4.403802317,-3.182769472
54.98,-64.9962268,0.05295526151,0.5960820644,0.3177254108,0,-1.221513419,4.403805013,-3.182768039
54.99,-64.99622204,0.05295529428,0.5960819548,0.3177254279,0,-1.221515412,4.403807708,-3.182766613
55,-64.99621731,0.05295532693,0.5960818452,0.3177254452,0,-1.221517396,4.4038104,-3.182765194
55.01,-64.9962126,0.05295535944,0.5960817355,0.3177254625,0,-1.221519371,4.403813089,-3.18276378
55.02,-64.99620791,0.05295539182,0.5960816257,0.3177254799,0,-1.221521337,4.403815777,-3.182762373
55.03,-64.99620324,0.05295542407,0.5960815159,0.3177254975,0,-1.221523294,4.403818462,-3.182760973
55.04,-64.99619859,0.05295545619,0.596081406,0.3177255151,0,-1.221525243,4.403821145,-3.182759578
55.05,-64.99619397,0.05295548818,0.5960812961,0.3177255329,0,-1.221527182,4.403823826,-3.182758191
55.06,-64.99618936,0.05295552004,0.5960811861,0.3177255507,0,-1.221529112,4.403826504,-3.182756809
55.07,-64.99618478,0.05295555176,0.596081076,0.3177255686,0,-1.221531033,4.403829179,-3.182755434
55.08,-64.99618022,0.05295558336,0.5960809659,0.3177255866,0,-1.221532946,4.403831852,-3.182754065
55.09,-64.99617568,0.05295561482,0.5960808557,0.3177256048,0,-1.221534849,4.403834523,-3.182752703
55.1,-64.99617116,0.05295564615,0.5960807455,0.317725623,0,-1.221536743,4.403837191,-3.182751347
55.11,-64.99616666,0.05295567735,0.5960806352,0.3177256413,0,-1.221538628,4.403839856,-3.182749998
55.12,-64.99616218,0.05295570842,0.5960805248,0.3177256597,0,-1.221540505,4.403842519,-3.182748655
55.13,-64.99615773,0.05295573936,0.5960804144,0.3177256782,0,-1.221542372,4.403845178,-3.182747318
55.14,-64.99615329,0.05295577017,0.5960803039,0.3177256968,0,-1.221544231,4.403847835,-3.182745988
55.15,-64.99614888,0.05295580084,0.5960801934,0.3177257154,0,-1.22154608,4.40385049,-3.182744664
55.16,-64.99614449,0.05295583138,0.5960800829,0.3177257342,0,-1.22154792,4.403853141,-3.182743346
55.17,-64.99614012,0.05295586179,0.5960799723,0.317725753,0,-1.221549752,4.40385579,-3.182742035
55.18,-64.99613577,0.05295589207,0.5960798616,0.317725772,0,-1.221551574,4.403858435,-3.18274073
55.19,-64.99613144,0.05295592222,0.5960797509,0.317725791,0,-1.221553387,4.403861078,-3.182739432
55.2,-64.99612713,0.05295595223,0.5960796401,0.3177258101,0,-1.221555192,4.403863717,-3.18273814
55.21,-64.99612285,0.05295598212,0.5960795293,0.3177258293,0,-1.221556987,4.403866354,-3.182736854
55.22,-64.99611858,0.05295601187,0.5960794185,0.3177258486,0,-1.221558773,4.403868987,-3.182735575
55.23,-64.99611434,0.05295604149,0.5960793076,0.3177258679,0,-1.221560551,4.403871617,-3.182734302
55.24,-64.99611012,0.05295607097,0.5960791967,0.3177258874,0,-1.221562319,4.403874245,-3.182733035
55.25,-64.99610592,0.05295610033,0.5960790857,0.3177259069,0,-1.221564079,4.403876868,-3.182731775
55.26,-64.99610174,0.05295612955,0.5960789747,0.3177259265,0,-1.221565829,4.403879489,-3.182730521
55.27,-64.99609758,0.05295615864,0.5960788636,0.3177259462,0,-1.22156757,4.403882106,-3.182729274
55.28,-64.99609344,0.0529561876,0.5960787525,0.317725966,0,-1.221569303,4.40388472,-3.182728033
55.29,-64.99608933,0.05295621643,0.5960786414,0.3177259859,0,-1.221571026,4.403887331,-3.182726798
55.3,-64.99608523,0.05295624512,0.5960785302,0.3177260058,0,-1.22157274,4.403889938,-3.18272557
55.31,-64.99608116,0.05295627368,0.596078419,0.3177260258,0,-1.221574446,4.403892542,-3.182724348
55.32,-64.99607711,0.05295630211,0.5960783077,0.3177260459,0,-1.221576142,4.403895142,-3.182723132
55.33,-64.99607308,0.05295633041,0.5960781964,0.3177260661,0,-1.22157783,4.403897739,-3.182721923
55.34,-64.99606907,0.05295635857,0.5960780851,0.3177260863,0,-1.221579508,4.403900332,-3.18272072
55.35,-64.99606508,0.05295638661,0.5960779738,0.3177261066,0,-1.221581177,4.403902921,-3.182719524
55.36,-64.99606111,0.05295641451,0.5960778624,0.317726127,0,-1.221582838,4.403905507,-3.182718334
55.37,-64.99605717,0.05295644228,0.596077751,0.3177261475,0,-1.221584489,4.40390809,-3.18271715
55.38,-64.99605324,0.05295646991,0.5960776395,0.317726168,0,-1.221586132,4.403910668,-3.182715972
55.39,-64.99604934,0.05295649742,0.596077528,0.3177261886,0,-1.221587765,4.403913243,-3.182714801
55.4,-64.99604545,0.05295652479,0.5960774165,0.3177262093,0,-1.22158939,4.403915814,-3.182713636
55.41,-64.99604159,0.05295655203,0.596077305,0.31772623,0,-1.221591005,4.403918381,-3.182712478
55.42,-64.99603775,0.05295657914,0.5960771934,0.3177262509,0,-1.221592612,4.403920944,-3.182711326
55.43,-64.99603393,0.05295660611,0.5960770818,0.3177262717,0,-1.221594209,4.403923504,-3.18271018
55.44,-64.99603013,0.05295663296,0.5960769702,0.3177262927,0,-1.221595798,4.403926059,-3.18270904
55.45,-64.99602636,0.05295665967,0.5960768586,0.3177263137,0,-1.221597377,4.403928611,-3.182707907
55.46,-64.9960226,0.05295668625,0.5960767469,0.3177263348,0,-1.221598948,4.403931158,-3.18270678
55.47,-64.99601887,0.0529567127,0.5960766352,0.317726356,0,-1.22160051,4.403933702,-3.18270566
55.48,-64.99601515,0.05295673901,0.5960765235,0.3177263772,0,-1.221602062,4.403936241,-3.182704546
55.49,-64.99601146,0.05295676519,0.5960764118,0.3177263985,0,-1.221603606,4.403938777,-3.182703438
55.5,-64.99600779,0.05295679125,0.5960763,0.3177264199,0,-1.221605141,4.403941308,-3.182702336
55.51,-64.99600414,0.05295681717,0.5960761883,0.3177264413,0,-1.221606667,4.403943835,-3.182701241
55.52,-64.99600051,0.05295684295,0.5960760765,0.3177264628,0,-1.221608184,4.403946358,-3.182700152
55.53,-64.9959969,0.05295686861,0.5960759647,0.3177264843,0,-1.221609692,4.403948876,-3.182699069
55.54,-64.99599331,0.05295689413,0.5960758529,0.3177265059,0,-1.221611191,4.403951391,-3.182697992
55.55,-64.99598974,0.05295691953,0.596075741,0.3177265276,0,-1.221612681,4.403953901,-3.182696922
55.56,-64.99598619,0.05295694479,0.5960756292,0.3177265493,0,-1.221614163,4.403956407,-3.182695858
55.57,-64.99598267,0.05295696992,0.5960755173,0.3177265711,0,-1.221615635,4.403958908,-3.1826948
55.58,-64.99597916,0.05295699492,0.5960754054,0.3177265929,0,-1.221617098,4.403961405,-3.182693749
55.59,-64.99597568,0.05295701978,0.5960752935,0.3177266148,0,-1.221618553,4.403963898,-3.182692704
55.6,-64.99597222,0.05295704452,0.5960751816,0.3177266368,0,-1.221619999,4.403966386,-3.182691665
55.61,-64.99596877,0.05295706912,0.5960750697,0.3177266588,0,-1.221621435,4.403968869,-3.182690632
55.62,-64.99596535,0.05295709359,0.5960749578,0.3177266809,0,-1.221622863,4.403971348,-3.182689606
55.63,-64.99596195,0.05295711793,0.5960748459,0.317726703,0,-1.221624282,4.403973823,-3.182688585
55.64,-64.99595857,0.05295714214,0.5960747339,0.3177267252,0,-1.221625692,4.403976293,-3.182687571
55.65,-64.99595521,0.05295716622,0.596074622,0.3177267474,0,-1.221627094,4.403978758,-3.182686563
55.66,-64.99595187,0.05295719017,0.5960745101,0.3177267697,0,-1.221628486,4.403981219,-3.182685562
55.67,-64.99594855,0.05295721399,0.5960743981,0.3177267921,0,-1.22162987,4.403983675,-3.182684566
55.68,-64.99594526,0.05295723767,0.5960742861,0.3177268145,0,-1.221631244,4.403986126,-3.182683577
55.69,-64.99594198,0.05295726123,0.5960741742,0.3177268369,0,-1.22163261,4.403988573,-3.182682594
55.7,-64.99593873,0.05295728465,0.5960740622,0.3177268594,0,-1.221633967,4.403991014,-3.182681618
55.71,-64.99593549,0.05295730795,0.5960739502,0.3177268819,0,-1.221635315,4.403993451,-3.182680647
55.72,-64.99593227,0.05295733111,0.5960738383,0.3177269045,0,-1.221636655,4.403995884,-3.182679682
55.73,-64.99592908,0.05295735414,0.5960737263,0.3177269272,0,-1.221637985,4.403998311,-3.182678724
55.74,-64.99592591,0.05295737705,0.5960736143,0.3177269499,0,-1.221639307,4.404000733,-3.182677772
55.75,-64.99592275,0.05295739982,0.5960735024,0.3177269726,0,-1.22164062,4.404003151,-3.182676826
55.76,-64.99591962,0.05295742246,0.5960733904,0.3177269954,0,-1.221641924,4.404005564,-3.182675886
55.77,-64.99591651,0.05295744497,0.5960732784,0.3177270182,0,-1.22164322,4.404007971,-3.182674953
55.78,-64.99591342,0.05295746736,0.5960731665,0.3177270411,0,-1.221644506,4.404010374,-3.182674025
55.79,-64.99591035,0.05295748961,0.5960730545,0.317727064,0,-1.221645784,4.404012771,-3.182673104
55.8,-64.99590729,0.05295751173,0.5960729426,0.317727087,0,-1.221647053,4.404015164,-3.182672188
55.81,-64.99590426,0.05295753372,0.5960728306,0.31772711,0,-1.221648314,4.404017552,-3.182671279
55.82,-64.99590125,0.05295755559,0.5960727187,0.317727133,0,-1.221649565,4.404019934,-3.182670376
55.83,-64.99589826,0.05295757732,0.5960726068,0.3177271561,0,-1.221650808,4.404022311,-3.182669479
55.84,-64.99589529,0.05295759892,0.5960724949,0.3177271793,0,-1.221652043,4.404024683,-3.182668588
55.85,-64.99589234,0.0529576204,0.596072383,0.3177272024,0,-1.221653268,4.40402705,-3.182667703
55.86,-64.99588942,0.05295764174,0.5960722711,0.3177272257,0,-1.221654485,4.404029412,-3.182666825
55.87,-64.99588651,0.05295766296,0.5960721592,0.3177272489,0,-1.221655693,4.404031768,-3.182665952
55.88,-64.99588362,0.05295768405,0.5960720473,0.3177272722,0,-1.221656892,4.40403412,-3.182665085
55.89,-64.99588075,0.05295770501,0.5960719355,0.3177272955,0,-1.221658083,4.404036466,-3.182664225
55.9,-64.9958779,0.05295772584,0.5960718236,0.3177273189,0,-1.221659265,4.404038806,-3.18266337
55.91,-64.99587507,0.05295774654,0.5960717118,0.3177273423,0,-1.221660439,4.404041142,-3.182662522
55.92,-64.99587226,0.05295776711,0.5960716,0.3177273658,0,-1.221661604,4.404043472,-3.182661679
55.93,-64.99586948,0.05295778756,0.5960714882,0.3177273892,0,-1.22166276,4.404045796,-3.182660843
55.94,-64.99586671,0.05295780788,0.5960713764,0.3177274127,0,-1.221663907,4.404048115,-3.182660013
55.95,-64.99586396,0.05295782806,0.5960712646,0.3177274363,0,-1.221665046,4.404050429,-3.182659188
55.96,-64.99586123,0.05295784813,0.5960711529,0.3177274599,0,-1.221666177,4.404052737,-3.18265837
55.97,-64.99585852,0.05295786806,0.5960710412,0.3177274835,0,-1.221667298,4.40405504,-3.182657557
55.98,-64.99585584,0.05295788786,0.5960709295,0.3177275071,0,-1.221668411,4.404057337,-3.182656751
55.99,-64.99585317,0.05295790754,0.5960708178,0.3177275308,0,-1.221669516,4.404059629,-3.18265595
56,-64.99585052,0.05295792709,0.5960707061,0.3177275545,0,-1.221670612,4.404061915,-3.182655156
56.01,-64.99584789,0.05295794652,0.5960705945,0.3177275783,0,-1.2216717,4.404064196,-3.182654367
56.02,-64.99584528,0.05295796581,0.5960704829,0.317727602,0,-1.221672779,4.404066471,-3.182653585
56.03,-64.99584269,0.05295798498,0.5960703713,0.3177276258,0,-1.221673849,4.40406874,-3.182652808
56.04,-64.99584012,0.05295800403,0.5960702597,0.3177276496,0,-1.221674911,4.404071004,-3.182652037
56.05,-64.99583757,0.05295802294,0.5960701482,0.3177276735,0,-1.221675964,4.404073262,-3.182651272
56.06,-64.99583504,0.05295804173,0.5960700367,0.3177276974,0,-1.221677009,4.404075514,-3.182650513
56.07,-64.99583253,0.0529580604,0.5960699252,0.3177277213,0,-1.221678046,4.404077761,-3.18264976
56.08,-64.99583004,0.05295807893,0.5960698137,0.3177277452,0,-1.221679074,4.404080002,-3.182649013
56.09,-64.99582757,0.05295809734,0.5960697023,0.3177277692,0,-1.221680093,4.404082237,-3.182648272
56.1,-64.99582512,0.05295811563,0.5960695909,0.3177277932,0,-1.221681104,4.404084466,-3.182647536
56.11,-64.99582269,0.05295813379,0.5960694795,0.3177278172,0,-1.221682107,4.40408669,-3.182646807
56.12,-64.99582028,0.05295815182,0.5960693682,0.3177278412,0,-1.221683101,4.404088908,-3.182646083
56.13,-64.99581788,0.05295816973,0.5960692569,0.3177278653,0,-1.221684087,4.40409112,-3.182645365
56.14,-64.99581551,0.05295818752,0.5960691456,0.3177278894,0,-1.221685065,4.404093326,-3.182644653
56.15,-64.99581316,0.05295820517,0.5960690344,0.3177279135,0,-1.221686034,4.404095526,-3.182643947
56.16,-64.99581082,0.05295822271,0.5960689232,0.3177279376,0,-1.221686995,4.40409772,-3.182643246
56.17,-64.99580851,0.05295824012,0.596068812,0.3177279618,0,-1.221687947,4.404099908,-3.182642552
56.18,-64.99580621,0.0529582574,0.5960687009,0.3177279859,0,-1.221688891,4.404102091,-3.182641863
56.19,-64.99580393,0.05295827456,0.5960685898,0.3177280101,0,-1.221689827,4.404104267,-3.18264118
56.2,-64.99580167,0.0529582916,0.5960684787,0.3177280343,0,-1.221690754,4.404106438,-3.182640502
56.21,-64.99579944,0.05295830851,0.5960683677,0.3177280585,0,-1.221691673,4.404108602,-3.182639831
56.22,-64.99579722,0.0529583253,0.5960682567,0.3177280828,0,-1.221692584,4.404110761,-3.182639165
56.23,-64.99579502,0.05295834196,0.5960681458,0.317728107,0,-1.221693487,4.404112913,-3.182638505
56.24,-64.99579283,0.0529583585,0.5960680349,0.3177281313,0,-1.221694381,4.40411506,-3.18263785
56.25,-64.99579067,0.05295837492,0.596067924,0.3177281556,0,-1.221695267,4.4041172,-3.182637202
56.26,-64.99578853,0.05295839122,0.5960678132,0.3177281799,0,-1.221696145,4.404119334,-3.182636559
56.27,-64.9957864,0.05295840739,0.5960677024,0.3177282043,0,-1.221697014,4.404121462,-3.182635921
56.28,-64.9957843,0.05295842344,0.5960675917,0.3177282286,0,-1.221697876,4.404123584,-3.18263529
56.29,-64.99578221,0.05295843936,0.596067481,0.3177282529,0,-1.221698729,4.4041257,-3.182634664
56.3,-64.99578015,0.05295845517,0.5960673704,0.3177282773,0,-1.221699574,4.40412781,-3.182634044
56.31,-64.9957781,0.05295847085,0.5960672598,0.3177283017,0,-1.221700411,4.404129913,-3.182633429
56.32,-64.99577607,0.05295848641,0.5960671492,0.3177283261,0,-1.221701239,4.40413201,-3.18263282
56.33,-64.99577406,0.05295850185,0.5960670387,0.3177283505,0,-1.22170206,4.404134102,-3.182632217
56.34,-64.99577206,0.05295851717,0.5960669282,0.3177283749,0,-1.221702872,4.404136186,-3.182631619
56.35,-64.99577009,0.05295853236,0.5960668178,0.3177283993,0,-1.221703677,4.404138265,-3.182631027
56.36,-64.99576813,0.05295854744,0.5960667075,0.3177284238,0,-1.221704473,4.404140337,-3.18263044
56.37,-64.9957662,0.05295856239,0.5960665972,0.3177284482,0,-1.221705261,4.404142403,-3.182629859
56.38,-64.99576428,0.05295857722,0.5960664869,0.3177284727,0,-1.221706041,4.404144463,-3.182629284
56.39,-64.99576238,0.05295859193,0.5960663767,0.3177284972,0,-1.221706814,4.404146517,-3.182628714
56.4,-64.9957605,0.05295860652,0.5960662665,0.3177285216,0,-1.221707578,4.404148564,-3.18262815
56.41,-64.99575864,0.052958621,0.5960661564,0.3177285461,0,-1.221708334,4.404150604,-3.182627591
56.42,-64.99575679,0.05295863535,0.5960660464,0.3177285706,0,-1.221709082,4.404152639,-3.182627038
56.43,-64.99575497,0.05295864958,0.5960659364,0.3177285951,0,-1.221709822,4.404154667,-3.18262649
56.44,-64.99575316,0.05295866369,0.5960658264,0.3177286196,0,-1.221710554,4.404156689,-3.182625948
56.45,-64.99575137,0.05295867769,0.5960657165,0.3177286441,0,-1.221711278,4.404158704,-3.182625412
56.46,-64.9957496,0.05295869156,0.5960656067,0.3177286686,0,-1.221711994,4.404160713,-3.18262488
56.47,-64.99574785,0.05295870531,0.5960654969,0.3177286932,0,-1.221712703,4.404162715,-3.182624355
56.48,-64.99574611,0.05295871895,0.5960653872,0.3177287177,0,-1.221713403,4.404164711,-3.182623834
56.49,-64.9957444,0.05295873247,0.5960652775,0.3177287422,0,-1.221714096,4.404166701,-3.182623319
56.5,-64.9957427,0.05295874587,0.5960651679,0.3177287667,0,-1.22171478,4.404168684,-3.18262281
56.51,-64.99574102,0.05295875915,0.5960650584,0.3177287913,0,-1.221715457,4.40417066,-3.182622306
56.52,-64.99573936,0.05295877231,0.5960649489,0.3177288158,0,-1.221716126,4.40417263,-3.182621807
56.53,-64.99573771,0.05295878536,0.5960648395,0.3177288403,0,-1.221716787,4.404174594,-3.182621314
56.54,-64.99573609,0.05295879829,0.5960647301,0.3177288649,0,-1.221717441,4.404176551,-3.182620826
56.55,-64.99573448,0.0529588111,0.5960646208,0.3177288894,0,-1.221718086,4.404178501,-3.182620344
56.56,-64.99573289,0.0529588238,0.5960645116,0.3177289139,0,-1.221718724,4.404180445,-3.182619867
56.57,-64.99573132,0.05295883638,0.5960644024,0.3177289385,0,-1.221719354,4.404182382,-3.182619395
56.58,-64.99572976,0.05295884884,0.5960642933,0.317728963,0,-1.221719977,4.404184313,-3.182618929
56.59,-64.99572822,0.05295886118,0.5960641843,0.3177289875,0,-1.221720591,4.404186237,-3.182618467
56.6,-64.99572671,0.05295887341,0.5960640753,0.3177290121,0,-1.221721198,4.404188155,-3.182618012
56.61,-64.9957252,0.05295888553,0.5960639664,0.3177290366,0,-1.221721797,4.404190066,-3.182617561
56.62,-64.99572372,0.05295889753,0.5960638575,0.3177290611,0,-1.221722389,4.40419197,-3.182617116
56.63,-64.99572225,0.05295890941,0.5960637487,0.3177290857,0,-1.221722973,4.404193868,-3.182616676
56.64,-64.9957208,0.05295892118,0.59606364,0.3177291102,0,-1.221723549,4.404195759,-3.182616241
56.65,-64.99571937,0.05295893283,0.5960635314,0.3177291347,0,-1.221724118,4.404197644,-3.182615812
56.66,-64.99571796,0.05295894437,0.5960634228,0.3177291592,0,-1.221724679,4.404199521,-3.182615387
56.67,-64.99571656,0.0529589558,0.5960633143,0.3177291837,0,-1.221725232,4.404201392,-3.182614968
56.68,-64.99571518,0.05295896711,0.5960632059,0.3177292082,0,-1.221725778,4.404203257,-3.182614555
56.69,-64.99571382,0.05295897831,0.5960630975,0.3177292327,0,-1.221726316,4.404205114,-3.182614146
56.7,-64.99571247,0.05295898939,0.5960629892,0.3177292572,0,-1.221726847,4.404206965,-3.182613742
56.71,-64.99571115,0.05295900036,0.596062881,0.3177292816,0,-1.221727371,4.40420881,-3.182613344
56.72,-64.99570984,0.05295901122,0.5960627728,0.3177293061,0,-1.221727886,4.404210647,-3.182612951
56.73,-64.99570854,0.05295902196,0.5960626648,0.3177293306,0,-1.221728395,4.404212478,-3.182612563
56.74,-64.99570727,0.05295903259,0.5960625568,0.317729355,0,-1.221728896,4.404214302,-3.18261218
56.75,-64.99570601,0.05295904311,0.5960624488,0.3177293795,0,-1.221729389,4.404216119,-3.182611802
56.76,-64.99570477,0.05295905352,0.596062341,0.3177294039,0,-1.221729875,4.40421793,-3.18261143
56.77,-64.99570354,0.05295906382,0.5960622332,0.3177294283,0,-1.221730354,4.404219733,-3.182611062
56.78,-64.99570233,0.052959074,0.5960621255,0.3177294527,0,-1.221730825,4.40422153,-3.1826107
56.79,-64.99570114,0.05295908407,0.5960620179,0.3177294771,0,-1.221731289,4.40422332,-3.182610342
56.8,-64.99569997,0.05295909403,0.5960619103,0.3177295015,0,-1.221731745,4.404225104,-3.18260999
56.81,-64.99569881,0.05295910389,0.5960618029,0.3177295259,0,-1.221732195,4.40422688,-3.182609642
56.82,-64.99569767,0.05295911363,0.5960616955,0.3177295503,0,-1.221732636,4.40422865,-3.1826093
56.83,-64.99569654,0.05295912326,0.5960615882,0.3177295746,0,-1.221733071,4.404230413,-3.182608963
56.84,-64.99569543,0.05295913278,0.596061481,0.317729599,0,-1.221733498,4.404232169,-3.18260863
56.85,-64.99569434,0.05295914219,0.5960613738,0.3177296233,0,-1.221733918,4.404233918,-3.182608303
56.86,-64.99569327,0.05295915149,0.5960612667,0.3177296476,0,-1.221734331,4.40423566,-3.18260798
56.87,-64.99569221,0.05295916068,0.5960611598,0.3177296719,0,-1.221734737,4.404237396,-3.182607663
56.88,-64.99569117,0.05295916976,0.5960610529,0.3177296962,0,-1.221735135,4.404239124,-3.18260735
56.89,-64.99569014,0.05295917874,0.5960609461,0.3177297204,0,-1.221735526,4.404240846,-3.182607043
56.9,-64.99568913,0.0529591876,0.5960608393,0.3177297447,0,-1.221735911,4.404242561,-3.18260674
56.91,-64.99568814,0.05295919636,0.5960607327,0.3177297689,0,-1.221736288,4.404244269,-3.182606442
56.92,-64.99568716,0.05295920501,0.5960606261,0.3177297932,0,-1.221736657,4.40424597,-3.182606149
56.93,-64.9956862,0.05295921355,0.5960605196,0.3177298174,0,-1.22173702,4.404247664,-3.182605861
56.94,-64.99568526,0.05295922198,0.5960604132,0.3177298415,0,-1.221737376,4.404249351,-3.182605578
56.95,-64.99568433,0.05295923031,0.5960603069,0.3177298657,0,-1.221737724,4.404251031,-3.1826053
56.96,-64.99568342,0.05295923853,0.5960602007,0.3177298898,0,-1.221738066,4.404252705,-3.182605026
56.97,-64.99568252,0.05295924665,0.5960600946,0.317729914,0,-1.2217384,4.404254371,-3.182604757
56.98,-64.99568164,0.05295925465,0.5960599885,0.3177299381,0,-1.221738728,4.404256031,-3.182604493
56.99,-64.99568078,0.05295926256,0.5960598826,0.3177299622,0,-1.221739048,4.404257683,-3.182604234
57,-64.99567993,0.05295927035,0.5960597767,0.3177299862,0,-1.221739362,4.404259329,-3.18260398
57.01,-64.9956791,0.05295927804,0.5960596709,0.3177300103,0,-1.221739668,4.404260968,-3.18260373
57.02,-64.99567828,0.05295928563,0.5960595652,0.3177300343,0,-1.221739968,4.4042626,-3.182603485
57.03,-64.99567748,0.05295929311,0.5960594597,0.3177300583,0,-1.221740261,4.404264224,-3.182603245
57.04,-64.9956767,0.05295930048,0.5960593542,0.3177300823,0,-1.221740547,4.404265842,-3.182603009
57.05,-64.99567593,0.05295930775,0.5960592487,0.3177301063,0,-1.221740826,4.404267453,-3.182602779
57.06,-64.99567518,0.05295931492,0.5960591434,0.3177301302,0,-1.221741098,4.404269057,-3.182602553
57.07,-64.99567444,0.05295932199,0.5960590382,0.3177301541,0,-1.221741363,4.404270654,-3.182602331
57.08,-64.99567371,0.05295932895,0.5960589331,0.317730178,0,-1.221741622,4.404272244,-3.182602114
57.09,-64.99567301,0.0529593358,0.596058828,0.3177302019,0,-1.221741873,4.404273827,-3.182601902
57.1,-64.99567232,0.05295934256,0.5960587231,0.3177302257,0,-1.221742118,4.404275403,-3.182601695
57.11,-64.99567164,0.05295934921,0.5960586182,0.3177302496,0,-1.221742357,4.404276972,-3.182601492
57.12,-64.99567098,0.05295935576,0.5960585135,0.3177302733,0,-1.221742588,4.404278534,-3.182601293
57.13,-64.99567033,0.0529593622,0.5960584088,0.3177302971,0,-1.221742813,4.404280089,-3.1826011
57.14,-64.9956697,0.05295936855,0.5960583043,0.3177303209,0,-1.221743031,4.404281637,-3.18260091
57.15,-64.99566909,0.05295937479,0.5960581998,0.3177303446,0,-1.221743242,4.404283178,-3.182600726
57.16,-64.99566849,0.05295938093,0.5960580954,0.3177303683,0,-1.221743447,4.404284712,-3.182600546
57.17,-64.9956679,0.05295938698,0.5960579912,0.3177303919,0,-1.221743645,4.404286239,-3.18260037
57.18,-64.99566733,0.05295939292,0.596057887,0.3177304156,0,-1.221743837,4.404287759,-3.182600199
57.19,-64.99566677,0.05295939876,0.5960577829,0.3177304392,0,-1.221744022,4.404289272,-3.182600032
57.2,-64.99566623,0.0529594045,0.596057679,0.3177304628,0,-1.2217442,4.404290777,-3.18259987
57.21,-64.99566571,0.05295941014,0.5960575751,0.3177304863,0,-1.221744372,4.404292276,-3.182599713
57.22,-64.9956652,0.05295941568,0.5960574713,0.3177305099,0,-1.221744538,4.404293768,-3.182599559
57.23,-64.9956647,0.05295942112,0.5960573676,0.3177305334,0,-1.221744697,4.404295253,-3.182599411
57.24,-64.99566422,0.05295942646,0.5960572641,0.3177305568,0,-1.221744849,4.404296731,-3.182599266
57.25,-64.99566375,0.05295943171,0.5960571606,0.3177305803,0,-1.221744995,4.404298202,-3.182599126
57.26,-64.9956633,0.05295943685,0.5960570572,0.3177306037,0,-1.221745134,4.404299666,-3.182598991
57.27,-64.99566287,0.0529594419,0.596056954,0.3177306271,0,-1.221745267,4.404301122,-3.18259886
57.28,-64.99566244,0.05295944685,0.5960568508,0.3177306504,0,-1.221745394,4.404302572,-3.182598733
57.29,-64.99566203,0.0529594517,0.5960567478,0.3177306737,0,-1.221745514,4.404304015,-3.18259861
57.3,-64.99566164,0.05295945646,0.5960566448,0.317730697,0,-1.221745628,4.40430545,-3.182598492
57.31,-64.99566126,0.05295946112,0.596056542,0.3177307203,0,-1.221745736,4.404306879,-3.182598378
57.32,-64.9956609,0.05295946568,0.5960564393,0.3177307435,0,-1.221745837,4.4043083,-3.182598269
57.33,-64.99566054,0.05295947015,0.5960563366,0.3177307667,0,-1.221745932,4.404309715,-3.182598163
57.34,-64.99566021,0.05295947452,0.5960562341,0.3177307898,0,-1.221746021,4.404311122,-3.182598062
57.35,-64.99565989,0.05295947879,0.5960561317,0.317730813,0,-1.221746104,4.404312523,-3.182597966
57.36,-64.99565958,0.05295948297,0.5960560294,0.317730836,0,-1.22174618,4.404313916,-3.182597873
57.37,-64.99565928,0.05295948706,0.5960559272,0.3177308591,0,-1.22174625,4.404315303,-3.182597785
57.38,-64.995659,0.05295949105,0.5960558251,0.3177308821,0,-1.221746314,4.404316682,-3.182597701
57.39,-64.99565874,0.05295949494,0.5960557231,0.3177309051,0,-1.221746371,4.404318054,-3.182597621
57.4,-64.99565848,0.05295949874,0.5960556212,0.3177309281,0,-1.221746423,4.40431942,-3.182597545
57.41,-64.99565824,0.05295950245,0.5960555194,0.317730951,0,-1.221746468,4.404320778,-3.182597473
57.42,-64.99565802,0.05295950606,0.5960554178,0.3177309739,0,-1.221746508,4.404322129,-3.182597406
57.43,-64.99565781,0.05295950959,0.5960553162,0.3177309967,0,-1.221746541,4.404323473,-3.182597343
57.44,-64.99565761,0.05295951301,0.5960552148,0.3177310195,0,-1.221746568,4.40432481,-3.182597284
57.45,-64.99565743,0.05295951635,0.5960551135,0.3177310423,0,-1.221746589,4.404326141,-3.182597228
57.46,-64.99565726,0.05295951959,0.5960550123,0.317731065,0,-1.221746605,4.404327464,-3.182597177
57.47,-64.9956571,0.05295952274,0.5960549112,0.3177310877,0,-1.221746614,4.40432878,-3.182597131
57.48,-64.99565696,0.0529595258,0.5960548102,0.3177311104,0,-1.221746617,4.404330089,-3.182597088
57.49,-64.99565683,0.05295952877,0.5960547093,0.317731133,0,-1.221746614,4.404331391,-3.182597049
57.5,-64.99565671,0.05295953165,0.5960546085,0.3177311556,0,-1.221746606,4.404332686,-3.182597014
57.51,-64.99565661,0.05295953443,0.5960545079,0.3177311782,0,-1.221746591,4.404333974,-3.182596983
57.52,-64.99565652,0.05295953713,0.5960544074,0.3177312007,0,-1.221746571,4.404335254,-3.182596956
57.53,-64.99565645,0.05295953973,0.5960543069,0.3177312231,0,-1.221746544,4.404336528,-3.182596934
57.54,-64.99565638,0.05295954225,0.5960542066,0.3177312456,0,-1.221746512,4.404337795,-3.182596915
57.55,-64.99565633,0.05295954468,0.5960541064,0.317731268,0,-1.221746474,4.404339055,-3.1825969
57.56,-64.9956563,0.05295954701,0.5960540064,0.3177312903,0,-1.22174643,4.404340308,-3.182596889
57.57,-64.99565627,0.05295954926,0.5960539064,0.3177313126,0,-1.221746381,4.404341554,-3.182596882
57.58,-64.99565626,0.05295955142,0.5960538066,0.3177313349,0,-1.221746326,4.404342793,-3.182596879
57.59,-64.99565626,0.05295955349,0.5960537068,0.3177313571,0,-1.221746265,4.404344025,-3.182596879
57.6,-64.99565628,0.05295955548,0.5960536072,0.3177313793,0,-1.221746198,4.404345249,-3.182596884
57.61,-64.99565631,0.05295955737,0.5960535077,0.3177314015,0,-1.221746125,4.404346467,-3.182596892
57.62,-64.99565635,0.05295955918,0.5960534084,0.3177314236,0,-1.221746047,4.404347678,-3.182596905
57.63,-64.9956564,0.0529595609,0.5960533091,0.3177314456,0,-1.221745964,4.404348882,-3.182596921
57.64,-64.99565647,0.05295956254,0.59605321,0.3177314677,0,-1.221745874,4.404350079,-3.182596941
57.65,-64.99565655,0.05295956409,0.596053111,0.3177314897,0,-1.221745779,4.404351269,-3.182596964
57.66,-64.99565664,0.05295956555,0.5960530121,0.3177315116,0,-1.221745679,4.404352452,-3.182596992
57.67,-64.99565674,0.05295956693,0.5960529133,0.3177315335,0,-1.221745573,4.404353627,-3.182597023
57.68,-64.99565686,0.05295956822,0.5960528147,0.3177315553,0,-1.221745461,4.404354796,-3.182597058
57.69,-64.99565699,0.05295956942,0.5960527161,0.3177315772,0,-1.221745344,4.404355958,-3.182597097
57.7,-64.99565713,0.05295957054,0.5960526177,0.3177315989,0,-1.221745222,4.404357113,-3.182597139
57.71,-64.99565728,0.05295957158,0.5960525194,0.3177316206,0,-1.221745093,4.404358261,-3.182597185
57.72,-64.99565745,0.05295957253,0.5960524213,0.3177316423,0,-1.22174496,4.404359403,-3.182597235
57.73,-64.99565763,0.0529595734,0.5960523232,0.317731664,0,-1.221744821,4.404360537,-3.182597288
57.74,-64.99565782,0.05295957419,0.5960522253,0.3177316855,0,-1.221744677,4.404361664,-3.182597345
57.75,-64.99565802,0.05295957489,0.5960521275,0.3177317071,0,-1.221744527,4.404362784,-3.182597406
57.76,-64.99565824,0.05295957551,0.5960520298,0.3177317286,0,-1.221744372,4.404363897,-3.182597471
57.77,-64.99565846,0.05295957605,0.5960519323,0.31773175,0,-1.221744212,4.404365004,-3.182597538
57.78,-64.9956587,0.0529595765,0.5960518348,0.3177317714,0,-1.221744046,4.404366103,-3.18259761
57.79,-64.99565895,0.05295957688,0.5960517375,0.3177317928,0,-1.221743875,4.404367196,-3.182597685
57.8,-64.99565921,0.05295957717,0.5960516403,0.3177318141,0,-1.221743699,4.404368281,-3.182597764
57.81,-64.99565949,0.05295957738,0.5960515433,0.3177318354,0,-1.221743517,4.40436936,-3.182597846
57.82,-64.99565977,0.0529595775,0.5960514464,0.3177318566,0,-1.22174333,4.404370432,-3.182597932
57.83,-64.99566007,0.05295957755,0.5960513496,0.3177318778,0,-1.221743138,4.404371497,-3.182598021
57.84,-64.99566038,0.05295957752,0.5960512529,0.3177318989,0,-1.221742941,4.404372555,-3.182598114
57.85,-64.9956607,0.05295957741,0.5960511563,0.31773192,0,-1.221742739,4.404373606,-3.18259821
57.86,-64.99566103,0.05295957722,0.5960510599,0.317731941,0,-1.221742532,4.40437465,-3.18259831
57.87,-64.99566138,0.05295957695,0.5960509636,0.317731962,0,-1.221742319,4.404375688,-3.182598413
57.88,-64.99566173,0.0529595766,0.5960508674,0.3177319829,0,-1.221742102,4.404376718,-3.182598519
57.89,-64.9956621,0.05295957617,0.5960507714,0.3177320038,0,-1.221741879,4.404377742,-3.182598629
57.9,-64.99566248,0.05295957566,0.5960506755,0.3177320247,0,-1.221741651,4.404378758,-3.182598743
57.91,-64.99566287,0.05295957507,0.5960505797,0.3177320455,0,-1.221741418,4.404379768,-3.18259886
57.92,-64.99566327,0.05295957441,0.596050484,0.3177320662,0,-1.221741181,4.404380771,-3.18259898
57.93,-64.99566368,0.05295957367,0.5960503885,0.3177320869,0,-1.221740938,4.404381768,-3.182599103
57.94,-64.9956641,0.05295957285,0.5960502931,0.3177321075,0,-1.22174069,4.404382757,-3.18259923
57.95,-64.99566453,0.05295957196,0.5960501978,0.3177321281,0,-1.221740438,4.40438374,-3.18259936
57.96,-64.99566498,0.05295957099,0.5960501027,0.3177321487,0,-1.22174018,4.404384715,-3.182599494
57.97,-64.99566544,0.05295956994,0.5960500077,0.3177321692,0,-1.221739918,4.404385684,-3.182599631
57.98,-64.9956659,0.05295956882,0.5960499128,0.3177321896,0,-1.221739651,4.404386646,-3.182599771
57.99,-64.99566638,0.05295956762,0.5960498181,0.31773221,0,-1.221739379,4.404387602,-3.182599914
58,-64.99566687,0.05295956634,0.5960497234,0.3177322303,0,-1.221739102,4.40438855,-3.18260006
58.01,-64.99566737,0.052959565,0.596049629,0.3177322506,0,-1.22173882,4.404389492,-3.18260021
58.02,-64.99566788,0.05295956357,0.5960495346,0.3177322708,0,-1.221738534,4.404390427,-3.182600363
58.03,-64.9956684,0.05295956208,0.5960494404,0.317732291,0,-1.221738242,4.404391355,-3.182600519
58.04,-64.99566893,0.0529595605,0.5960493463,0.3177323112,0,-1.221737946,4.404392277,-3.182600679
58.05,-64.99566947,0.05295955886,0.5960492523,0.3177323312,0,-1.221737646,4.404393191,-3.182600841
58.06,-64.99567002,0.05295955714,0.5960491585,0.3177323513,0,-1.22173734,4.404394099,-3.182601007
58.07,-64.99567059,0.05295955535,0.5960490648,0.3177323713,0,-1.22173703,4.404395001,-3.182601176
58.08,-64.99567116,0.05295955349,0.5960489712,0.3177323912,0,-1.221736716,4.404395895,-3.182601348
58.09,-64.99567174,0.05295955155,0.5960488778,0.3177324111,0,-1.221736397,4.404396783,-3.182601523
58.1,-64.99567234,0.05295954954,0.5960487845,0.3177324309,0,-1.221736073,4.404397664,-3.182601701
58.11,-64.99567294,0.05295954747,0.5960486914,0.3177324506,0,-1.221735744,4.404398539,-3.182601882
58.12,-64.99567355,0.05295954531,0.5960485983,0.3177324704,0,-1.221735411,4.404399406,-3.182602066
58.13,-64.99567418,0.05295954309,0.5960485055,0.31773249,0,-1.221735074,4.404400267,-3.182602254
58.14,-64.99567481,0.0529595408,0.5960484127,0.3177325096,0,-1.221734732,4.404401122,-3.182602444
58.15,-64.99567546,0.05295953844,0.5960483201,0.3177325292,0,-1.221734385,4.404401969,-3.182602637
58.16,-64.99567611,0.05295953601,0.5960482276,0.3177325487,0,-1.221734034,4.40440281,-3.182602834
58.17,-64.99567678,0.0529595335,0.5960481353,0.3177325681,0,-1.221733679,4.404403645,-3.182603033
58.18,-64.99567745,0.05295953093,0.596048043,0.3177325875,0,-1.221733319,4.404404472,-3.182603235
58.19,-64.99567814,0.05295952829,0.596047951,0.3177326068,0,-1.221732955,4.404405293,-3.182603441
58.2,-64.99567883,0.05295952558,0.596047859,0.3177326261,0,-1.221732586,4.404406108,-3.182603649
58.21,-64.99567953,0.0529595228,0.5960477672,0.3177326453,0,-1.221732213,4.404406916,-3.18260386
58.22,-64.99568025,0.05295951996,0.5960476756,0.3177326645,0,-1.221731836,4.404407717,-3.182604074
58.23,-64.99568097,0.05295951705,0.596047584,0.3177326836,0,-1.221731455,4.404408512,-3.182604291
58.24,-64.9956817,0.05295951406,0.5960474926,0.3177327027,0,-1.221731069,4.4044093,-3.18260451
58.25,-64.99568244,0.05295951102,0.5960474014,0.3177327217,0,-1.221730679,4.404410081,-3.182604733
58.26,-64.99568319,0.0529595079,0.5960473103,0.3177327406,0,-1.221730284,4.404410856,-3.182604958
58.27,-64.99568396,0.05295950472,0.5960472193,0.3177327595,0,-1.221729886,4.404411625,-3.182605187
58.28,-64.99568473,0.05295950147,0.5960471284,0.3177327784,0,-1.221729483,4.404412387,-3.182605418
58.29,-64.99568551,0.05295949816,0.5960470377,0.3177327972,0,-1.221729076,4.404413142,-3.182605652
58.3,-64.99568629,0.05295949478,0.5960469472,0.3177328159,0,-1.221728665,4.404413891,-3.182605888
58.31,-64.99568709,0.05295949134,0.5960468568,0.3177328345,0,-1.22172825,4.404414633,-3.182606128
58.32,-64.9956879,0.05295948783,0.5960467665,0.3177328532,0,-1.22172783,4.404415369,-3.18260637
58.33,-64.99568872,0.05295948426,0.5960466763,0.3177328717,0,-1.221727407,4.404416098,-3.182606615
58.34,-64.99568954,0.05295948062,0.5960465863,0.3177328902,0,-1.22172698,4.404416821,-3.182606862
58.35,-64.99569037,0.05295947692,0.5960464965,0.3177329086,0,-1.221726548,4.404417537,-3.182607112
58.36,-64.99569122,0.05295947315,0.5960464067,0.317732927,0,-1.221726113,4.404418247,-3.182607365
58.37,-64.99569207,0.05295946933,0.5960463171,0.3177329454,0,-1.221725673,4.404418951,-3.182607621
58.38,-64.99569293,0.05295946544,0.5960462277,0.3177329636,0,-1.22172523,4.404419648,-3.182607879
58.39,-64.9956938,0.05295946148,0.5960461384,0.3177329818,0,-1.221724782,4.404420338,-3.18260814
58.4,-64.99569468,0.05295945747,0.5960460492,0.317733,0,-1.221724331,4.404421022,-3.182608404
58.41,-64.99569557,0.05295945339,0.5960459602,0.3177330181,0,-1.221723876,4.4044217,-3.18260867
58.42,-64.99569646,0.05295944925,0.5960458713,0.3177330361,0,-1.221723417,4.404422372,-3.182608939
58.43,-64.99569737,0.05295944505,0.5960457826,0.3177330541,0,-1.221722954,4.404423037,-3.18260921
58.44,-64.99569828,0.05295944079,0.596045694,0.317733072,0,-1.221722487,4.404423695,-3.182609484
58.45,-64.9956992,0.05295943647,0.5960456055,0.3177330899,0,-1.221722016,4.404424347,-3.18260976
58.46,-64.99570013,0.05295943209,0.5960455172,0.3177331077,0,-1.221721542,4.404424993,-3.182610039
58.47,-64.99570107,0.05295942764,0.596045429,0.3177331254,0,-1.221721064,4.404425633,-3.182610321
58.48,-64.99570202,0.05295942314,0.596045341,0.3177331431,0,-1.221720582,4.404426266,-3.182610605
58.49,-64.99570297,0.05295941858,0.5960452531,0.3177331607,0,-1.221720096,4.404426893,-3.182610891
58.5,-64.99570393,0.05295941396,0.5960451653,0.3177331783,0,-1.221719607,4.404427514,-3.18261118
58.51,-64.99570491,0.05295940928,0.5960450777,0.3177331958,0,-1.221719114,4.404428128,-3.182611472
58.52,-64.99570589,0.05295940454,0.5960449903,0.3177332132,0,-1.221718617,4.404428736,-3.182611766
58.53,-64.99570687,0.05295939975,0.596044903,0.3177332306,0,-1.221718117,4.404429338,-3.182612062
58.54,-64.99570787,0.0529593949,0.5960448158,0.317733248,0,-1.221717613,4.404429933,-3.18261236
58.55,-64.99570887,0.05295938999,0.5960447287,0.3177332652,0,-1.221717105,4.404430523,-3.182612662
58.56,-64.99570988,0.05295938502,0.5960446419,0.3177332824,0,-1.221716594,4.404431106,-3.182612965
58.57,-64.9957109,0.05295937999,0.5960445551,0.3177332996,0,-1.221716079,4.404431683,-3.182613271
58.58,-64.99571193,0.05295937491,0.5960444685,0.3177333167,0,-1.221715561,4.404432253,-3.182613579
58.59,-64.99571297,0.05295936978,0.596044382,0.3177333337,0,-1.221715039,4.404432818,-3.18261389
58.6,-64.99571401,0.05295936458,0.5960442957,0.3177333507,0,-1.221714514,4.404433376,-3.182614202
58.61,-64.99571506,0.05295935934,0.5960442096,0.3177333676,0,-1.221713985,4.404433928,-3.182614517
58.62,-64.99571612,0.05295935403,0.5960441235,0.3177333844,0,-1.221713453,4.404434474,-3.182614835
58.63,-64.99571718,0.05295934867,0.5960440377,0.3177334012,0,-1.221712918,4.404435014,-3.182615155
58.64,-64.99571826,0.05295934326,0.5960439519,0.3177334179,0,-1.221712379,4.404435547,-3.182615477
58.65,-64.99571934,0.05295933779,0.5960438663,0.3177334346,0,-1.221711837,4.404436075,-3.182615801
58.66,-64.99572042,0.05295933227,0.5960437809,0.3177334512,0,-1.221711291,4.404436596,-3.182616127
58.67,-64.99572152,0.0529593267,0.5960436956,0.3177334678,0,-1.221710742,4.404437112,-3.182616456
58.68,-64.99572262,0.05295932107,0.5960436104,0.3177334842,0,-1.22171019,4.404437621,-3.182616787
58.69,-64.99572373,0.05295931539,0.5960435254,0.3177335007,0,-1.221709634,4.404438124,-3.18261712
58.7,-64.99572485,0.05295930966,0.5960434405,0.317733517,0,-1.221709075,4.404438621,-3.182617455
58.71,-64.99572597,0.05295930387,0.5960433558,0.3177335333,0,-1.221708513,4.404439112,-3.182617792
58.72,-64.99572711,0.05295929803,0.5960432713,0.3177335495,0,-1.221707948,4.404439598,-3.182618132
58.73,-64.99572824,0.05295929214,0.5960431868,0.3177335657,0,-1.221707379,4.404440077,-3.182618473
58.74,-64.99572939,0.0529592862,0.5960431025,0.3177335818,0,-1.221706807,4.40444055,-3.182618817
58.75,-64.99573054,0.05295928021,0.5960430184,0.3177335979,0,-1.221706232,4.404441017,-3.182619163
58.76,-64.9957317,0.05295927417,0.5960429344,0.3177336139,0,-1.221705654,4.404441478,-3.182619511
58.77,-64.99573287,0.05295926808,0.5960428506,0.3177336298,0,-1.221705073,4.404441933,-3.182619861
58.78,-64.99573404,0.05295926193,0.5960427669,0.3177336457,0,-1.221704489,4.404442382,-3.182620213
58.79,-64.99573522,0.05295925574,0.5960426833,0.3177336615,0,-1.221703902,4.404442825,-3.182620567
58.8,-64.99573641,0.0529592495,0.5960425999,0.3177336772,0,-1.221703311,4.404443263,-3.182620923
58.81,-64.9957376,0.0529592432,0.5960425167,0.3177336929,0,-1.221702718,4.404443694,-3.182621281
58.82,-64.9957388,0.05295923686,0.5960424336,0.3177337085,0,-1.221702122,4.40444412,-3.182621641
58.83,-64.99574001,0.05295923047,0.5960423506,0.3177337241,0,-1.221701522,4.40444454,-3.182622003
58.84,-64.99574122,0.05295922404,0.5960422678,0.3177337396,0,-1.22170092,4.404444953,-3.182622367
58.85,-64.99574244,0.05295921755,0.5960421851,0.317733755,0,-1.221700314,4.404445361,-3.182622733
58.86,-64.99574367,0.05295921102,0.5960421026,0.3177337704,0,-1.221699706,4.404445764,-3.182623101
58.87,-64.9957449,0.05295920444,0.5960420202,0.3177337857,0,-1.221699095,4.40444616,-3.182623471
58.88,-64.99574614,0.05295919781,0.596041938,0.3177338009,0,-1.221698481,4.40444655,-3.182623843
58.89,-64.99574739,0.05295919114,0.5960418559,0.3177338161,0,-1.221697864,4.404446935,-3.182624216
58.9,-64.99574864,0.05295918442,0.596041774,0.3177338312,0,-1.221697244,4.404447314,-3.182624592
58.91,-64.9957499,0.05295917765,0.5960416922,0.3177338463,0,-1.221696622,4.404447687,-3.182624969
58.92,-64.99575116,0.05295917084,0.5960416105,0.3177338612,0,-1.221695996,4.404448055,-3.182625348
58.93,-64.99575243,0.05295916398,0.5960415291,0.3177338762,0,-1.221695368,4.404448416,-3.182625729
58.94,-64.99575371,0.05295915708,0.5960414477,0.317733891,0,-1.221694737,4.404448772,-3.182626112
58.95,-64.99575499,0.05295915013,0.5960413665,0.3177339058,0,-1.221694104,4.404449123,-3.182626497
58.96,-64.99575628,0.05295914314,0.5960412855,0.3177339206,0,-1.221693467,4.404449467,-3.182626883
58.97,-64.99575757,0.0529591361,0.5960412046,0.3177339353,0,-1.221692828,4.404449806,-3.182627272
58.98,-64.99575887,0.05295912902,0.5960411238,0.3177339499,0,-1.221692187,4.404450139,-3.182627662
58.99,-64.99576018,0.05295912189,0.5960410432,0.3177339644,0,-1.221691542,4.404450467,-3.182628053
59,-64.99576149,0.05295911473,0.5960409628,0.3177339789,0,-1.221690895,4.404450789,-3.182628447
59.01,-64.99576281,0.05295910752,0.5960408825,0.3177339933,0,-1.221690246,4.404451105,-3.182628842
59.02,-64.99576413,0.05295910026,0.5960408023,0.3177340077,0,-1.221689594,4.404451416,-3.182629239
59.03,-64.99576546,0.05295909297,0.5960407223,0.317734022,0,-1.221688939,4.404451721,-3.182629637
59.04,-64.99576679,0.05295908563,0.5960406425,0.3177340362,0,-1.221688281,4.404452021,-3.182630038
59.05,-64.99576813,0.05295907825,0.5960405627,0.3177340504,0,-1.221687622,4.404452315,-3.18263044
59.06,-64.99576948,0.05295907083,0.5960404832,0.3177340645,0,-1.221686959,4.404452603,-3.182630843
59.07,-64.99577083,0.05295906337,0.5960404038,0.3177340785,0,-1.221686294,4.404452886,-3.182631248
59.08,-64.99577218,0.05295905587,0.5960403245,0.3177340925,0,-1.221685627,4.404453164,-3.182631655
59.09,-64.99577355,0.05295904832,0.5960402454,0.3177341064,0,-1.221684957,4.404453436,-3.182632064
59.1,-64.99577491,0.05295904074,0.5960401664,0.3177341203,0,-1.221684285,4.404453702,-3.182632474
59.11,-64.99577628,0.05295903311,0.5960400876,0.317734134,0,-1.221683611,4.404453963,-3.182632885
59.12,-64.99577766,0.05295902545,0.5960400089,0.3177341478,0,-1.221682934,4.404454219,-3.182633299
59.13,-64.99577904,0.05295901775,0.5960399304,0.3177341614,0,-1.221682254,4.404454469,-3.182633713
59.14,-64.99578043,0.05295901001,0.5960398521,0.317734175,0,-1.221681573,4.404454713,-3.18263413
59.15,-64.99578182,0.05295900222,0.5960397738,0.3177341886,0,-1.221680889,4.404454953,-3.182634547
59.16,-64.99578322,0.05295899441,0.5960396958,0.317734202,0,-1.221680202,4.404455186,-3.182634967
59.17,-64.99578462,0.05295898655,0.5960396178,0.3177342154,0,-1.221679514,4.404455415,-3.182635387
59.18,-64.99578603,0.05295897865,0.5960395401,0.3177342288,0,-1.221678823,4.404455638,-3.18263581
59.19,-64.99578744,0.05295897072,0.5960394624,0.317734242,0,-1.22167813,4.404455856,-3.182636233
59.2,-64.99578886,0.05295896275,0.596039385,0.3177342553,0,-1.221677434,4.404456068,-3.182636659
59.21,-64.99579028,0.05295895474,0.5960393076,0.3177342684,0,-1.221676737,4.404456276,-3.182637085
59.22,-64.99579171,0.0529589467,0.5960392305,0.3177342815,0,-1.221676037,4.404456478,-3.182637513
59.23,-64.99579314,0.05295893862,0.5960391534,0.3177342945,0,-1.221675335,4.404456674,-3.182637943
59.24,-64.99579458,0.0529589305,0.5960390766,0.3177343075,0,-1.221674631,4.404456865,-3.182638374
59.25,-64.99579602,0.05295892235,0.5960389998,0.3177343203,0,-1.221673925,4.404457052,-3.182638806
59.26,-64.99579747,0.05295891416,0.5960389232,0.3177343332,0,-1.221673217,4.404457232,-3.18263924
59.27,-64.99579892,0.05295890594,0.5960388468,0.3177343459,0,-1.221672507,4.404457408,-3.182639675
59.28,-64.99580037,0.05295889768,0.5960387705,0.3177343586,0,-1.221671794,4.404457578,-3.182640111
59.29,-64.99580183,0.05295888939,0.5960386944,0.3177343713,0,-1.22167108,4.404457744,-3.182640549
59.3,-64.99580329,0.05295888106,0.5960386184,0.3177343838,0,-1.221670363,4.404457904,-3.182640988
59.31,-64.99580476,0.0529588727,0.5960385426,0.3177343963,0,-1.221669645,4.404458059,-3.182641428
59.32,-64.99580623,0.05295886431,0.5960384669,0.3177344088,0,-1.221668924,4.404458209,-3.18264187
59.33,-64.99580771,0.05295885588,0.5960383914,0.3177344212,0,-1.221668202,4.404458353,-3.182642313
59.34,-64.99580919,0.05295884742,0.596038316,0.3177344335,0,-1.221667478,4.404458493,-3.182642757
59.35,-64.99581067,0.05295883892,0.5960382407,0.3177344457,0,-1.221666751,4.404458627,-3.182643202
59.36,-64.99581216,0.05295883039,0.5960381657,0.3177344579,0,-1.221666023,4.404458757,-3.182643649
59.37,-64.99581366,0.05295882184,0.5960380907,0.31773447,0,-1.221665293,4.404458881,-3.182644097
59.38,-64.99581515,0.05295881324,0.5960380159,0.3177344821,0,-1.221664561,4.404459,-3.182644546
59.39,-64.99581665,0.05295880462,0.5960379413,0.3177344941,0,-1.221663827,4.404459115,-3.182644996
59.4,-64.99581816,0.05295879597,0.5960378668,0.317734506,0,-1.221663092,4.404459224,-3.182645447
59.41,-64.99581967,0.05295878728,0.5960377925,0.3177345179,0,-1.221662354,4.404459328,-3.1826459
59.42,-64.99582118,0.05295877856,0.5960377183,0.3177345297,0,-1.221661615,4.404459428,-3.182646354
59.43,-64.9958227,0.05295876982,0.5960376442,0.3177345414,0,-1.221660874,4.404459522,-3.182646809
59.44,-64.99582422,0.05295876104,0.5960375703,0.3177345531,0,-1.221660131,4.404459611,-3.182647265
59.45,-64.99582574,0.05295875223,0.5960374966,0.3177345647,0,-1.221659387,4.404459696,-3.182647722
59.46,-64.99582727,0.05295874339,0.596037423,0.3177345762,0,-1.221658641,4.404459775,-3.18264818
59.47,-64.9958288,0.05295873453,0.5960373496,0.3177345877,0,-1.221657893,4.40445985,-3.18264864
59.48,-64.99583033,0.05295872563,0.5960372763,0.3177345991,0,-1.221657143,4.40445992,-3.1826491
59.49,-64.99583187,0.05295871671,0.5960372031,0.3177346105,0,-1.221656392,4.404459985,-3.182649562
59.5,-64.99583341,0.05295870775,0.5960371301,0.3177346218,0,-1.221655639,4.404460045,-3.182650024
59.51,-64.99583496,0.05295869877,0.5960370573,0.317734633,0,-1.221654885,4.4044601,-3.182650488
59.52,-64.99583651,0.05295868976,0.5960369846,0.3177346442,0,-1.221654129,4.404460151,-3.182650953
59.53,-64.99583806,0.05295868072,0.596036912,0.3177346553,0,-1.221653371,4.404460197,-3.182651419
59.54,-64.99583962,0.05295867166,0.5960368396,0.3177346663,0,-1.221652612,4.404460238,-3.182651885
59.55,-64.99584118,0.05295866256,0.5960367674,0.3177346773,0,-1.221651851,4.404460274,-3.182652353
59.56,-64.99584274,0.05295865344,0.5960366953,0.3177346882,0,-1.221651089,4.404460305,-3.182652822
59.57,-64.9958443,0.0529586443,0.5960366233,0.317734699,0,-1.221650325,4.404460332,-3.182653291
59.58,-64.99584587,0.05295863513,0.5960365515,0.3177347098,0,-1.221649559,4.404460354,-3.182653762
59.59,-64.99584745,0.05295862593,0.5960364798,0.3177347205,0,-1.221648793,4.404460371,-3.182654234
59.6,-64.99584902,0.0529586167,0.5960364083,0.3177347312,0,-1.221648024,4.404460384,-3.182654706
59.61,-64.9958506,0.05295860745,0.596036337,0.3177347417,0,-1.221647255,4.404460392,-3.182655179
59.62,-64.99585218,0.05295859818,0.5960362658,0.3177347523,0,-1.221646484,4.404460395,-3.182655654
59.63,-64.99585376,0.05295858888,0.5960361947,0.3177347627,0,-1.221645711,4.404460394,-3.182656129
59.64,-64.99585535,0.05295857955,0.5960361238,0.3177347731,0,-1.221644937,4.404460388,-3.182656605
59.65,-64.99585694,0.0529585702,0.596036053,0.3177347834,0,-1.221644162,4.404460378,-3.182657082
59.66,-64.99585853,0.05295856083,0.5960359824,0.3177347937,0,-1.221643386,4.404460362,-3.18265756
59.67,-64.99586013,0.05295855143,0.5960359119,0.3177348039,0,-1.221642608,4.404460343,-3.182658039
59.68,-64.99586173,0.05295854201,0.5960358416,0.3177348141,0,-1.221641829,4.404460319,-3.182658518
59.69,-64.99586333,0.05295853256,0.5960357714,0.3177348241,0,-1.221641048,4.40446029,-3.182658998
59.7,-64.99586493,0.05295852309,0.5960357014,0.3177348342,0,-1.221640266,4.404460257,-3.18265948
59.71,-64.99586654,0.0529585136,0.5960356315,0.3177348441,0,-1.221639483,4.404460219,-3.182659961
59.72,-64.99586815,0.05295850409,0.5960355618,0.317734854,0,-1.221638699,4.404460177,-3.182660444
59.73,-64.99586976,0.05295849455,0.5960354922,0.3177348638,0,-1.221637914,4.404460131,-3.182660928
59.74,-64.99587137,0.05295848499,0.5960354228,0.3177348736,0,-1.221637127,4.404460079,-3.182661412
59.75,-64.99587299,0.05295847541,0.5960353535,0.3177348833,0,-1.221636339,4.404460024,-3.182661897
59.76,-64.99587461,0.05295846581,0.5960352844,0.3177348929,0,-1.22163555,4.404459964,-3.182662383
59.77,-64.99587623,0.05295845619,0.5960352154,0.3177349025,0,-1.22163476,4.4044599,-3.182662869
59.78,-64.99587785,0.05295844654,0.5960351465,0.317734912,0,-1.221633969,4.404459831,-3.182663356
59.79,-64.99587948,0.05295843688,0.5960350778,0.3177349214,0,-1.221633176,4.404459758,-3.182663844
59.8,-64.99588111,0.05295842719,0.5960350093,0.3177349308,0,-1.221632383,4.404459681,-3.182664333
59.81,-64.99588274,0.05295841748,0.5960349409,0.3177349401,0,-1.221631588,4.4044596,-3.182664822
59.82,-64.99588437,0.05295840776,0.5960348726,0.3177349494,0,-1.221630793,4.404459514,-3.182665312
59.83,-64.99588601,0.05295839801,0.5960348045,0.3177349586,0,-1.221629996,4.404459424,-3.182665802
59.84,-64.99588765,0.05295838825,0.5960347366,0.3177349677,0,-1.221629199,4.404459329,-3.182666294
59.85,-64.99588928,0.05295837846,0.5960346688,0.3177349768,0,-1.2216284,4.404459231,-3.182666785
59.86,-64.99589093,0.05295836866,0.5960346011,0.3177349858,0,-1.2216276,4.404459128,-3.182667278
59.87,-64.99589257,0.05295835884,0.5960345336,0.3177349947,0,-1.2216268,4.404459021,-3.182667771
59.88,-64.99589422,0.052958349,0.5960344662,0.3177350036,0,-1.221625998,4.404458909,-3.182668265
59.89,-64.99589586,0.05295833914,0.596034399,0.3177350124,0,-1.221625196,4.404458794,-3.182668759
59.9,-64.99589751,0.05295832926,0.5960343319,0.3177350212,0,-1.221624392,4.404458674,-3.182669254
59.91,-64.99589916,0.05295831937,0.596034265,0.3177350299,0,-1.221623588,4.40445855,-3.182669749
59.92,-64.99590082,0.05295830946,0.5960341982,0.3177350385,0,-1.221622782,4.404458422,-3.182670245
59.93,-64.99590247,0.05295829953,0.5960341316,0.3177350471,0,-1.221621976,4.40445829,-3.182670741
59.94,-64.99590413,0.05295828958,0.5960340651,0.3177350556,0,-1.221621169,4.404458154,-3.182671238
59.95,-64.99590579,0.05295827962,0.5960339987,0.317735064,0,-1.221620362,4.404458014,-3.182671736
59.96,-64.99590745,0.05295826964,0.5960339325,0.3177350724,0,-1.221619553,4.40445787,-3.182672234
59.97,-64.99590911,0.05295825965,0.5960338665,0.3177350807,0,-1.221618744,4.404457722,-3.182672732
59.98,-64.99591077,0.05295824964,0.5960338006,0.317735089,0,-1.221617933,4.404457569,-3.182673231
59.99,-64.99591244,0.05295823961,0.5960337348,0.3177350972,0,-1.221617122,4.404457413,-3.182673731
60,-64.9959141,0.05295822957,0.5960336692,0.3177351053,0,-1.221616311,4.404457253,-3.182674231
60.01,-64.99591577,0.05295821951,0.5960336037,0.3177351134,0,-1.221615498,4.404457088,-3.182674731
60.02,-64.99591744,0.05295820944,0.5960335384,0.3177351214,0,-1.221614685,4.40445692,-3.182675232
60.03,-64.99591911,0.05295819935,0.5960334732,0.3177351294,0,-1.221613871,4.404456748,-3.182675733
60.04,-64.99592078,0.05295818925,0.5960334082,0.3177351373,0,-1.221613057,4.404456572,-3.182676235
60.05,-64.99592246,0.05295817913,0.5960333433,0.3177351451,0,-1.221612241,4.404456392,-3.182676737
60.06,-64.99592413,0.05295816901,0.5960332785,0.3177351529,0,-1.221611426,4.404456208,-3.182677239
60.07,-64.99592581,0.05295815886,0.5960332139,0.3177351606,0,-1.221610609,4.404456021,-3.182677742
60.08,-64.99592748,0.05295814871,0.5960331495,0.3177351682,0,-1.221609792,4.404455829,-3.182678245
60.09,-64.99592916,0.05295813854,0.5960330851,0.3177351758,0,-1.221608974,4.404455634,-3.182678749
60.1,-64.99593084,0.05295812835,0.596033021,0.3177351833,0,-1.221608156,4.404455435,-3.182679253
60.11,-64.99593252,0.05295811816,0.596032957,0.3177351908,0,-1.221607337,4.404455232,-3.182679757
60.12,-64.9959342,0.05295810795,0.5960328931,0.3177351982,0,-1.221606517,4.404455025,-3.182680261
60.13,-64.99593589,0.05295809773,0.5960328293,0.3177352055,0,-1.221605697,4.404454814,-3.182680766
60.14,-64.99593757,0.0529580875,0.5960327657,0.3177352128,0,-1.221604877,4.4044546,-3.182681271
60.15,-64.99593926,0.05295807725,0.5960327023,0.31773522,0,-1.221604056,4.404454382,-3.182681777
60.16,-64.99594094,0.052958067,0.596032639,0.3177352272,0,-1.221603234,4.40445416,-3.182682283
60.17,-64.99594263,0.05295805673,0.5960325758,0.3177352343,0,-1.221602412,4.404453935,-3.182682789
60.18,-64.99594432,0.05295804645,0.5960325128,0.3177352413,0,-1.22160159,4.404453706,-3.182683295
60.19,-64.99594601,0.05295803616,0.5960324499,0.3177352483,0,-1.221600767,4.404453473,-3.182683802
60.2,-64.9959477,0.05295802586,0.5960323872,0.3177352552,0,-1.221599943,4.404453237,-3.182684309
60.21,-64.99594939,0.05295801555,0.5960323246,0.3177352621,0,-1.221599119,4.404452997,-3.182684816
60.22,-64.99595108,0.05295800523,0.5960322622,0.3177352689,0,-1.221598295,4.404452754,-3.182685323
60.23,-64.99595277,0.0529579949,0.5960321999,0.3177352756,0,-1.221597471,4.404452506,-3.18268583
60.24,-64.99595446,0.05295798456,0.5960321377,0.3177352823,0,-1.221596646,4.404452256,-3.182686338
60.25,-64.99595615,0.05295797421,0.5960320757,0.3177352889,0,-1.22159582,4.404452002,-3.182686846
60.26,-64.99595785,0.05295796385,0.5960320138,0.3177352955,0,-1.221594995,4.404451744,-3.182687354
60.27,-64.99595954,0.05295795348,0.5960319521,0.317735302,0,-1.221594169,4.404451483,-3.182687862
60.28,-64.99596124,0.05295794311,0.5960318905,0.3177353084,0,-1.221593342,4.404451218,-3.182688371
60.29,-64.99596293,0.05295793272,0.596031829,0.3177353148,0,-1.221592516,4.404450949,-3.182688879
60.3,-64.99596463,0.05295792233,0.5960317677,0.3177353211,0,-1.221591689,4.404450678,-3.182689388
60.31,-64.99596632,0.05295791193,0.5960317066,0.3177353274,0,-1.221590862,4.404450403,-3.182689897
60.32,-64.99596802,0.05295790152,0.5960316455,0.3177353336,0,-1.221590034,4.404450124,-3.182690406
60.33,-64.99596972,0.0529578911,0.5960315847,0.3177353397,0,-1.221589207,4.404449842,-3.182690915
60.34,-64.99597141,0.05295788068,0.5960315239,0.3177353458,0,-1.221588379,4.404449557,-3.182691424
60.35,-64.99597311,0.05295787025,0.5960314633,0.3177353518,0,-1.221587551,4.404449268,-3.182691934
60.36,-64.99597481,0.05295785981,0.5960314029,0.3177353578,0,-1.221586722,4.404448976,-3.182692443
60.37,-64.99597651,0.05295784936,0.5960313425,0.3177353637,0,-1.221585894,4.40444868,-3.182692953
60.38,-64.99597821,0.05295783891,0.5960312824,0.3177353695,0,-1.221585065,4.404448381,-3.182693462
60.39,-64.99597991,0.05295782845,0.5960312223,0.3177353753,0,-1.221584237,4.404448079,-3.182693972
60.4,-64.9959816,0.05295781799,0.5960311624,0.3177353811,0,-1.221583408,4.404447774,-3.182694481
60.41,-64.9959833,0.05295780752,0.5960311027,0.3177353868,0,-1.221582579,4.404447465,-3.182694991
60.42,-64.995985,0.05295779704,0.596031043,0.3177353924,0,-1.22158175,4.404447153,-3.182695501
60.43,-64.9959867,0.05295778656,0.5960309836,0.3177353979,0,-1.221580921,4.404446838,-3.18269601
60.44,-64.9959884,0.05295777607,0.5960309242,0.3177354034,0,-1.221580091,4.40444652,-3.18269652
60.45,-64.9959901,0.05295776558,0.596030865,0.3177354089,0,-1.221579262,4.404446198,-3.18269703
60.46,-64.9959918,0.05295775508,0.596030806,0.3177354143,0,-1.221578433,4.404445874,-3.18269754
60.47,-64.9959935,0.05295774458,0.596030747,0.3177354196,0,-1.221577603,4.404445546,-3.182698049
60.48,-64.9959952,0.05295773408,0.5960306883,0.3177354249,0,-1.221576774,4.404445215,-3.182698559
60.49,-64.9959969,0.05295772357,0.5960306296,0.3177354301,0,-1.221575944,4.404444881,-3.182699069
60.5,-64.99599859,0.05295771305,0.5960305711,0.3177354352,0,-1.221575115,4.404444543,-3.182699578
60.51,-64.99600029,0.05295770253,0.5960305127,0.3177354403,0,-1.221574285,4.404444203,-3.182700088
60.52,-64.99600199,0.05295769201,0.5960304545,0.3177354454,0,-1.221573456,4.40444386,-3.182700597
60.53,-64.99600369,0.05295768149,0.5960303964,0.3177354504,0,-1.221572627,4.404443513,-3.182701106
60.54,-64.99600539,0.05295767096,0.5960303385,0.3177354553,0,-1.221571797,4.404443163,-3.182701616
60.55,-64.99600708,0.05295766043,0.5960302807,0.3177354602,0,-1.221570968,4.404442811,-3.182702125
60.56,-64.99600878,0.0529576499,0.596030223,0.317735465,0,-1.221570139,4.404442455,-3.182702634
60.57,-64.99601048,0.05295763936,0.5960301654,0.3177354697,0,-1.22156931,4.404442097,-3.182703143
60.58,-64.99601217,0.05295762882,0.596030108,0.3177354744,0,-1.221568481,4.404441735,-3.182703652
60.59,-64.99601387,0.05295761828,0.5960300508,0.3177354791,0,-1.221567652,4.404441371,-3.182704161
60.6,-64.99601556,0.05295760774,0.5960299936,0.3177354837,0,-1.221566824,4.404441003,-3.182704669
60.61,-64.99601726,0.0529575972,0.5960299366,0.3177354882,0,-1.221565995,4.404440633,-3.182705178
60.62,-64.99601895,0.05295758665,0.5960298798,0.3177354927,0,-1.221565167,4.404440259,-3.182705686
60.63,-64.99602065,0.0529575761,0.5960298231,0.3177354971,0,-1.221564339,4.404439883,-3.182706194
60.64,-64.99602234,0.05295756555,0.5960297665,0.3177355015,0,-1.221563511,4.404439504,-3.182706702
60.65,-64.99602403,0.05295755501,0.59602971,0.3177355058,0,-1.221562683,4.404439122,-3.18270721
60.66,-64.99602573,0.05295754446,0.5960296537,0.3177355101,0,-1.221561856,4.404438738,-3.182707718
60.67,-64.99602742,0.05295753391,0.5960295975,0.3177355143,0,-1.221561029,4.40443835,-3.182708225
60.68,-64.99602911,0.05295752336,0.5960295415,0.3177355184,0,-1.221560202,4.40443796,-3.182708732
60.69,-64.9960308,0.0529575128,0.5960294856,0.3177355225,0,-1.221559375,4.404437566,-3.182709239
60.7,-64.99603249,0.05295750225,0.5960294298,0.3177355265,0,-1.221558548,4.404437171,-3.182709746
60.71,-64.99603417,0.0529574917,0.5960293742,0.3177355305,0,-1.221557722,4.404436772,-3.182710252
60.72,-64.99603586,0.05295748115,0.5960293187,0.3177355345,0,-1.221556896,4.40443637,-3.182710759
60.73,-64.99603755,0.0529574706,0.5960292633,0.3177355383,0,-1.221556071,4.404435966,-3.182711265
60.74,-64.99603923,0.05295746006,0.5960292081,0.3177355421,0,-1.221555246,4.404435559,-3.18271177
60.75,-64.99604092,0.05295744951,0.596029153,0.3177355459,0,-1.221554421,4.40443515,-3.182712276
60.76,-64.9960426,0.05295743896,0.596029098,0.3177355496,0,-1.221553596,4.404434738,-3.182712781
60.77,-64.99604429,0.05295742842,0.5960290432,0.3177355533,0,-1.221552772,4.404434323,-3.182713286
60.78,-64.99604597,0.05295741788,0.5960289885,0.3177355569,0,-1.221551948,4.404433906,-3.182713791
60.79,-64.99604765,0.05295740733,0.5960289339,0.3177355604,0,-1.221551125,4.404433485,-3.182714295
60.8,-64.99604933,0.05295739679,0.5960288795,0.3177355639,0,-1.221550302,4.404433063,-3.182714799
60.81,-64.99605101,0.05295738626,0.5960288252,0.3177355674,0,-1.221549479,4.404432638,-3.182715303
60.82,-64.99605269,0.05295737572,0.596028771,0.3177355708,0,-1.221548657,4.40443221,-3.182715806
60.83,-64.99605436,0.05295736519,0.596028717,0.3177355741,0,-1.221547835,4.404431779,-3.182716309
60.84,-64.99605604,0.05295735466,0.5960286631,0.3177355774,0,-1.221547014,4.404431346,-3.182716812
60.85,-64.99605771,0.05295734413,0.5960286093,0.3177355806,0,-1.221546193,4.404430911,-3.182717314
60.86,-64.99605939,0.05295733361,0.5960285557,0.3177355838,0,-1.221545372,4.404430473,-3.182717816
60.87,-64.99606106,0.05295732309,0.5960285022,0.3177355869,0,-1.221544553,4.404430033,-3.182718318
60.88,-64.99606273,0.05295731257,0.5960284488,0.31773559,0,-1.221543733,4.40442959,-3.182718819
60.89,-64.9960644,0.05295730206,0.5960283955,0.317735593,0,-1.221542914,4.404429145,-3.18271932
60.9,-64.99606607,0.05295729155,0.5960283424,0.3177355959,0,-1.221542096,4.404428697,-3.182719821
60.91,-64.99606774,0.05295728104,0.5960282894,0.3177355989,0,-1.221541278,4.404428247,-3.182720321
60.92,-64.9960694,0.05295727054,0.5960282366,0.3177356017,0,-1.221540461,4.404427794,-3.182720821
60.93,-64.99607107,0.05295726005,0.5960281839,0.3177356045,0,-1.221539644,4.404427339,-3.18272132
60.94,-64.99607273,0.05295724955,0.5960281313,0.3177356073,0,-1.221538828,4.404426882,-3.182721819
60.95,-64.99607439,0.05295723907,0.5960280788,0.31773561,0,-1.221538012,4.404426422,-3.182722317
60.96,-64.99607605,0.05295722858,0.5960280265,0.3177356127,0,-1.221537197,4.40442596,-3.182722816
60.97,-64.99607771,0.0529572181,0.5960279743,0.3177356153,0,-1.221536383,4.404425496,-3.182723313
60.98,-64.99607937,0.05295720763,0.5960279222,0.3177356178,0,-1.221535569,4.404425029,-3.18272381
60.99,-64.99608102,0.05295719716,0.5960278703,0.3177356203,0,-1.221534756,4.404424561,-3.182724307
61,-64.99608268,0.0529571867,0.5960278185,0.3177356228,0,-1.221533943,4.404424089,-3.182724803
61.01,-64.99608433,0.05295717625,0.5960277668,0.3177356252,0,-1.221533131,4.404423616,-3.182725299
61.02,-64.99608598,0.0529571658,0.5960277152,0.3177356275,0,-1.22153232,4.404423141,-3.182725794
61.03,-64.99608763,0.05295715535,0.5960276638,0.3177356298,0,-1.221531509,4.404422663,-3.182726289
61.04,-64.99608928,0.05295714491,0.5960276125,0.3177356321,0,-1.221530699,4.404422183,-3.182726784
61.05,-64.99609092,0.05295713448,0.5960275613,0.3177356342,0,-1.22152989,4.4044217,-3.182727277
61.06,-64.99609257,0.05295712406,0.5960275103,0.3177356364,0,-1.221529081,4.404421216,-3.182727771
61.07,-64.99609421,0.05295711364,0.5960274593,0.3177356385,0,-1.221528274,4.40442073,-3.182728264
61.08,-64.99609585,0.05295710323,0.5960274086,0.3177356405,0,-1.221527466,4.404420241,-3.182728756
61.09,-64.99609749,0.05295709282,0.5960273579,0.3177356425,0,-1.22152666,4.40441975,-3.182729248
61.1,-64.99609913,0.05295708243,0.5960273073,0.3177356445,0,-1.221525854,4.404419257,-3.182729739
61.11,-64.99610077,0.05295707204,0.5960272569,0.3177356464,0,-1.22152505,4.404418762,-3.18273023
61.12,-64.9961024,0.05295706165,0.5960272067,0.3177356482,0,-1.221524245,4.404418265,-3.18273072
61.13,-64.99610403,0.05295705128,0.5960271565,0.31773565,0,-1.221523442,4.404417766,-3.18273121
61.14,-64.99610566,0.05295704091,0.5960271065,0.3177356518,0,-1.221522639,4.404417265,-3.182731699
61.15,-64.99610729,0.05295703055,0.5960270566,0.3177356535,0,-1.221521838,4.404416762,-3.182732187
61.16,-64.99610892,0.0529570202,0.5960270068,0.3177356551,0,-1.221521037,4.404416257,-3.182732675
61.17,-64.99611054,0.05295700986,0.5960269571,0.3177356567,0,-1.221520236,4.40441575,-3.182733162
61.18,-64.99611216,0.05295699953,0.5960269076,0.3177356583,0,-1.221519437,4.404415241,-3.182733649
61.19,-64.99611378,0.0529569892,0.5960268582,0.3177356598,0,-1.221518639,4.40441473,-3.182734135
61.2,-64.9961154,0.05295697889,0.5960268089,0.3177356613,0,-1.221517841,4.404414217,-3.182734621
61.21,-64.99611702,0.05295696858,0.5960267597,0.3177356627,0,-1.221517044,4.404413702,-3.182735106
61.22,-64.99611863,0.05295695828,0.5960267107,0.317735664,0,-1.221516248,4.404413185,-3.18273559
61.23,-64.99612025,0.05295694799,0.5960266618,0.3177356653,0,-1.221515453,4.404412666,-3.182736074
61.24,-64.99612186,0.05295693771,0.596026613,0.3177356666,0,-1.221514659,4.404412146,-3.182736557
61.25,-64.99612346,0.05295692744,0.5960265643,0.3177356678,0,-1.221513866,4.404411623,-3.182737039
61.26,-64.99612507,0.05295691718,0.5960265158,0.317735669,0,-1.221513073,4.404411099,-3.182737521
61.27,-64.99612667,0.05295690693,0.5960264674,0.3177356701,0,-1.221512282,4.404410573,-3.182738002
61.28,-64.99612828,0.05295689669,0.5960264191,0.3177356712,0,-1.221511491,4.404410045,-3.182738483
61.29,-64.99612988,0.05295688646,0.5960263709,0.3177356722,0,-1.221510701,4.404409515,-3.182738963
61.3,-64.99613147,0.05295687624,0.5960263229,0.3177356732,0,-1.221509913,4.404408984,-3.182739442
61.31,-64.99613307,0.05295686603,0.5960262749,0.3177356742,0,-1.221509125,4.404408451,-3.182739921
61.32,-64.99613466,0.05295685583,0.5960262271,0.3177356751,0,-1.221508338,4.404407916,-3.182740399
61.33,-64.99613625,0.05295684565,0.5960261794,0.3177356759,0,-1.221507552,4.404407379,-3.182740876
61.34,-64.99613784,0.05295683547,0.5960261319,0.3177356767,0,-1.221506767,4.40440684,-3.182741352
61.35,-64.99613943,0.0529568253,0.5960260844,0.3177356775,0,-1.221505984,4.4044063,-3.182741828
61.36,-64.99614101,0.05295681515,0.5960260371,0.3177356782,0,-1.221505201,4.404405758,-3.182742303
61.37,-64.99614259,0.052956805,0.5960259899,0.3177356788,0,-1.221504419,4.404405215,-3.182742778
61.38,-64.99614417,0.05295679487,0.5960259428,0.3177356794,0,-1.221503638,4.40440467,-3.182743251
61.39,-64.99614575,0.05295678475,0.5960258959,0.31773568,0,-1.221502858,4.404404123,-3.182743724
61.4,-64.99614732,0.05295677464,0.596025849,0.3177356805,0,-1.221502079,4.404403575,-3.182744197
61.41,-64.99614889,0.05295676455,0.5960258023,0.317735681,0,-1.221501302,4.404403024,-3.182744668
61.42,-64.99615046,0.05295675446,0.5960257557,0.3177356815,0,-1.221500525,4.404402473,-3.182745139
61.43,-64.99615203,0.05295674439,0.5960257092,0.3177356818,0,-1.221499749,4.40440192,-3.182745609
61.44,-64.99615359,0.05295673433,0.5960256628,0.3177356822,0,-1.221498975,4.404401365,-3.182746078
61.45,-64.99615516,0.05295672428,0.5960256166,0.3177356825,0,-1.221498201,4.404400809,-3.182746547
61.46,-64.99615672,0.05295671425,0.5960255705,0.3177356828,0,-1.221497429,4.404400251,-3.182747015
61.47,-64.99615827,0.05295670422,0.5960255244,0.317735683,0,-1.221496658,4.404399691,-3.182747482
61.48,-64.99615983,0.05295669421,0.5960254786,0.3177356831,0,-1.221495887,4.40439913,-3.182747948
61.49,-64.99616138,0.05295668422,0.5960254328,0.3177356833,0,-1.221495118,4.404398568,-3.182748413
61.5,-64.99616293,0.05295667423,0.5960253871,0.3177356833,0,-1.22149435,4.404398004,-3.182748878
61.51,-64.99616447,0.05295666426,0.5960253416,0.3177356834,0,-1.221493584,4.404397439,-3.182749342
61.52,-64.99616602,0.05295665431,0.5960252962,0.3177356834,0,-1.221492818,4.404396872,-3.182749805
61.53,-64.99616756,0.05295664436,0.5960252508,0.3177356833,0,-1.221492053,4.404396304,-3.182750268
61.54,-64.9961691,0.05295663443,0.5960252057,0.3177356832,0,-1.22149129,4.404395735,-3.182750729
61.55,-64.99617063,0.05295662452,0.5960251606,0.3177356831,0,-1.221490528,4.404395164,-3.18275119
61.56,-64.99617217,0.05295661461,0.5960251156,0.3177356829,0,-1.221489767,4.404394591,-3.18275165
61.57,-64.9961737,0.05295660472,0.5960250708,0.3177356827,0,-1.221489007,4.404394017,-3.182752109
61.58,-64.99617522,0.05295659485,0.596025026,0.3177356824,0,-1.221488248,4.404393442,-3.182752567
61.59,-64.99617675,0.05295658499,0.5960249814,0.3177356821,0,-1.22148749,4.404392866,-3.182753025
61.6,-64.99617827,0.05295657514,0.5960249369,0.3177356818,0,-1.221486734,4.404392288,-3.182753481
61.61,-64.99617979,0.05295656531,0.5960248926,0.3177356814,0,-1.221485979,4.404391709,-3.182753937
61.62,-64.99618131,0.0529565555,0.5960248483,0.317735681,0,-1.221485225,4.404391129,-3.182754392
61.63,-64.99618282,0.0529565457,0.5960248041,0.3177356805,0,-1.221484473,4.404390547,-3.182754846
61.64,-64.99618433,0.05295653591,0.5960247601,0.31773568,0,-1.221483721,4.404389965,-3.182755299
61.65,-64.99618584,0.05295652614,0.5960247162,0.3177356794,0,-1.221482971,4.40438938,-3.182755752
61.66,-64.99618734,0.05295651638,0.5960246723,0.3177356788,0,-1.221482222,4.404388795,-3.182756203
61.67,-64.99618885,0.05295650664,0.5960246286,0.3177356782,0,-1.221481474,4.404388209,-3.182756654
61.68,-64.99619035,0.05295649691,0.5960245851,0.3177356775,0,-1.221480728,4.404387621,-3.182757104
61.69,-64.99619184,0.0529564872,0.5960245416,0.3177356768,0,-1.221479983,4.404387032,-3.182757553
61.7,-64.99619334,0.05295647751,0.5960244982,0.317735676,0,-1.221479239,4.404386442,-3.182758001
61.71,-64.99619483,0.05295646783,0.596024455,0.3177356752,0,-1.221478496,4.40438585,-3.182758448
61.72,-64.99619631,0.05295645816,0.5960244118,0.3177356744,0,-1.221477755,4.404385258,-3.182758894
61.73,-64.9961978,0.05295644851,0.5960243688,0.3177356735,0,-1.221477015,4.404384664,-3.18275934
61.74,-64.99619928,0.05295643888,0.5960243259,0.3177356726,0,-1.221476276,4.40438407,-3.182759784
61.75,-64.99620076,0.05295642927,0.5960242831,0.3177356716,0,-1.221475539,4.404383474,-3.182760228
61.76,-64.99620223,0.05295641967,0.5960242404,0.3177356706,0,-1.221474803,4.404382877,-3.18276067
61.77,-64.99620371,0.05295641009,0.5960241978,0.3177356696,0,-1.221474068,4.404382279,-3.182761112
61.78,-64.99620518,0.05295640052,0.5960241553,0.3177356685,0,-1.221473335,4.40438168,-3.182761553
61.79,-64.99620664,0.05295639097,0.596024113,0.3177356674,0,-1.221472602,4.40438108,-3.182761993
61.8,-64.99620811,0.05295638144,0.5960240707,0.3177356662,0,-1.221471872,4.404380479,-3.182762432
61.81,-64.99620957,0.05295637192,0.5960240286,0.317735665,0,-1.221471142,4.404379877,-3.18276287
61.82,-64.99621102,0.05295636242,0.5960239865,0.3177356638,0,-1.221470414,4.404379274,-3.182763307
61.83,-64.99621248,0.05295635294,0.5960239446,0.3177356625,0,-1.221469688,4.40437867,-3.182763743
61.84,-64.99621393,0.05295634347,0.5960239028,0.3177356612,0,-1.221468963,4.404378065,-3.182764178
61.85,-64.99621538,0.05295633402,0.5960238611,0.3177356599,0,-1.221468239,4.404377459,-3.182764613
61.86,-64.99621682,0.05295632459,0.5960238195,0.3177356585,0,-1.221467516,4.404376852,-3.182765046
61.87,-64.99621826,0.05295631518,0.596023778,0.3177356571,0,-1.221466795,4.404376244,-3.182765479
61.88,-64.9962197,0.05295630578,0.5960237366,0.3177356556,0,-1.221466075,4.404375635,-3.18276591
61.89,-64.99622113,0.05295629641,0.5960236953,0.3177356541,0,-1.221465357,4.404375025,-3.18276634
61.9,-64.99622257,0.05295628705,0.5960236542,0.3177356526,0,-1.22146464,4.404374414,-3.18276677
61.91,-64.99622399,0.0529562777,0.5960236131,0.317735651,0,-1.221463925,4.404373803,-3.182767198
61.92,-64.99622542,0.05295626838,0.5960235722,0.3177356494,0,-1.221463211,4.40437319,-3.182767626
61.93,-64.99622684,0.05295625907,0.5960235313,0.3177356477,0,-1.221462498,4.404372577,-3.182768053
61.94,-64.99622826,0.05295624978,0.5960234906,0.317735646,0,-1.221461787,4.404371963,-3.182768478
61.95,-64.99622968,0.05295624051,0.5960234499,0.3177356443,0,-1.221461077,4.404371348,-3.182768903
61.96,-64.99623109,0.05295623126,0.5960234094,0.3177356425,0,-1.221460369,4.404370733,-3.182769326
61.97,-64.9962325,0.05295622203,0.596023369,0.3177356407,0,-1.221459662,4.404370116,-3.182769749
61.98,-64.9962339,0.05295621281,0.5960233287,0.3177356389,0,-1.221458957,4.404369499,-3.182770171
61.99,-64.9962353,0.05295620362,0.5960232884,0.317735637,0,-1.221458253,4.404368881,-3.182770591
62,-64.9962367,0.05295619444,0.5960232483,0.3177356351,0,-1.221457551,4.404368262,-3.182771011
62.01,-64.9962381,0.05295618528,0.5960232083,0.3177356332,0,-1.22145685,4.404367642,-3.182771429
62.02,-64.99623949,0.05295617614,0.5960231684,0.3177356312,0,-1.22145615,4.404367022,-3.182771847
62.03,-64.99624088,0.05295616702,0.5960231286,0.3177356292,0,-1.221455452,4.404366401,-3.182772264
62.04,-64.99624226,0.05295615792,0.5960230889,0.3177356272,0,-1.221454756,4.404365779,-3.182772679
62.05,-64.99624365,0.05295614884,0.5960230493,0.3177356251,0,-1.221454061,4.404365157,-3.182773094
62.06,-64.99624502,0.05295613977,0.5960230099,0.317735623,0,-1.221453368,4.404364534,-3.182773507
62.07,-64.9962464,0.05295613073,0.5960229705,0.3177356208,0,-1.221452676,4.40436391,-3.18277392
62.08,-64.99624777,0.05295612171,0.5960229312,0.3177356186,0,-1.221451985,4.404363286,-3.182774331
62.09,-64.99624914,0.0529561127,0.596022892,0.3177356164,0,-1.221451297,4.404362661,-3.182774741
62.1,-64.9962505,0.05295610372,0.5960228529,0.3177356142,0,-1.221450609,4.404362035,-3.182775151
62.11,-64.99625186,0.05295609475,0.596022814,0.3177356119,0,-1.221449923,4.404361409,-3.182775559
62.12,-64.99625322,0.0529560858,0.5960227751,0.3177356095,0,-1.221449239,4.404360782,-3.182775966
62.13,-64.99625457,0.05295607688,0.5960227363,0.3177356072,0,-1.221448556,4.404360154,-3.182776372
62.14,-64.99625593,0.05295606797,0.5960226976,0.3177356048,0,-1.221447875,4.404359526,-3.182776778
62.15,-64.99625727,0.05295605909,0.5960226591,0.3177356024,0,-1.221447196,4.404358898,-3.182777182
62.16,-64.99625862,0.05295605022,0.5960226206,0.3177355999,0,-1.221446518,4.404358268,-3.182777585
62.17,-64.99625996,0.05295604138,0.5960225822,0.3177355974,0,-1.221445841,4.404357639,-3.182777987
62.18,-64.99626129,0.05295603255,0.596022544,0.3177355949,0,-1.221445166,4.404357008,-3.182778388
62.19,-64.99626262,0.05295602375,0.5960225058,0.3177355923,0,-1.221444493,4.404356378,-3.182778787
62.2,-64.99626395,0.05295601496,0.5960224677,0.3177355898,0,-1.221443821,4.404355747,-3.182779186
62.21,-64.99626528,0.0529560062,0.5960224297,0.3177355871,0,-1.221443151,4.404355115,-3.182779584
62.22,-64.9962666,0.05295599746,0.5960223919,0.3177355845,0,-1.221442483,4.404354483,-3.18277998
62.23,-64.99626792,0.05295598873,0.5960223541,0.3177355818,0,-1.221441816,4.40435385,-3.182780376
62.24,-64.99626923,0.05295598003,0.5960223164,0.3177355791,0,-1.22144115,4.404353217,-3.18278077
62.25,-64.99627055,0.05295597135,0.5960222788,0.3177355763,0,-1.221440486,4.404352583,-3.182781164
62.26,-64.99627185,0.05295596269,0.5960222414,0.3177355735,0,-1.221439824,4.404351949,-3.182781556
62.27,-64.99627316,0.05295595405,0.596022204,0.3177355707,0,-1.221439164,4.404351315,-3.182781947
62.28,-64.99627446,0.05295594543,0.5960221667,0.3177355679,0,-1.221438505,4.40435068,-3.182782337
62.29,-64.99627575,0.05295593684,0.5960221295,0.317735565,0,-1.221437848,4.404350045,-3.182782726
62.3,-64.99627705,0.05295592826,0.5960220924,0.3177355621,0,-1.221437192,4.40434941,-3.182783114
62.31,-64.99627834,0.05295591971,0.5960220554,0.3177355592,0,-1.221436538,4.404348774,-3.182783501
62.32,-64.99627962,0.05295591117,0.5960220185,0.3177355562,0,-1.221435885,4.404348137,-3.182783886
62.33,-64.9962809,0.05295590266,0.5960219817,0.3177355532,0,-1.221435235,4.404347501,-3.182784271
62.34,-64.99628218,0.05295589417,0.596021945,0.3177355502,0,-1.221434586,4.404346864,-3.182784654
62.35,-64.99628346,0.0529558857,0.5960219084,0.3177355471,0,-1.221433938,4.404346227,-3.182785037
62.36,-64.99628473,0.05295587726,0.5960218719,0.317735544,0,-1.221433292,4.404345589,-3.182785418
62.37,-64.99628599,0.05295586883,0.5960218355,0.3177355409,0,-1.221432648,4.404344951,-3.182785798
62.38,-64.99628726,0.05295586043,0.5960217991,0.3177355378,0,-1.221432006,4.404344313,-3.182786177
62.39,-64.99628852,0.05295585205,0.5960217629,0.3177355346,0,-1.221431365,4.404343675,-3.182786555
62.4,-64.99628977,0.05295584369,0.5960217268,0.3177355314,0,-1.221430726,4.404343036,-3.182786932
62.41,-64.99629102,0.05295583535,0.5960216907,0.3177355281,0,-1.221430088,4.404342398,-3.182787307
62.42,-64.99629227,0.05295582704,0.5960216548,0.3177355249,0,-1.221429452,4.404341759,-3.182787682
62.43,-64.99629352,0.05295581874,0.5960216189,0.3177355216,0,-1.221428818,4.404341119,-3.182788055
62.44,-64.99629476,0.05295581047,0.5960215831,0.3177355182,0,-1.221428186,4.40434048,-3.182788427
62.45,-64.99629599,0.05295580222,0.5960215475,0.3177355149,0,-1.221427555,4.40433984,-3.182788798
62.46,-64.99629723,0.052955794,0.5960215119,0.3177355115,0,-1.221426926,4.4043392,-3.182789168
62.47,-64.99629846,0.05295578579,0.5960214764,0.3177355081,0,-1.221426299,4.40433856,-3.182789537
62.48,-64.99629968,0.05295577761,0.596021441,0.3177355047,0,-1.221425673,4.40433792,-3.182789904
62.49,-64.9963009,0.05295576945,0.5960214057,0.3177355012,0,-1.221425049,4.404337279,-3.182790271
62.5,-64.99630212,0.05295576131,0.5960213705,0.3177354977,0,-1.221424427,4.404336639,-3.182790636
62.51,-64.99630333,0.0529557532,0.5960213354,0.3177354942,0,-1.221423806,4.404335998,-3.182791
62.52,-64.99630454,0.05295574511,0.5960213003,0.3177354906,0,-1.221423187,4.404335358,-3.182791363
62.53,-64.99630575,0.05295573704,0.5960212654,0.3177354871,0,-1.22142257,4.404334717,-3.182791725
62.54,-64.99630695,0.05295572899,0.5960212306,0.3177354835,0,-1.221421955,4.404334076,-3.182792086
62.55,-64.99630815,0.05295572097,0.5960211958,0.3177354798,0,-1.221421341,4.404333435,-3.182792445
62.56,-64.99630935,0.05295571297,0.5960211611,0.3177354762,0,-1.221420729,4.404332794,-3.182792804
62.57,-64.99631054,0.05295570499,0.5960211266,0.3177354725,0,-1.221420119,4.404332152,-3.182793161
62.58,-64.99631172,0.05295569703,0.5960210921,0.3177354688,0,-1.22141951,4.404331511,-3.182793517
62.59,-64.99631291,0.0529556891,0.5960210577,0.317735465,0,-1.221418904,4.40433087,-3.182793872
62.6,-64.99631408,0.05295568119,0.5960210234,0.3177354613,0,-1.221418299,4.404330229,-3.182794225
62.61,-64.99631526,0.05295567331,0.5960209891,0.3177354575,0,-1.221417695,4.404329587,-3.182794578
62.62,-64.99631643,0.05295566545,0.596020955,0.3177354537,0,-1.221417094,4.404328946,-3.182794929
62.63,-64.9963176,0.05295565761,0.596020921,0.3177354498,0,-1.221416494,4.404328305,-3.182795279
62.64,-64.99631876,0.05295564979,0.596020887,0.317735446,0,-1.221415896,4.404327664,-3.182795628
62.65,-64.99631992,0.052955642,0.5960208531,0.3177354421,0,-1.2214153,4.404327022,-3.182795976
62.66,-64.99632108,0.05295563423,0.5960208193,0.3177354381,0,-1.221414705,4.404326381,-3.182796323
62.67,-64.99632223,0.05295562649,0.5960207856,0.3177354342,0,-1.221414112,4.40432574,-3.182796668
62.68,-64.99632338,0.05295561876,0.596020752,0.3177354302,0,-1.221413521,4.404325099,-3.182797013
62.69,-64.99632452,0.05295561106,0.5960207185,0.3177354262,0,-1.221412932,4.404324458,-3.182797356
62.7,-64.99632566,0.05295560339,0.5960206851,0.3177354222,0,-1.221412345,4.404323817,-3.182797698
62.71,-64.99632679,0.05295559574,0.5960206517,0.3177354182,0,-1.221411759,4.404323176,-3.182798038
62.72,-64.99632793,0.05295558811,0.5960206185,0.3177354141,0,-1.221411175,4.404322535,-3.182798378
62.73,-64.99632905,0.05295558051,0.5960205853,0.31773541,0,-1.221410593,4.404321894,-3.182798716
62.74,-64.99633018,0.05295557293,0.5960205522,0.3177354059,0,-1.221410012,4.404321254,-3.182799053
62.75,-64.9963313,0.05295556537,0.5960205192,0.3177354018,0,-1.221409434,4.404320613,-3.182799389
62.76,-64.99633241,0.05295555784,0.5960204862,0.3177353976,0,-1.221408857,4.404319973,-3.182799724
62.77,-64.99633353,0.05295555033,0.5960204534,0.3177353934,0,-1.221408282,4.404319333,-3.182800058
62.78,-64.99633463,0.05295554284,0.5960204207,0.3177353892,0,-1.221407709,4.404318693,-3.18280039
62.79,-64.99633574,0.05295553538,0.596020388,0.317735385,0,-1.221407137,4.404318053,-3.182800721
62.8,-64.99633684,0.05295552795,0.5960203554,0.3177353807,0,-1.221406568,4.404317414,-3.182801051
62.81,-64.99633793,0.05295552053,0.5960203229,0.3177353764,0,-1.221406,4.404316774,-3.18280138
62.82,-64.99633903,0.05295551315,0.5960202905,0.3177353721,0,-1.221405434,4.404316135,-3.182801708
62.83,-64.99634011,0.05295550578,0.5960202581,0.3177353678,0,-1.221404869,4.404315496,-3.182802034
62.84,-64.9963412,0.05295549844,0.5960202259,0.3177353635,0,-1.221404307,4.404314857,-3.182802359
62.85,-64.99634228,0.05295549113,0.5960201937,0.3177353591,0,-1.221403746,4.404314219,-3.182802683
62.86,-64.99634335,0.05295548383,0.5960201616,0.3177353547,0,-1.221403187,4.40431358,-3.182803006
62.87,-64.99634443,0.05295547657,0.5960201296,0.3177353503,0,-1.22140263,4.404312942,-3.182803328
62.88,-64.99634549,0.05295546932,0.5960200976,0.3177353458,0,-1.221402075,4.404312305,-3.182803648
62.89,-64.99634656,0.0529554621,0.5960200658,0.3177353414,0,-1.221401521,4.404311667,-3.182803967
62.9,-64.99634762,0.05295545491,0.596020034,0.3177353369,0,-1.22140097,4.40431103,-3.182804285
62.91,-64.99634867,0.05295544774,0.5960200023,0.3177353324,0,-1.22140042,4.404310393,-3.182804602
62.92,-64.99634972,0.05295544059,0.5960199707,0.3177353279,0,-1.221399872,4.404309756,-3.182804917
62.93,-64.99635077,0.05295543347,0.5960199392,0.3177353233,0,-1.221399326,4.40430912,-3.182805232
62.94,-64.99635182,0.05295542638,0.5960199078,0.3177353188,0,-1.221398781,4.404308484,-3.182805545
62.95,-64.99635285,0.0529554193,0.5960198764,0.3177353142,0,-1.221398239,4.404307848,-3.182805856
62.96,-64.99635389,0.05295541226,0.5960198451,0.3177353096,0,-1.221397698,4.404307213,-3.182806167
62.97,-64.99635492,0.05295540523,0.5960198139,0.317735305,0,-1.221397159,4.404306578,-3.182806477
62.98,-64.99635595,0.05295539823,0.5960197828,0.3177353003,0,-1.221396622,4.404305943,-3.182806785
62.99,-64.99635697,0.05295539126,0.5960197517,0.3177352956,0,-1.221396086,4.404305309,-3.182807092
63,-64.99635799,0.05295538431,0.5960197207,0.317735291,0,-1.221395553,4.404304675,-3.182807398
63.01,-64.99635901,0.05295537739,0.5960196899,0.3177352862,0,-1.221395021,4.404304042,-3.182807702
63.02,-64.99636002,0.05295537049,0.596019659,0.3177352815,0,-1.221394492,4.404303409,-3.182808005
63.03,-64.99636103,0.05295536361,0.5960196283,0.3177352768,0,-1.221393964,4.404302776,-3.182808308
63.04,-64.99636203,0.05295535676,0.5960195976,0.317735272,0,-1.221393437,4.404302143,-3.182808609
63.05,-64.99636303,0.05295534994,0.596019567,0.3177352672,0,-1.221392913,4.404301512,-3.182808908
63.06,-64.99636402,0.05295534314,0.5960195365,0.3177352624,0,-1.221392391,4.40430088,-3.182809207
63.07,-64.99636501,0.05295533636,0.5960195061,0.3177352576,0,-1.22139187,4.404300249,-3.182809504
63.08,-64.996366,0.05295532961,0.5960194758,0.3177352527,0,-1.221391351,4.404299619,-3.1828098
63.09,-64.99636698,0.05295532289,0.5960194455,0.3177352479,0,-1.221390834,4.404298988,-3.182810095
63.1,-64.99636796,0.05295531619,0.5960194153,0.317735243,0,-1.221390319,4.404298359,-3.182810388
63.11,-64.99636894,0.05295530951,0.5960193851,0.3177352381,0,-1.221389806,4.40429773,-3.182810681
63.12,-64.99636991,0.05295530286,0.5960193551,0.3177352332,0,-1.221389294,4.404297101,-3.182810972
63.13,-64.99637087,0.05295529623,0.5960193251,0.3177352283,0,-1.221388785,4.404296473,-3.182811262
63.14,-64.99637183,0.05295528963,0.5960192952,0.3177352233,0,-1.221388277,4.404295845,-3.18281155
63.15,-64.99637279,0.05295528306,0.5960192654,0.3177352183,0,-1.221387771,4.404295218,-3.182811838
63.16,-64.99637375,0.05295527651,0.5960192356,0.3177352133,0,-1.221387267,4.404294591,-3.182812124
63.17,-64.9963747,0.05295526998,0.5960192059,0.3177352083,0,-1.221386765,4.404293965,-3.182812409
63.18,-64.99637564,0.05295526348,0.5960191763,0.3177352033,0,-1.221386264,4.404293339,-3.182812693
63.19,-64.99637658,0.05295525701,0.5960191468,0.3177351983,0,-1.221385766,4.404292714,-3.182812975
63.2,-64.99637752,0.05295525056,0.5960191173,0.3177351932,0,-1.221385269,4.40429209,-3.182813257
63.21,-64.99637846,0.05295524413,0.596019088,0.3177351881,0,-1.221384774,4.404291466,-3.182813537
63.22,-64.99637938,0.05295523773,0.5960190586,0.317735183,0,-1.221384281,4.404290842,-3.182813815
63.23,-64.99638031,0.05295523136,0.5960190294,0.3177351779,0,-1.22138379,4.40429022,-3.182814093
63.24,-64.99638123,0.05295522501,0.5960190002,0.3177351728,0,-1.2213833,4.404289597,-3.182814369
63.25,-64.99638215,0.05295521868,0.5960189711,0.3177351677,0,-1.221382813,4.404288976,-3.182814645
63.26,-64.99638306,0.05295521238,0.5960189421,0.3177351625,0,-1.221382327,4.404288355,-3.182814919
63.27,-64.99638397,0.05295520611,0.5960189132,0.3177351573,0,-1.221381844,4.404287734,-3.182815191
63.28,-64.99638488,0.05295519986,0.5960188843,0.3177351521,0,-1.221381362,4.404287114,-3.182815463
63.29,-64.99638578,0.05295519364,0.5960188555,0.3177351469,0,-1.221380882,4.404286495,-3.182815733
63.3,-64.99638667,0.05295518744,0.5960188267,0.3177351417,0,-1.221380403,4.404285877,-3.182816002
63.31,-64.99638757,0.05295518127,0.5960187981,0.3177351365,0,-1.221379927,4.404285259,-3.18281627
63.32,-64.99638845,0.05295517512,0.5960187695,0.3177351312,0,-1.221379453,4.404284642,-3.182816536
63.33,-64.99638934,0.052955169,0.5960187409,0.317735126,0,-1.22137898,4.404284025,-3.182816802
63.34,-64.99639022,0.0529551629,0.5960187125,0.3177351207,0,-1.221378509,4.404283409,-3.182817066
63.35,-64.9963911,0.05295515683,0.5960186841,0.3177351154,0,-1.22137804,4.404282794,-3.182817329
63.36,-64.99639197,0.05295515079,0.5960186557,0.3177351101,0,-1.221377573,4.404282179,-3.18281759
63.37,-64.99639284,0.05295514477,0.5960186275,0.3177351047,0,-1.221377108,4.404281565,-3.182817851
63.38,-64.9963937,0.05295513877,0.5960185993,0.3177350994,0,-1.221376644,4.404280952,-3.18281811
63.39,-64.99639456,0.0529551328,0.5960185712,0.317735094,0,-1.221376183,4.404280339,-3.182818368
63.4,-64.99639542,0.05295512686,0.5960185431,0.3177350887,0,-1.221375723,4.404279728,-3.182818625
63.41,-64.99639627,0.05295512094,0.5960185152,0.3177350833,0,-1.221375265,4.404279117,-3.18281888
63.42,-64.99639712,0.05295511504,0.5960184873,0.3177350779,0,-1.221374809,4.404278506,-3.182819135
63.43,-64.99639796,0.05295510917,0.5960184594,0.3177350725,0,-1.221374355,4.404277897,-3.182819388
63.44,-64.9963988,0.05295510333,0.5960184316,0.317735067,0,-1.221373903,4.404277288,-3.18281964
63.45,-64.99639963,0.05295509751,0.5960184039,0.3177350616,0,-1.221373452,4.40427668,-3.18281989
63.46,-64.99640047,0.05295509172,0.5960183763,0.3177350562,0,-1.221373004,4.404276072,-3.18282014
63.47,-64.99640129,0.05295508596,0.5960183487,0.3177350507,0,-1.221372557,4.404275466,-3.182820388
63.48,-64.99640212,0.05295508021,0.5960183212,0.3177350452,0,-1.221372112,4.40427486,-3.182820635
63.49,-64.99640293,0.0529550745,0.5960182937,0.3177350397,0,-1.221371669,4.404274255,-3.18282088
63.5,-64.99640375,0.05295506881,0.5960182664,0.3177350342,0,-1.221371228,4.40427365,-3.182821125
63.51,-64.99640456,0.05295506314,0.5960182391,0.3177350287,0,-1.221370789,4.404273047,-3.182821368
63.52,-64.99640537,0.0529550575,0.5960182118,0.3177350232,0,-1.221370351,4.404272444,-3.18282161
63.53,-64.99640617,0.05295505189,0.5960181846,0.3177350176,0,-1.221369915,4.404271842,-3.182821851
63.54,-64.99640697,0.0529550463,0.5960181575,0.3177350121,0,-1.221369482,4.404271241,-3.182822091
63.55,-64.99640776,0.05295504074,0.5960181304,0.3177350065,0,-1.22136905,4.404270641,-3.182822329
63.56,-64.99640855,0.0529550352,0.5960181035,0.3177350009,0,-1.22136862,4.404270041,-3.182822566
63.57,-64.99640934,0.05295502969,0.5960180765,0.3177349953,0,-1.221368191,4.404269443,-3.182822802
63.58,-64.99641012,0.0529550242,0.5960180497,0.3177349897,0,-1.221367765,4.404268845,-3.182823037
63.59,-64.9964109,0.05295501874,0.5960180229,0.3177349841,0,-1.22136734,4.404268248,-3.182823271
63.6,-64.99641168,0.0529550133,0.5960179961,0.3177349785,0,-1.221366918,4.404267652,-3.182823503
63.61,-64.99641245,0.05295500789,0.5960179695,0.3177349728,0,-1.221366497,4.404267057,-3.182823734
63.62,-64.99641321,0.0529550025,0.5960179429,0.3177349672,0,-1.221366078,4.404266462,-3.182823964
63.63,-64.99641397,0.05295499714,0.5960179163,0.3177349615,0,-1.221365661,4.404265869,-3.182824192
63.64,-64.99641473,0.05295499181,0.5960178898,0.3177349559,0,-1.221365245,4.404265276,-3.18282442
63.65,-64.99641549,0.0529549865,0.5960178634,0.3177349502,0,-1.221364832,4.404264684,-3.182824646
63.66,-64.99641624,0.05295498122,0.596017837,0.3177349445,0,-1.22136442,4.404264094,-3.182824871
63.67,-64.99641698,0.05295497596,0.5960178107,0.3177349388,0,-1.22136401,4.404263504,-3.182825095
63.68,-64.99641773,0.05295497073,0.5960177845,0.3177349331,0,-1.221363602,4.404262915,-3.182825318
63.69,-64.99641846,0.05295496552,0.5960177583,0.3177349273,0,-1.221363196,4.404262326,-3.182825539
63.7,-64.9964192,0.05295496033,0.5960177322,0.3177349216,0,-1.221362792,4.404261739,-3.182825759
63.71,-64.99641993,0.05295495518,0.5960177062,0.3177349159,0,-1.221362389,4.404261153,-3.182825978
63.72,-64.99642065,0.05295495005,0.5960176802,0.3177349101,0,-1.221361989,4.404260567,-3.182826196
63.73,-64.99642137,0.05295494494,0.5960176542,0.3177349043,0,-1.22136159,4.404259983,-3.182826412
63.74,-64.99642209,0.05295493986,0.5960176284,0.3177348986,0,-1.221361193,4.4042594,-3.182826628
63.75,-64.99642281,0.0529549348,0.5960176025,0.3177348928,0,-1.221360798,4.404258817,-3.182826842
63.76,-64.99642352,0.05295492977,0.5960175768,0.317734887,0,-1.221360404,4.404258235,-3.182827055
63.77,-64.99642422,0.05295492477,0.5960175511,0.3177348812,0,-1.221360013,4.404257655,-3.182827266
63.78,-64.99642492,0.05295491979,0.5960175255,0.3177348754,0,-1.221359623,4.404257075,-3.182827477
63.79,-64.99642562,0.05295491483,0.5960174999,0.3177348696,0,-1.221359235,4.404256496,-3.182827686
63.8,-64.99642631,0.0529549099,0.5960174744,0.3177348637,0,-1.221358849,4.404255919,-3.182827894
63.81,-64.996427,0.052954905,0.5960174489,0.3177348579,0,-1.221358465,4.404255342,-3.182828101
63.82,-64.99642769,0.05295490012,0.5960174235,0.317734852,0,-1.221358083,4.404254766,-3.182828307
63.83,-64.99642837,0.05295489527,0.5960173982,0.3177348462,0,-1.221357702,4.404254191,-3.182828512
63.84,-64.99642905,0.05295489044,0.5960173729,0.3177348403,0,-1.221357324,4.404253618,-3.182828715
63.85,-64.99642972,0.05295488563,0.5960173476,0.3177348345,0,-1.221356947,4.404253045,-3.182828917
63.86,-64.99643039,0.05295488086,0.5960173225,0.3177348286,0,-1.221356572,4.404252473,-3.182829118
63.87,-64.99643106,0.0529548761,0.5960172974,0.3177348227,0,-1.221356198,4.404251902,-3.182829318
63.88,-64.99643172,0.05295487137,0.5960172723,0.3177348168,0,-1.221355827,4.404251333,-3.182829516
63.89,-64.99643238,0.05295486667,0.5960172473,0.3177348109,0,-1.221355457,4.404250764,-3.182829714
63.9,-64.99643303,0.05295486199,0.5960172223,0.317734805,0,-1.22135509,4.404250196,-3.18282991
63.91,-64.99643368,0.05295485734,0.5960171975,0.3177347991,0,-1.221354723,4.40424963,-3.182830105
63.92,-64.99643433,0.05295485271,0.5960171726,0.3177347931,0,-1.221354359,4.404249064,-3.182830299
63.93,-64.99643497,0.05295484811,0.5960171478,0.3177347872,0,-1.221353997,4.4042485,-3.182830491
63.94,-64.99643561,0.05295484354,0.5960171231,0.3177347813,0,-1.221353636,4.404247936,-3.182830683
63.95,-64.99643624,0.05295483898,0.5960170985,0.3177347753,0,-1.221353277,4.404247374,-3.182830873
63.96,-64.99643687,0.05295483446,0.5960170738,0.3177347694,0,-1.22135292,4.404246812,-3.182831062
63.97,-64.9964375,0.05295482995,0.5960170493,0.3177347634,0,-1.221352565,4.404246252,-3.18283125
63.98,-64.99643812,0.05295482548,0.5960170248,0.3177347574,0,-1.221352212,4.404245693,-3.182831437
63.99,-64.99643874,0.05295482102,0.5960170003,0.3177347515,0,-1.22135186,4.404245135,-3.182831622
64,-64.99643936,0.0529548166,0.5960169759,0.3177347455,0,-1.221351511,4.404244578,-3.182831807
64.01,-64.99643997,0.05295481219,0.5960169516,0.3177347395,0,-1.221351162,4.404244022,-3.18283199
64.02,-64.99644057,0.05295480782,0.5960169273,0.3177347335,0,-1.221350816,4.404243467,-3.182832172
64.03,-64.99644118,0.05295480346,0.5960169031,0.3177347275,0,-1.221350472,4.404242913,-3.182832353
64.04,-64.99644177,0.05295479914,0.5960168789,0.3177347215,0,-1.221350129,4.404242361,-3.182832532
64.05,-64.99644237,0.05295479483,0.5960168548,0.3177347155,0,-1.221349788,4.404241809,-3.182832711
64.06,-64.99644296,0.05295479055,0.5960168307,0.3177347095,0,-1.221349449,4.404241259,-3.182832888
64.07,-64.99644355,0.0529547863,0.5960168067,0.3177347035,0,-1.221349112,4.404240709,-3.182833064
64.08,-64.99644413,0.05295478207,0.5960167827,0.3177346974,0,-1.221348776,4.404240161,-3.182833239
64.09,-64.99644471,0.05295477787,0.5960167588,0.3177346914,0,-1.221348443,4.404239614,-3.182833413
64.1,-64.99644529,0.05295477369,0.5960167349,0.3177346854,0,-1.221348111,4.404239068,-3.182833586
64.11,-64.99644586,0.05295476954,0.5960167111,0.3177346793,0,-1.221347781,4.404238523,-3.182833758
64.12,-64.99644643,0.05295476541,0.5960166873,0.3177346733,0,-1.221347452,4.40423798,-3.182833928
64.13,-64.99644699,0.0529547613,0.5960166636,0.3177346672,0,-1.221347126,4.404237437,-3.182834097
64.14,-64.99644755,0.05295475722,0.5960166399,0.3177346612,0,-1.221346801,4.404236896,-3.182834265
64.15,-64.99644811,0.05295475316,0.5960166163,0.3177346551,0,-1.221346478,4.404236356,-3.182834432
64.16,-64.99644866,0.05295474913,0.5960165928,0.317734649,0,-1.221346156,4.404235817,-3.182834598
64.17,-64.99644921,0.05295474513,0.5960165693,0.317734643,0,-1.221345837,4.404235279,-3.182834763
64.18,-64.99644975,0.05295474114,0.5960165458,0.3177346369,0,-1.221345519,4.404234742,-3.182834926
64.19,-64.99645029,0.05295473719,0.5960165224,0.3177346308,0,-1.221345203,4.404234207,-3.182835088
64.2,-64.99645083,0.05295473325,0.596016499,0.3177346247,0,-1.221344888,4.404233672,-3.182835249
64.21,-64.99645136,0.05295472934,0.5960164757,0.3177346187,0,-1.221344576,4.404233139,-3.182835409
64.22,-64.99645189,0.05295472546,0.5960164524,0.3177346126,0,-1.221344265,4.404232607,-3.182835568
64.23,-64.99645242,0.0529547216,0.5960164292,0.3177346065,0,-1.221343956,4.404232077,-3.182835726
64.24,-64.99645294,0.05295471776,0.5960164061,0.3177346004,0,-1.221343649,4.404231547,-3.182835883
64.25,-64.99645346,0.05295471395,0.5960163829,0.3177345943,0,-1.221343343,4.404231019,-3.182836038
64.26,-64.99645398,0.05295471016,0.5960163599,0.3177345882,0,-1.221343039,4.404230491,-3.182836193
64.27,-64.99645449,0.0529547064,0.5960163369,0.3177345821,0,-1.221342737,4.404229966,-3.182836346
64.28,-64.99645499,0.05295470266,0.5960163139,0.317734576,0,-1.221342437,4.404229441,-3.182836498
64.29,-64.9964555,0.05295469895,0.596016291,0.3177345698,0,-1.221342138,4.404228917,-3.182836649
64.3,-64.996456,0.05295469526,0.5960162681,0.3177345637,0,-1.221341841,4.404228395,-3.182836799
64.31,-64.99645649,0.05295469159,0.5960162452,0.3177345576,0,-1.221341546,4.404227874,-3.182836947
64.32,-64.99645698,0.05295468795,0.5960162225,0.3177345515,0,-1.221341252,4.404227354,-3.182837095
64.33,-64.99645747,0.05295468433,0.5960161997,0.3177345454,0,-1.221340961,4.404226835,-3.182837241
64.34,-64.99645796,0.05295468074,0.596016177,0.3177345392,0,-1.221340671,4.404226318,-3.182837387
64.35,-64.99645844,0.05295467717,0.5960161544,0.3177345331,0,-1.221340382,4.404225802,-3.182837531
64.36,-64.99645891,0.05295467362,0.5960161318,0.317734527,0,-1.221340096,4.404225287,-3.182837674
64.37,-64.99645939,0.0529546701,0.5960161092,0.3177345209,0,-1.221339811,4.404224773,-3.182837816
64.38,-64.99645986,0.0529546666,0.5960160867,0.3177345147,0,-1.221339528,4.404224261,-3.182837957
64.39,-64.99646032,0.05295466313,0.5960160643,0.3177345086,0,-1.221339246,4.404223749,-3.182838097
64.4,-64.99646078,0.05295465968,0.5960160419,0.3177345024,0,-1.221338967,4.40422324,-3.182838235
64.41,-64.99646124,0.05295465625,0.5960160195,0.3177344963,0,-1.221338689,4.404222731,-3.182838373
64.42,-64.9964617,0.05295465285,0.5960159972,0.3177344902,0,-1.221338412,4.404222223,-3.182838509
64.43,-64.99646215,0.05295464947,0.5960159749,0.317734484,0,-1.221338137,4.404221717,-3.182838645
64.44,-64.9964626,0.05295464611,0.5960159527,0.3177344779,0,-1.221337865,4.404221212,-3.182838779
64.45,-64.99646304,0.05295464278,0.5960159305,0.3177344717,0,-1.221337593,4.404220709,-3.182838912
64.46,-64.99646348,0.05295463948,0.5960159083,0.3177344656,0,-1.221337324,4.404220207,-3.182839044
64.47,-64.99646392,0.05295463619,0.5960158862,0.3177344594,0,-1.221337056,4.404219705,-3.182839175
64.48,-64.99646435,0.05295463293,0.5960158642,0.3177344533,0,-1.22133679,4.404219206,-3.182839305
64.49,-64.99646478,0.05295462969,0.5960158421,0.3177344471,0,-1.221336525,4.404218707,-3.182839434
64.5,-64.99646521,0.05295462648,0.5960158202,0.317734441,0,-1.221336262,4.40421821,-3.182839562
64.51,-64.99646563,0.05295462329,0.5960157982,0.3177344348,0,-1.221336001,4.404217714,-3.182839688
64.52,-64.99646605,0.05295462012,0.5960157764,0.3177344287,0,-1.221335741,4.40421722,-3.182839814
64.53,-64.99646646,0.05295461698,0.5960157545,0.3177344225,0,-1.221335484,4.404216726,-3.182839938
64.54,-64.99646687,0.05295461386,0.5960157327,0.3177344164,0,-1.221335227,4.404216234,-3.182840062
64.55,-64.99646728,0.05295461076,0.596015711,0.3177344102,0,-1.221334973,4.404215744,-3.182840184
64.56,-64.99646768,0.05295460769,0.5960156892,0.3177344041,0,-1.22133472,4.404215254,-3.182840305
64.57,-64.99646808,0.05295460464,0.5960156676,0.3177343979,0,-1.221334469,4.404214766,-3.182840425
64.58,-64.99646848,0.05295460161,0.5960156459,0.3177343918,0,-1.221334219,4.404214279,-3.182840544
64.59,-64.99646887,0.05295459861,0.5960156243,0.3177343856,0,-1.221333971,4.404213794,-3.182840662
64.6,-64.99646926,0.05295459563,0.5960156028,0.3177343795,0,-1.221333725,4.40421331,-3.182840779
64.61,-64.99646965,0.05295459267,0.5960155813,0.3177343733,0,-1.22133348,4.404212827,-3.182840895
64.62,-64.99647003,0.05295458973,0.5960155598,0.3177343672,0,-1.221333237,4.404212345,-3.18284101
64.63,-64.99647041,0.05295458682,0.5960155384,0.317734361,0,-1.221332996,4.404211865,-3.182841124
64.64,-64.99647079,0.05295458393,0.596015517,0.3177343549,0,-1.221332756,4.404211386,-3.182841236
64.65,-64.99647116,0.05295458107,0.5960154957,0.3177343487,0,-1.221332518,4.404210909,-3.182841348
64.66,-64.99647153,0.05295457822,0.5960154744,0.3177343426,0,-1.221332282,4.404210433,-3.182841459
64.67,-64.99647189,0.0529545754,0.5960154531,0.3177343364,0,-1.221332047,4.404209958,-3.182841568
64.68,-64.99647226,0.05295457261,0.5960154319,0.3177343303,0,-1.221331814,4.404209484,-3.182841677
64.69,-64.99647261,0.05295456983,0.5960154107,0.3177343241,0,-1.221331582,4.404209012,-3.182841784
64.7,-64.99647297,0.05295456708,0.5960153895,0.317734318,0,-1.221331352,4.404208541,-3.182841891
64.71,-64.99647332,0.05295456435,0.5960153684,0.3177343118,0,-1.221331124,4.404208072,-3.182841996
64.72,-64.99647367,0.05295456165,0.5960153474,0.3177343057,0,-1.221330897,4.404207604,-3.1828421
64.73,-64.99647401,0.05295455896,0.5960153263,0.3177342996,0,-1.221330672,4.404207137,-3.182842204
64.74,-64.99647435,0.0529545563,0.5960153054,0.3177342934,0,-1.221330449,4.404206672,-3.182842306
64.75,-64.99647469,0.05295455366,0.5960152844,0.3177342873,0,-1.221330227,4.404206208,-3.182842407
64.76,-64.99647502,0.05295455104,0.5960152635,0.3177342811,0,-1.221330006,4.404205745,-3.182842507
64.77,-64.99647536,0.05295454845,0.5960152426,0.317734275,0,-1.221329788,4.404205284,-3.182842607
64.78,-64.99647568,0.05295454588,0.5960152218,0.3177342689,0,-1.22132957,4.404204824,-3.182842705
64.79,-64.99647601,0.05295454333,0.596015201,0.3177342628,0,-1.221329355,4.404204365,-3.182842802
64.8,-64.99647633,0.0529545408,0.5960151802,0.3177342566,0,-1.221329141,4.404203908,-3.182842898
64.81,-64.99647664,0.0529545383,0.5960151595,0.3177342505,0,-1.221328928,4.404203452,-3.182842993
64.82,-64.99647696,0.05295453581,0.5960151388,0.3177342444,0,-1.221328717,4.404202998,-3.182843087
64.83,-64.99647727,0.05295453335,0.5960151182,0.3177342383,0,-1.221328508,4.404202545,-3.18284318
64.84,-64.99647757,0.05295453091,0.5960150976,0.3177342321,0,-1.221328301,4.404202093,-3.182843272
64.85,-64.99647788,0.0529545285,0.596015077,0.317734226,0,-1.221328094,4.404201642,-3.182843363
64.86,-64.99647818,0.0529545261,0.5960150564,0.3177342199,0,-1.22132789,4.404201193,-3.182843453
64.87,-64.99647847,0.05295452373,0.5960150359,0.3177342138,0,-1.221327687,4.404200746,-3.182843542
64.88,-64.99647877,0.05295452138,0.5960150155,0.3177342077,0,-1.221327485,4.4042003,-3.18284363
64.89,-64.99647906,0.05295451905,0.5960149951,0.3177342016,0,-1.221327285,4.404199855,-3.182843718
64.9,-64.99647935,0.05295451674,0.5960149747,0.3177341955,0,-1.221327087,4.404199411,-3.182843804
64.91,-64.99647963,0.05295451446,0.5960149543,0.3177341894,0,-1.22132689,4.404198969,-3.182843889
64.92,-64.99647991,0.0529545122,0.596014934,0.3177341833,0,-1.221326695,4.404198529,-3.182843973
64.93,-64.99648019,0.05295450995,0.5960149137,0.3177341772,0,-1.221326501,4.404198089,-3.182844056
64.94,-64.99648046,0.05295450773,0.5960148934,0.3177341711,0,-1.221326309,4.404197652,-3.182844138
64.95,-64.99648073,0.05295450553,0.5960148732,0.3177341651,0,-1.221326118,4.404197215,-3.182844219
64.96,-64.996481,0.05295450336,0.596014853,0.317734159,0,-1.221325929,4.40419678,-3.182844299
64.97,-64.99648126,0.0529545012,0.5960148329,0.3177341529,0,-1.221325741,4.404196346,-3.182844378
64.98,-64.99648152,0.05295449907,0.5960148128,0.3177341468,0,-1.221325555,4.404195914,-3.182844457
64.99,-64.99648178,0.05295449696,0.5960147927,0.3177341408,0,-1.221325371,4.404195483,-3.182844534
65,-64.99648203,0.05295449486,0.5960147726,0.3177341347,0,-1.221325188,4.404195054,-3.18284461
65.01,-64.99648228,0.05295449279,0.5960147526,0.3177341286,0,-1.221325006,4.404194626,-3.182844685
65.02,-64.99648253,0.05295449074,0.5960147327,0.3177341226,0,-1.221324826,4.404194199,-3.18284476
65.03,-64.99648278,0.05295448872,0.5960147127,0.3177341165,0,-1.221324647,4.404193774,-3.182844833
65.04,-64.99648302,0.05295448671,0.5960146928,0.3177341105,0,-1.22132447,4.40419335,-3.182844905
65.05,-64.99648326,0.05295448472,0.5960146729,0.3177341044,0,-1.221324295,4.404192927,-3.182844977
65.06,-64.99648349,0.05295448276,0.5960146531,0.3177340984,0,-1.221324121,4.404192506,-3.182845047
65.07,-64.99648372,0.05295448082,0.5960146333,0.3177340924,0,-1.221323948,4.404192087,-3.182845117
65.08,-64.99648395,0.05295447889,0.5960146135,0.3177340863,0,-1.221323777,4.404191669,-3.182845185
65.09,-64.99648418,0.05295447699,0.5960145937,0.3177340803,0,-1.221323607,4.404191252,-3.182845253
65.1,-64.9964844,0.05295447511,0.596014574,0.3177340743,0,-1.221323439,4.404190836,-3.18284532
65.11,-64.99648462,0.05295447325,0.5960145543,0.3177340683,0,-1.221323272,4.404190422,-3.182845386
65.12,-64.99648483,0.05295447141,0.5960145347,0.3177340623,0,-1.221323107,4.40419001,-3.18284545
65.13,-64.99648505,0.05295446959,0.5960145151,0.3177340563,0,-1.221322943,4.404189599,-3.182845514
65.14,-64.99648526,0.05295446779,0.5960144955,0.3177340503,0,-1.221322781,4.404189189,-3.182845577
65.15,-64.99648546,0.05295446602,0.5960144759,0.3177340443,0,-1.22132262,4.404188781,-3.182845639
65.16,-64.99648567,0.05295446426,0.5960144564,0.3177340383,0,-1.221322461,4.404188374,-3.1828457
65.17,-64.99648587,0.05295446252,0.5960144369,0.3177340323,0,-1.221322303,4.404187969,-3.182845761
65.18,-64.99648607,0.05295446081,0.5960144175,0.3177340263,0,-1.221322146,4.404187565,-3.18284582
65.19,-64.99648626,0.05295445911,0.596014398,0.3177340203,0,-1.221321991,4.404187162,-3.182845878
65.2,-64.99648645,0.05295445744,0.5960143786,0.3177340144,0,-1.221321838,4.404186761,-3.182845936
65.21,-64.99648664,0.05295445578,0.5960143593,0.3177340084,0,-1.221321685,4.404186361,-3.182845992
65.22,-64.99648683,0.05295445415,0.5960143399,0.3177340025,0,-1.221321535,4.404185963,-3.182846048
65.23,-64.99648701,0.05295445253,0.5960143206,0.3177339965,0,-1.221321385,4.404185566,-3.182846102
65.24,-64.99648719,0.05295445094,0.5960143013,0.3177339906,0,-1.221321237,4.404185171,-3.182846156
65.25,-64.99648736,0.05295444936,0.5960142821,0.3177339846,0,-1.221321091,4.404184777,-3.182846209
65.26,-64.99648754,0.05295444781,0.5960142629,0.3177339787,0,-1.221320946,4.404184384,-3.182846261
65.27,-64.99648771,0.05295444627,0.5960142437,0.3177339728,0,-1.221320802,4.404183993,-3.182846312
65.28,-64.99648787,0.05295444476,0.5960142245,0.3177339668,0,-1.22132066,4.404183603,-3.182846362
65.29,-64.99648804,0.05295444326,0.5960142054,0.3177339609,0,-1.221320519,4.404183215,-3.182846412
65.3,-64.9964882,0.05295444179,0.5960141863,0.317733955,0,-1.221320379,4.404182828,-3.18284646
65.31,-64.99648836,0.05295444033,0.5960141672,0.3177339491,0,-1.221320241,4.404182443,-3.182846508
65.32,-64.99648851,0.0529544389,0.5960141482,0.3177339432,0,-1.221320104,4.404182059,-3.182846554
65.33,-64.99648867,0.05295443748,0.5960141292,0.3177339373,0,-1.221319969,4.404181676,-3.1828466
65.34,-64.99648882,0.05295443608,0.5960141102,0.3177339314,0,-1.221319835,4.404181295,-3.182846645
65.35,-64.99648896,0.05295443471,0.5960140912,0.3177339256,0,-1.221319703,4.404180915,-3.182846689
65.36,-64.99648911,0.05295443335,0.5960140723,0.3177339197,0,-1.221319571,4.404180537,-3.182846732
65.37,-64.99648925,0.05295443201,0.5960140534,0.3177339138,0,-1.221319442,4.40418016,-3.182846774
65.38,-64.99648939,0.05295443069,0.5960140345,0.317733908,0,-1.221319313,4.404179785,-3.182846816
65.39,-64.99648952,0.05295442939,0.5960140157,0.3177339021,0,-1.221319186,4.404179411,-3.182846856
65.4,-64.99648965,0.05295442811,0.5960139968,0.3177338963,0,-1.22131906,4.404179039,-3.182846896
65.41,-64.99648978,0.05295442685,0.596013978,0.3177338904,0,-1.221318936,4.404178668,-3.182846935
65.42,-64.99648991,0.05295442561,0.5960139593,0.3177338846,0,-1.221318813,4.404178298,-3.182846973
65.43,-64.99649003,0.05295442438,0.5960139405,0.3177338788,0,-1.221318691,4.40417793,-3.18284701
65.44,-64.99649015,0.05295442318,0.5960139218,0.317733873,0,-1.221318571,4.404177563,-3.182847046
65.45,-64.99649027,0.052954422,0.5960139032,0.3177338672,0,-1.221318452,4.404177198,-3.182847081
65.46,-64.99649039,0.05295442083,0.5960138845,0.3177338614,0,-1.221318334,4.404176834,-3.182847116
65.47,-64.9964905,0.05295441968,0.5960138659,0.3177338556,0,-1.221318218,4.404176472,-3.18284715
65.48,-64.99649061,0.05295441855,0.5960138473,0.3177338498,0,-1.221318103,4.404176111,-3.182847183
65.49,-64.99649072,0.05295441744,0.5960138287,0.317733844,0,-1.221317989,4.404175751,-3.182847215
65.5,-64.99649082,0.05295441635,0.5960138101,0.3177338382,0,-1.221317876,4.404175393,-3.182847246
65.51,-64.99649092,0.05295441528,0.5960137916,0.3177338325,0,-1.221317765,4.404175037,-3.182847276
65.52,-64.99649102,0.05295441422,0.5960137731,0.3177338267,0,-1.221317655,4.404174681,-3.182847306
65.53,-64.99649112,0.05295441319,0.5960137546,0.317733821,0,-1.221317547,4.404174328,-3.182847335
65.54,-64.99649121,0.05295441217,0.5960137362,0.3177338152,0,-1.22131744,4.404173975,-3.182847363
65.55,-64.9964913,0.05295441117,0.5960137178,0.3177338095,0,-1.221317334,4.404173624,-3.18284739
65.56,-64.99649139,0.05295441019,0.5960136994,0.3177338038,0,-1.221317229,4.404173275,-3.182847416
65.57,-64.99649147,0.05295440923,0.596013681,0.3177337981,0,-1.221317126,4.404172927,-3.182847441
65.58,-64.99649155,0.05295440829,0.5960136627,0.3177337924,0,-1.221317024,4.40417258,-3.182847466
65.59,-64.99649163,0.05295440736,0.5960136443,0.3177337867,0,-1.221316923,4.404172235,-3.18284749
65.6,-64.99649171,0.05295440645,0.596013626,0.317733781,0,-1.221316824,4.404171892,-3.182847513
65.61,-64.99649178,0.05295440556,0.5960136078,0.3177337753,0,-1.221316725,4.404171549,-3.182847535
65.62,-64.99649186,0.05295440469,0.5960135895,0.3177337696,0,-1.221316629,4.404171209,-3.182847557
65.63,-64.99649192,0.05295440384,0.5960135713,0.317733764,0,-1.221316533,4.404170869,-3.182847577
65.64,-64.99649199,0.052954403,0.5960135531,0.3177337583,0,-1.221316438,4.404170531,-3.182847597
65.65,-64.99649205,0.05295440218,0.5960135349,0.3177337527,0,-1.221316345,4.404170195,-3.182847616
65.66,-64.99649212,0.05295440138,0.5960135168,0.317733747,0,-1.221316253,4.40416986,-3.182847635
65.67,-64.99649217,0.0529544006,0.5960134986,0.3177337414,0,-1.221316163,4.404169526,-3.182847652
65.68,-64.99649223,0.05295439984,0.5960134805,0.3177337358,0,-1.221316073,4.404169194,-3.182847669
65.69,-64.99649228,0.05295439909,0.5960134625,0.3177337302,0,-1.221315985,4.404168863,-3.182847685
65.7,-64.99649233,0.05295439836,0.5960134444,0.3177337246,0,-1.221315898,4.404168534,-3.1828477
65.71,-64.99649238,0.05295439765,0.5960134264,0.317733719,0,-1.221315812,4.404168206,-3.182847715
65.72,-64.99649243,0.05295439695,0.5960134084,0.3177337134,0,-1.221315728,4.40416788,-3.182847728
65.73,-64.99649247,0.05295439627,0.5960133904,0.3177337078,0,-1.221315644,4.404167555,-3.182847741
65.74,-64.99649251,0.05295439561,0.5960133724,0.3177337022,0,-1.221315562,4.404167231,-3.182847753
65.75,-64.99649255,0.05295439497,0.5960133545,0.3177336967,0,-1.221315481,4.404166909,-3.182847765
65.76,-64.99649258,0.05295439434,0.5960133365,0.3177336911,0,-1.221315402,4.404166588,-3.182847775
65.77,-64.99649262,0.05295439373,0.5960133186,0.3177336856,0,-1.221315323,4.404166269,-3.182847785
65.78,-64.99649265,0.05295439314,0.5960133008,0.31773368,0,-1.221315246,4.404165951,-3.182847794
65.79,-64.99649268,0.05295439257,0.5960132829,0.3177336745,0,-1.22131517,4.404165635,-3.182847803
65.8,-64.9964927,0.05295439201,0.5960132651,0.317733669,0,-1.221315095,4.40416532,-3.18284781
65.81,-64.99649272,0.05295439147,0.5960132473,0.3177336635,0,-1.221315021,4.404165006,-3.182847817
65.82,-64.99649274,0.05295439094,0.5960132295,0.317733658,0,-1.221314949,4.404164694,-3.182847823
65.83,-64.99649276,0.05295439043,0.5960132117,0.3177336525,0,-1.221314877,4.404164383,-3.182847829
65.84,-64.99649278,0.05295438994,0.596013194,0.3177336471,0,-1.221314807,4.404164074,-3.182847833
65.85,-64.99649279,0.05295438947,0.5960131763,0.3177336416,0,-1.221314738,4.404163766,-3.182847837
65.86,-64.9964928,0.05295438901,0.5960131586,0.3177336361,0,-1.22131467,4.40416346,-3.18284784
65.87,-64.99649281,0.05295438857,0.5960131409,0.3177336307,0,-1.221314604,4.404163155,-3.182847843
65.88,-64.99649282,0.05295438814,0.5960131232,0.3177336253,0,-1.221314538,4.404162851,-3.182847845
65.89,-64.99649282,0.05295438773,0.5960131056,0.3177336198,0,-1.221314474,4.404162549,-3.182847846
65.9,-64.99649282,0.05295438734,0.596013088,0.3177336144,0,-1.221314411,4.404162248,-3.182847846
65.91,-64.99649282,0.05295438697,0.5960130704,0.317733609,0,-1.221314348,4.404161949,-3.182847846
65.92,-64.99649282,0.05295438661,0.5960130528,0.3177336036,0,-1.221314287,4.404161651,-3.182847845
65.93,-64.99649281,0.05295438626,0.5960130352,0.3177335982,0,-1.221314228,4.404161355,-3.182847843
65.94,-64.9964928,0.05295438593,0.5960130177,0.3177335928,0,-1.221314169,4.40416106,-3.18284784
65.95,-64.99649279,0.05295438562,0.5960130002,0.3177335875,0,-1.221314111,4.404160766,-3.182847837
65.96,-64.99649278,0.05295438533,0.5960129827,0.3177335821,0,-1.221314055,4.404160474,-3.182847833
65.97,-64.99649276,0.05295438505,0.5960129652,0.3177335768,0,-1.221314,4.404160183,-3.182847829
65.98,-64.99649274,0.05295438478,0.5960129477,0.3177335714,0,-1.221313945,4.404159894,-3.182847823
65.99,-64.99649272,0.05295438453,0.5960129303,0.3177335661,0,-1.221313892,4.404159606,-3.182847817
66,-64.9964927,0.0529543843,0.5960129129,0.3177335608,0,-1.22131384,4.404159319,-3.182847811
66.01,-64.99649268,0.05295438408,0.5960128955,0.3177335555,0,-1.221313789,4.404159034,-3.182847803
66.02,-64.99649265,0.05295438388,0.5960128781,0.3177335502,0,-1.221313739,4.40415875,-3.182847795
66.03,-64.99649262,0.0529543837,0.5960128608,0.3177335449,0,-1.221313691,4.404158468,-3.182847787
66.04,-64.99649259,0.05295438353,0.5960128434,0.3177335396,0,-1.221313643,4.404158187,-3.182847777
66.05,-64.99649256,0.05295438337,0.5960128261,0.3177335344,0,-1.221313596,4.404157907,-3.182847767
66.06,-64.99649252,0.05295438323,0.5960128088,0.3177335291,0,-1.221313551,4.404157629,-3.182847757
66.07,-64.99649248,0.05295438311,0.5960127915,0.3177335239,0,-1.221313507,4.404157353,-3.182847745
66.08,-64.99649244,0.052954383,0.5960127743,0.3177335187,0,-1.221313463,4.404157077,-3.182847733
66.09,-64.9964924,0.0529543829,0.596012757,0.3177335134,0,-1.221313421,4.404156803,-3.18284772
66.1,-64.99649236,0.05295438282,0.5960127398,0.3177335082,0,-1.22131338,4.404156531,-3.182847707
66.11,-64.99649231,0.05295438276,0.5960127226,0.317733503,0,-1.221313339,4.40415626,-3.182847693
66.12,-64.99649226,0.05295438271,0.5960127054,0.3177334978,0,-1.2213133,4.40415599,-3.182847678
66.13,-64.99649221,0.05295438268,0.5960126882,0.3177334927,0,-1.221313262,4.404155722,-3.182847663
66.14,-64.99649216,0.05295438266,0.5960126711,0.3177334875,0,-1.221313225,4.404155455,-3.182847647
66.15,-64.9964921,0.05295438265,0.5960126539,0.3177334823,0,-1.221313189,4.404155189,-3.182847631
66.16,-64.99649204,0.05295438266,0.5960126368,0.3177334772,0,-1.221313154,4.404154925,-3.182847613
66.17,-64.99649199,0.05295438269,0.5960126197,0.3177334721,0,-1.22131312,4.404154662,-3.182847596
66.18,-64.99649192,0.05295438273,0.5960126026,0.3177334669,0,-1.221313087,4.404154401,-3.182847577
66.19,-64.99649186,0.05295438278,0.5960125856,0.3177334618,0,-1.221313055,4.404154141,-3.182847558
66.2,-64.99649179,0.05295438285,0.5960125685,0.3177334567,0,-1.221313025,4.404153882,-3.182847538
66.21,-64.99649173,0.05295438293,0.5960125515,0.3177334516,0,-1.221312995,4.404153625,-3.182847518
66.22,-64.99649166,0.05295438303,0.5960125345,0.3177334466,0,-1.221312966,4.404153369,-3.182847497
66.23,-64.99649158,0.05295438314,0.5960125175,0.3177334415,0,-1.221312938,4.404153115,-3.182847475
66.24,-64.99649151,0.05295438327,0.5960125005,0.3177334364,0,-1.221312911,4.404152862,-3.182847453
66.25,-64.99649143,0.05295438341,0.5960124835,0.3177334314,0,-1.221312885,4.40415261,-3.18284743
66.26,-64.99649136,0.05295438356,0.5960124666,0.3177334264,0,-1.22131286,4.40415236,-3.182847407
66.27,-64.99649128,0.05295438373,0.5960124497,0.3177334213,0,-1.221312836,4.404152111,-3.182847383
66.28,-64.99649119,0.05295438391,0.5960124327,0.3177334163,0,-1.221312813,4.404151863,-3.182847358
66.29,-64.99649111,0.05295438411,0.5960124158,0.3177334113,0,-1.221312791,4.404151617,-3.182847333
66.3,-64.99649102,0.05295438432,0.596012399,0.3177334064,0,-1.22131277,4.404151372,-3.182847307
66.31,-64.99649094,0.05295438454,0.5960123821,0.3177334014,0,-1.22131275,4.404151128,-3.182847281
66.32,-64.99649085,0.05295438478,0.5960123653,0.3177333964,0,-1.221312731,4.404150886,-3.182847254
66.33,-64.99649075,0.05295438503,0.5960123484,0.3177333915,0,-1.221312713,4.404150645,-3.182847226
66.34,-64.99649066,0.0529543853,0.5960123316,0.3177333865,0,-1.221312696,4.404150406,-3.182847198
66.35,-64.99649056,0.05295438557,0.5960123148,0.3177333816,0,-1.22131268,4.404150168,-3.182847169
66.36,-64.99649047,0.05295438587,0.596012298,0.3177333767,0,-1.221312665,4.404149931,-3.18284714
66.37,-64.99649037,0.05295438617,0.5960122813,0.3177333718,0,-1.22131265,4.404149696,-3.18284711
66.38,-64.99649027,0.05295438649,0.5960122645,0.3177333669,0,-1.221312637,4.404149462,-3.18284708
66.39,-64.99649016,0.05295438682,0.5960122478,0.317733362,0,-1.221312625,4.404149229,-3.182847049
66.4,-64.99649006,0.05295438717,0.596012231,0.3177333571,0,-1.221312613,4.404148998,-3.182847017
66.41,-64.99648995,0.05295438753,0.5960122143,0.3177333523,0,-1.221312603,4.404148768,-3.182846985
66.42,-64.99648984,0.0529543879,0.5960121976,0.3177333474,0,-1.221312593,4.40414854,-3.182846952
66.43,-64.99648973,0.05295438828,0.596012181,0.3177333426,0,-1.221312584,4.404148312,-3.182846919
66.44,-64.99648962,0.05295438868,0.5960121643,0.3177333378,0,-1.221312576,4.404148087,-3.182846885
66.45,-64.9964895,0.05295438909,0.5960121477,0.317733333,0,-1.221312569,4.404147862,-3.182846851
66.46,-64.99648939,0.05295438951,0.596012131,0.3177333282,0,-1.221312563,4.404147639,-3.182846816
66.47,-64.99648927,0.05295438995,0.5960121144,0.3177333234,0,-1.221312558,4.404147417,-3.18284678
66.48,-64.99648915,0.0529543904,0.5960120978,0.3177333186,0,-1.221312554,4.404147196,-3.182846744
66.49,-64.99648902,0.05295439086,0.5960120812,0.3177333139,0,-1.221312551,4.404146977,-3.182846707
66.5,-64.9964889,0.05295439133,0.5960120646,0.3177333091,0,-1.221312548,4.404146759,-3.18284667
66.51,-64.99648878,0.05295439182,0.5960120481,0.3177333044,0,-1.221312547,4.404146543,-3.182846633
66.52,-64.99648865,0.05295439232,0.5960120315,0.3177332997,0,-1.221312546,4.404146327,-3.182846595
66.53,-64.99648852,0.05295439283,0.596012015,0.3177332949,0,-1.221312546,4.404146114,-3.182846556
66.54,-64.99648839,0.05295439335,0.5960119985,0.3177332902,0,-1.221312547,4.404145901,-3.182846517
66.55,-64.99648826,0.05295439389,0.596011982,0.3177332856,0,-1.221312549,4.40414569,-3.182846477
66.56,-64.99648812,0.05295439444,0.5960119655,0.3177332809,0,-1.221312552,4.40414548,-3.182846437
66.57,-64.99648799,0.052954395,0.596011949,0.3177332762,0,-1.221312555,4.404145271,-3.182846396
66.58,-64.99648785,0.05295439557,0.5960119326,0.3177332716,0,-1.22131256,4.404145064,-3.182846355
66.59,-64.99648771,0.05295439616,0.5960119161,0.3177332669,0,-1.221312565,4.404144858,-3.182846313
66.6,-64.99648757,0.05295439675,0.5960118997,0.3177332623,0,-1.221312571,4.404144653,-3.18284627
66.61,-64.99648743,0.05295439736,0.5960118833,0.3177332577,0,-1.221312578,4.40414445,-3.182846228
66.62,-64.99648728,0.05295439798,0.5960118669,0.3177332531,0,-1.221312586,4.404144248,-3.182846184
66.63,-64.99648713,0.05295439862,0.5960118505,0.3177332485,0,-1.221312594,4.404144047,-3.18284614
66.64,-64.99648699,0.05295439926,0.5960118341,0.3177332439,0,-1.221312604,4.404143847,-3.182846096
66.65,-64.99648684,0.05295439992,0.5960118177,0.3177332394,0,-1.221312614,4.404143649,-3.182846051
66.66,-64.99648669,0.05295440059,0.5960118014,0.3177332348,0,-1.221312625,4.404143452,-3.182846006
66.67,-64.99648653,0.05295440126,0.596011785,0.3177332303,0,-1.221312637,4.404143257,-3.18284596
66.68,-64.99648638,0.05295440196,0.5960117687,0.3177332257,0,-1.22131265,4.404143062,-3.182845914
66.69,-64.99648622,0.05295440266,0.5960117524,0.3177332212,0,-1.221312663,4.404142869,-3.182845867
66.7,-64.99648607,0.05295440337,0.5960117361,0.3177332167,0,-1.221312678,4.404142678,-3.18284582
66.71,-64.99648591,0.0529544041,0.5960117198,0.3177332123,0,-1.221312693,4.404142487,-3.182845772
66.72,-64.99648575,0.05295440483,0.5960117035,0.3177332078,0,-1.221312709,4.404142298,-3.182845724
66.73,-64.99648559,0.05295440558,0.5960116872,0.3177332033,0,-1.221312725,4.40414211,-3.182845676
66.74,-64.99648542,0.05295440634,0.596011671,0.3177331989,0,-1.221312743,4.404141923,-3.182845626
66.75,-64.99648526,0.05295440711,0.5960116547,0.3177331944,0,-1.221312761,4.404141738,-3.182845577
66.76,-64.99648509,0.05295440789,0.5960116385,0.31773319,0,-1.22131278,4.404141554,-3.182845527
66.77,-64.99648492,0.05295440868,0.5960116223,0.3177331856,0,-1.2213128,4.404141371,-3.182845476
66.78,-64.99648475,0.05295440948,0.5960116061,0.3177331812,0,-1.22131282,4.40414119,-3.182845425
66.79,-64.99648458,0.0529544103,0.5960115899,0.3177331768,0,-1.221312842,4.404141009,-3.182845374
66.8,-64.99648441,0.05295441112,0.5960115737,0.3177331724,0,-1.221312864,4.40414083,-3.182845322
66.81,-64.99648423,0.05295441196,0.5960115575,0.3177331681,0,-1.221312886,4.404140653,-3.18284527
66.82,-64.99648406,0.0529544128,0.5960115414,0.3177331637,0,-1.22131291,4.404140476,-3.182845217
66.83,-64.99648388,0.05295441366,0.5960115252,0.3177331594,0,-1.221312934,4.404140301,-3.182845164
66.84,-64.9964837,0.05295441452,0.5960115091,0.3177331551,0,-1.221312959,4.404140127,-3.18284511
66.85,-64.99648352,0.0529544154,0.596011493,0.3177331508,0,-1.221312985,4.404139954,-3.182845056
66.86,-64.99648334,0.05295441629,0.5960114769,0.3177331465,0,-1.221313011,4.404139783,-3.182845002
66.87,-64.99648316,0.05295441719,0.5960114608,0.3177331422,0,-1.221313039,4.404139612,-3.182844947
66.88,-64.99648297,0.0529544181,0.5960114447,0.3177331379,0,-1.221313067,4.404139443,-3.182844892
66.89,-64.99648279,0.05295441901,0.5960114286,0.3177331337,0,-1.221313095,4.404139276,-3.182844836
66.9,-64.9964826,0.05295441994,0.5960114125,0.3177331294,0,-1.221313125,4.404139109,-3.18284478
66.91,-64.99648241,0.05295442088,0.5960113965,0.3177331252,0,-1.221313155,4.404138944,-3.182844723
66.92,-64.99648222,0.05295442183,0.5960113804,0.317733121,0,-1.221313185,4.40413878,-3.182844666
66.93,-64.99648203,0.05295442279,0.5960113644,0.3177331168,0,-1.221313217,4.404138617,-3.182844609
66.94,-64.99648184,0.05295442376,0.5960113484,0.3177331126,0,-1.221313249,4.404138455,-3.182844551
66.95,-64.99648164,0.05295442474,0.5960113324,0.3177331084,0,-1.221313282,4.404138295,-3.182844493
66.96,-64.99648145,0.05295442573,0.5960113164,0.3177331042,0,-1.221313315,4.404138136,-3.182844434
66.97,-64.99648125,0.05295442672,0.5960113004,0.3177331001,0,-1.22131335,4.404137978,-3.182844375
66.98,-64.99648105,0.05295442773,0.5960112844,0.317733096,0,-1.221313385,4.404137821,-3.182844315
66.99,-64.99648085,0.05295442875,0.5960112685,0.3177330918,0,-1.22131342,4.404137666,-3.182844256
67,-64.99648065,0.05295442978,0.5960112525,0.3177330877,0,-1.221313456,4.404137511,-3.182844195
67.01,-64.99648045,0.05295443081,0.5960112365,0.3177330836,0,-1.221313493,4.404137358,-3.182844135
67.02,-64.99648025,0.05295443186,0.5960112206,0.3177330795,0,-1.221313531,4.404137206,-3.182844074
67.03,-64.99648004,0.05295443292,0.5960112047,0.3177330755,0,-1.221313569,4.404137056,-3.182844012
67.04,-64.99647984,0.05295443398,0.5960111888,0.3177330714,0,-1.221313608,4.404136906,-3.182843951
67.05,-64.99647963,0.05295443506,0.5960111729,0.3177330674,0,-1.221313647,4.404136758,-3.182843888
67.06,-64.99647942,0.05295443614,0.596011157,0.3177330633,0,-1.221313688,4.404136611,-3.182843826
67.07,-64.99647921,0.05295443723,0.5960111411,0.3177330593,0,-1.221313728,4.404136465,-3.182843763
67.08,-64.996479,0.05295443833,0.5960111252,0.3177330553,0,-1.22131377,4.40413632,-3.1828437
67.09,-64.99647879,0.05295443944,0.5960111093,0.3177330513,0,-1.221313812,4.404136176,-3.182843636
67.1,-64.99647857,0.05295444056,0.5960110935,0.3177330473,0,-1.221313855,4.404136034,-3.182843572
67.11,-64.99647836,0.05295444169,0.5960110776,0.3177330434,0,-1.221313898,4.404135893,-3.182843508
67.12,-64.99647814,0.05295444283,0.5960110618,0.3177330394,0,-1.221313942,4.404135753,-3.182843443
67.13,-64.99647793,0.05295444398,0.596011046,0.3177330355,0,-1.221313987,4.404135614,-3.182843378
67.14,-64.99647771,0.05295444513,0.5960110302,0.3177330315,0,-1.221314032,4.404135476,-3.182843313
67.15,-64.99647749,0.0529544463,0.5960110144,0.3177330276,0,-1.221314078,4.40413534,-3.182843247
67.16,-64.99647727,0.05295444747,0.5960109986,0.3177330237,0,-1.221314124,4.404135205,-3.182843181
67.17,-64.99647705,0.05295444865,0.5960109828,0.3177330198,0,-1.221314171,4.40413507,-3.182843114
67.18,-64.99647682,0.05295444984,0.596010967,0.317733016,0,-1.221314219,4.404134937,-3.182843047
67.19,-64.9964766,0.05295445104,0.5960109512,0.3177330121,0,-1.221314267,4.404134806,-3.18284298
67.2,-64.99647638,0.05295445224,0.5960109355,0.3177330083,0,-1.221314316,4.404134675,-3.182842913
67.21,-64.99647615,0.05295445346,0.5960109197,0.3177330044,0,-1.221314365,4.404134545,-3.182842845
67.22,-64.99647592,0.05295445468,0.596010904,0.3177330006,0,-1.221314415,4.404134417,-3.182842777
67.23,-64.99647569,0.05295445591,0.5960108882,0.3177329968,0,-1.221314466,4.40413429,-3.182842708
67.24,-64.99647546,0.05295445715,0.5960108725,0.317732993,0,-1.221314517,4.404134164,-3.182842639
67.25,-64.99647523,0.0529544584,0.5960108568,0.3177329892,0,-1.221314568,4.404134039,-3.18284257
67.26,-64.996475,0.05295445966,0.5960108411,0.3177329855,0,-1.221314621,4.404133915,-3.182842501
67.27,-64.99647477,0.05295446092,0.5960108254,0.3177329817,0,-1.221314673,4.404133792,-3.182842431
67.28,-64.99647454,0.05295446219,0.5960108097,0.317732978,0,-1.221314727,4.40413367,-3.182842361
67.29,-64.9964743,0.05295446347,0.596010794,0.3177329743,0,-1.221314781,4.40413355,-3.182842291
67.3,-64.99647407,0.05295446476,0.5960107784,0.3177329705,0,-1.221314835,4.404133431,-3.18284222
67.31,-64.99647383,0.05295446605,0.5960107627,0.3177329668,0,-1.22131489,4.404133312,-3.182842149
67.32,-64.99647359,0.05295446735,0.5960107471,0.3177329632,0,-1.221314946,4.404133195,-3.182842077
67.33,-64.99647335,0.05295446866,0.5960107314,0.3177329595,0,-1.221315002,4.404133079,-3.182842006
67.34,-64.99647311,0.05295446998,0.5960107158,0.3177329558,0,-1.221315058,4.404132964,-3.182841934
67.35,-64.99647287,0.05295447131,0.5960107002,0.3177329522,0,-1.221315115,4.404132851,-3.182841862
67.36,-64.99647263,0.05295447264,0.5960106845,0.3177329486,0,-1.221315173,4.404132738,-3.182841789
67.37,-64.99647239,0.05295447398,0.5960106689,0.3177329449,0,-1.221315231,4.404132627,-3.182841716
67.38,-64.99647214,0.05295447533,0.5960106533,0.3177329413,0,-1.22131529,4.404132516,-3.182841643
67.39,-64.9964719,0.05295447668,0.5960106377,0.3177329377,0,-1.221315349,4.404132407,-3.18284157
67.4,-64.99647165,0.05295447805,0.5960106221,0.3177329342,0,-1.221315409,4.404132298,-3.182841496
67.41,-64.99647141,0.05295447942,0.5960106066,0.3177329306,0,-1.221315469,4.404132191,-3.182841422
67.42,-64.99647116,0.05295448079,0.596010591,0.317732927,0,-1.22131553,4.404132085,-3.182841348
67.43,-64.99647091,0.05295448218,0.5960105754,0.3177329235,0,-1.221315591,4.40413198,-3.182841273
67.44,-64.99647066,0.05295448357,0.5960105599,0.31773292,0,-1.221315653,4.404131876,-3.182841199
67.45,-64.99647041,0.05295448497,0.5960105443,0.3177329165,0,-1.221315715,4.404131773,-3.182841124
67.46,-64.99647016,0.05295448637,0.5960105288,0.317732913,0,-1.221315778,4.404131672,-3.182841048
67.47,-64.99646991,0.05295448778,0.5960105133,0.3177329095,0,-1.221315841,4.404131571,-3.182840973
67.48,-64.99646966,0.0529544892,0.5960104978,0.317732906,0,-1.221315904,4.404131471,-3.182840897
67.49,-64.9964694,0.05295449062,0.5960104822,0.3177329026,0,-1.221315969,4.404131373,-3.182840821
67.5,-64.99646915,0.05295449206,0.5960104667,0.3177328991,0,-1.221316033,4.404131275,-3.182840744
67.51,-64.99646889,0.05295449349,0.5960104512,0.3177328957,0,-1.221316098,4.404131179,-3.182840668
67.52,-64.99646864,0.05295449494,0.5960104357,0.3177328923,0,-1.221316164,4.404131083,-3.182840591
67.53,-64.99646838,0.05295449639,0.5960104203,0.3177328889,0,-1.22131623,4.404130989,-3.182840514
67.54,-64.99646812,0.05295449785,0.5960104048,0.3177328855,0,-1.221316296,4.404130896,-3.182840436
67.55,-64.99646786,0.05295449931,0.5960103893,0.3177328821,0,-1.221316363,4.404130804,-3.182840359
67.56,-64.9964676,0.05295450078,0.5960103739,0.3177328787,0,-1.22131643,4.404130712,-3.182840281
67.57,-64.99646734,0.05295450226,0.5960103584,0.3177328754,0,-1.221316498,4.404130622,-3.182840203
67.58,-64.99646708,0.05295450374,0.596010343,0.3177328721,0,-1.221316566,4.404130533,-3.182840124
67.59,-64.99646682,0.05295450523,0.5960103275,0.3177328687,0,-1.221316635,4.404130445,-3.182840046
67.6,-64.99646656,0.05295450673,0.5960103121,0.3177328654,0,-1.221316704,4.404130358,-3.182839967
67.61,-64.99646629,0.05295450823,0.5960102967,0.3177328621,0,-1.221316773,4.404130272,-3.182839888
67.62,-64.99646603,0.05295450974,0.5960102813,0.3177328589,0,-1.221316843,4.404130187,-3.182839809
67.63,-64.99646576,0.05295451125,0.5960102659,0.3177328556,0,-1.221316914,4.404130103,-3.182839729
67.64,-64.9964655,0.05295451277,0.5960102505,0.3177328523,0,-1.221316985,4.40413002,-3.182839649
67.65,-64.99646523,0.0529545143,0.5960102351,0.3177328491,0,-1.221317056,4.404129938,-3.182839569
67.66,-64.99646496,0.05295451583,0.5960102197,0.3177328459,0,-1.221317127,4.404129857,-3.182839489
67.67,-64.9964647,0.05295451737,0.5960102043,0.3177328426,0,-1.221317199,4.404129777,-3.182839409
67.68,-64.99646443,0.05295451891,0.5960101889,0.3177328394,0,-1.221317272,4.404129698,-3.182839328
67.69,-64.99646416,0.05295452046,0.5960101736,0.3177328363,0,-1.221317344,4.40412962,-3.182839247
67.7,-64.99646389,0.05295452201,0.5960101582,0.3177328331,0,-1.221317418,4.404129543,-3.182839166
67.71,-64.99646362,0.05295452357,0.5960101428,0.3177328299,0,-1.221317491,4.404129467,-3.182839085
67.72,-64.99646335,0.05295452514,0.5960101275,0.3177328268,0,-1.221317565,4.404129393,-3.182839004
67.73,-64.99646307,0.05295452671,0.5960101122,0.3177328236,0,-1.22131764,4.404129319,-3.182838922
67.74,-64.9964628,0.05295452828,0.5960100968,0.3177328205,0,-1.221317714,4.404129246,-3.18283884
67.75,-64.99646253,0.05295452986,0.5960100815,0.3177328174,0,-1.221317789,4.404129174,-3.182838758
67.76,-64.99646225,0.05295453145,0.5960100662,0.3177328143,0,-1.221317865,4.404129103,-3.182838676
67.77,-64.99646198,0.05295453304,0.5960100509,0.3177328112,0,-1.221317941,4.404129033,-3.182838594
67.78,-64.9964617,0.05295453464,0.5960100356,0.3177328082,0,-1.221318017,4.404128964,-3.182838511
67.79,-64.99646143,0.05295453624,0.5960100203,0.3177328051,0,-1.221318093,4.404128895,-3.182838428
67.8,-64.99646115,0.05295453785,0.596010005,0.3177328021,0,-1.22131817,4.404128828,-3.182838345
67.81,-64.99646087,0.05295453946,0.5960099897,0.317732799,0,-1.221318248,4.404128762,-3.182838262
67.82,-64.9964606,0.05295454108,0.5960099744,0.317732796,0,-1.221318325,4.404128697,-3.182838179
67.83,-64.99646032,0.0529545427,0.5960099592,0.317732793,0,-1.221318403,4.404128633,-3.182838095
67.84,-64.99646004,0.05295454433,0.5960099439,0.31773279,0,-1.221318482,4.404128569,-3.182838012
67.85,-64.99645976,0.05295454596,0.5960099286,0.3177327871,0,-1.22131856,4.404128507,-3.182837928
67.86,-64.99645948,0.0529545476,0.5960099134,0.3177327841,0,-1.221318639,4.404128446,-3.182837844
67.87,-64.9964592,0.05295454924,0.5960098981,0.3177327812,0,-1.221318719,4.404128385,-3.182837759
67.88,-64.99645892,0.05295455088,0.5960098829,0.3177327782,0,-1.221318798,4.404128326,-3.182837675
67.89,-64.99645864,0.05295455253,0.5960098677,0.3177327753,0,-1.221318878,4.404128267,-3.182837591
67.9,-64.99645835,0.05295455419,0.5960098524,0.3177327724,0,-1.221318959,4.404128209,-3.182837506
67.91,-64.99645807,0.05295455585,0.5960098372,0.3177327695,0,-1.221319039,4.404128153,-3.182837421
67.92,-64.99645779,0.05295455751,0.596009822,0.3177327666,0,-1.22131912,4.404128097,-3.182837336
67.93,-64.9964575,0.05295455918,0.5960098068,0.3177327637,0,-1.221319201,4.404128042,-3.182837251
67.94,-64.99645722,0.05295456085,0.5960097916,0.3177327609,0,-1.221319283,4.404127988,-3.182837166
67.95,-64.99645693,0.05295456253,0.5960097764,0.3177327581,0,-1.221319365,4.404127935,-3.18283708
67.96,-64.99645665,0.05295456421,0.5960097612,0.3177327552,0,-1.221319447,4.404127883,-3.182836995
67.97,-64.99645636,0.0529545659,0.596009746,0.3177327524,0,-1.22131953,4.404127832,-3.182836909
67.98,-64.99645608,0.05295456759,0.5960097308,0.3177327496,0,-1.221319612,4.404127781,-3.182836823
67.99,-64.99645579,0.05295456928,0.5960097157,0.3177327468,0,-1.221319695,4.404127732,-3.182836737
68,-64.9964555,0.05295457098,0.5960097005,0.317732744,0,-1.221319779,4.404127683,-3.182836651
68.01,-64.99645521,0.05295457268,0.5960096853,0.3177327413,0,-1.221319862,4.404127636,-3.182836564
68.02,-64.99645493,0.05295457439,0.5960096702,0.3177327385,0,-1.221319946,4.404127589,-3.182836478
68.03,-64.99645464,0.0529545761,0.596009655,0.3177327358,0,-1.221320031,4.404127543,-3.182836391
68.04,-64.99645435,0.05295457781,0.5960096399,0.3177327331,0,-1.221320115,4.404127498,-3.182836305
68.05,-64.99645406,0.05295457953,0.5960096248,0.3177327304,0,-1.2213202,4.404127454,-3.182836218
68.06,-64.99645377,0.05295458125,0.5960096096,0.3177327277,0,-1.221320285,4.404127411,-3.182836131
68.07,-64.99645348,0.05295458297,0.5960095945,0.317732725,0,-1.22132037,4.404127369,-3.182836044
68.08,-64.99645319,0.0529545847,0.5960095794,0.3177327223,0,-1.221320456,4.404127327,-3.182835957
68.09,-64.9964529,0.05295458643,0.5960095643,0.3177327196,0,-1.221320541,4.404127287,-3.182835869
68.1,-64.99645261,0.05295458817,0.5960095492,0.317732717,0,-1.221320627,4.404127247,-3.182835782
68.11,-64.99645231,0.05295458991,0.5960095341,0.3177327144,0,-1.221320714,4.404127208,-3.182835694
68.12,-64.99645202,0.05295459165,0.596009519,0.3177327118,0,-1.2213208,4.40412717,-3.182835607
68.13,-64.99645173,0.0529545934,0.5960095039,0.3177327091,0,-1.221320887,4.404127133,-3.182835519
68.14,-64.99645144,0.05295459515,0.5960094888,0.3177327066,0,-1.221320974,4.404127096,-3.182835431
68.15,-64.99645114,0.0529545969,0.5960094737,0.317732704,0,-1.221321061,4.404127061,-3.182835343
68.16,-64.99645085,0.05295459866,0.5960094587,0.3177327014,0,-1.221321149,4.404127026,-3.182835255
68.17,-64.99645056,0.05295460042,0.5960094436,0.3177326989,0,-1.221321237,4.404126993,-3.182835167
68.18,-64.99645026,0.05295460218,0.5960094285,0.3177326963,0,-1.221321325,4.40412696,-3.182835079
68.19,-64.99644997,0.05295460394,0.5960094135,0.3177326938,0,-1.221321413,4.404126928,-3.18283499
68.2,-64.99644967,0.05295460571,0.5960093984,0.3177326913,0,-1.221321501,4.404126896,-3.182834902
68.21,-64.99644938,0.05295460749,0.5960093834,0.3177326888,0,-1.22132159,4.404126866,-3.182834813
68.22,-64.99644908,0.05295460926,0.5960093684,0.3177326863,0,-1.221321679,4.404126836,-3.182834724
68.23,-64.99644879,0.05295461104,0.5960093533,0.3177326838,0,-1.221321768,4.404126808,-3.182834636
68.24,-64.99644849,0.05295461282,0.5960093383,0.3177326813,0,-1.221321857,4.40412678,-3.182834547
68.25,-64.99644819,0.0529546146,0.5960093233,0.3177326789,0,-1.221321946,4.404126752,-3.182834458
68.26,-64.9964479,0.05295461639,0.5960093083,0.3177326764,0,-1.221322036,4.404126726,-3.182834369
68.27,-64.9964476,0.05295461818,0.5960092932,0.317732674,0,-1.221322126,4.404126701,-3.18283428
68.28,-64.9964473,0.05295461997,0.5960092782,0.3177326716,0,-1.221322216,4.404126676,-3.182834191
68.29,-64.99644701,0.05295462176,0.5960092632,0.3177326692,0,-1.221322306,4.404126652,-3.182834102
68.3,-64.99644671,0.05295462356,0.5960092482,0.3177326668,0,-1.221322397,4.404126629,-3.182834012
68.31,-64.99644641,0.05295462536,0.5960092333,0.3177326644,0,-1.221322487,4.404126606,-3.182833923
68.32,-64.99644611,0.05295462716,0.5960092183,0.3177326621,0,-1.221322578,4.404126585,-3.182833833
68.33,-64.99644581,0.05295462897,0.5960092033,0.3177326597,0,-1.221322669,4.404126564,-3.182833744
68.34,-64.99644551,0.05295463077,0.5960091883,0.3177326574,0,-1.22132276,4.404126544,-3.182833654
68.35,-64.99644522,0.05295463258,0.5960091733,0.3177326551,0,-1.221322852,4.404126525,-3.182833565
68.36,-64.99644492,0.0529546344,0.5960091584,0.3177326528,0,-1.221322943,4.404126506,-3.182833475
68.37,-64.99644462,0.05295463621,0.5960091434,0.3177326505,0,-1.221323035,4.404126489,-3.182833385
68.38,-64.99644432,0.05295463803,0.5960091285,0.3177326482,0,-1.221323127,4.404126472,-3.182833295
68.39,-64.99644402,0.05295463984,0.5960091135,0.3177326459,0,-1.221323219,4.404126456,-3.182833205
68.4,-64.99644372,0.05295464167,0.5960090986,0.3177326436,0,-1.221323311,4.40412644,-3.182833116
68.41,-64.99644342,0.05295464349,0.5960090836,0.3177326414,0,-1.221323403,4.404126426,-3.182833026
68.42,-64.99644312,0.05295464531,0.5960090687,0.3177326392,0,-1.221323496,4.404126412,-3.182832936
68.43,-64.99644282,0.05295464714,0.5960090538,0.3177326369,0,-1.221323588,4.404126399,-3.182832845
68.44,-64.99644252,0.05295464897,0.5960090389,0.3177326347,0,-1.221323681,4.404126386,-3.182832755
68.45,-64.99644222,0.0529546508,0.596009024,0.3177326325,0,-1.221323774,4.404126375,-3.182832665
68.46,-64.99644192,0.05295465263,0.596009009,0.3177326303,0,-1.221323867,4.404126364,-3.182832575
68.47,-64.99644162,0.05295465447,0.5960089941,0.3177326282,0,-1.22132396,4.404126354,-3.182832485
68.48,-64.99644131,0.0529546563,0.5960089792,0.317732626,0,-1.221324054,4.404126344,-3.182832394
68.49,-64.99644101,0.05295465814,0.5960089643,0.3177326239,0,-1.221324147,4.404126336,-3.182832304
68.5,-64.99644071,0.05295465998,0.5960089495,0.3177326217,0,-1.221324241,4.404126328,-3.182832214
68.51,-64.99644041,0.05295466182,0.5960089346,0.3177326196,0,-1.221324335,4.404126321,-3.182832123
68.52,-64.99644011,0.05295466367,0.5960089197,0.3177326175,0,-1.221324428,4.404126314,-3.182832033
68.53,-64.99643981,0.05295466551,0.5960089048,0.3177326154,0,-1.221324522,4.404126308,-3.182831942
68.54,-64.99643951,0.05295466736,0.5960088899,0.3177326133,0,-1.221324617,4.404126303,-3.182831852
68.55,-64.9964392,0.05295466921,0.5960088751,0.3177326112,0,-1.221324711,4.404126299,-3.182831761
68.56,-64.9964389,0.05295467106,0.5960088602,0.3177326092,0,-1.221324805,4.404126295,-3.182831671
68.57,-64.9964386,0.05295467291,0.5960088454,0.3177326071,0,-1.221324899,4.404126293,-3.18283158
68.58,-64.9964383,0.05295467476,0.5960088305,0.3177326051,0,-1.221324994,4.40412629,-3.18283149
68.59,-64.996438,0.05295467661,0.5960088157,0.3177326031,0,-1.221325089,4.404126289,-3.182831399
68.6,-64.9964377,0.05295467847,0.5960088008,0.317732601,0,-1.221325183,4.404126288,-3.182831309
68.61,-64.99643739,0.05295468033,0.596008786,0.317732599,0,-1.221325278,4.404126288,-3.182831218
68.62,-64.99643709,0.05295468218,0.5960087712,0.317732597,0,-1.221325373,4.404126288,-3.182831127
68.63,-64.99643679,0.05295468404,0.5960087563,0.3177325951,0,-1.221325468,4.40412629,-3.182831037
68.64,-64.99643649,0.0529546859,0.5960087415,0.3177325931,0,-1.221325563,4.404126292,-3.182830946
68.65,-64.99643618,0.05295468776,0.5960087267,0.3177325912,0,-1.221325658,4.404126294,-3.182830855
68.66,-64.99643588,0.05295468962,0.5960087119,0.3177325892,0,-1.221325754,4.404126297,-3.182830765
68.67,-64.99643558,0.05295469149,0.5960086971,0.3177325873,0,-1.221325849,4.404126301,-3.182830674
68.68,-64.99643528,0.05295469335,0.5960086823,0.3177325854,0,-1.221325945,4.404126306,-3.182830583
68.69,-64.99643498,0.05295469522,0.5960086675,0.3177325835,0,-1.22132604,4.404126311,-3.182830493
68.7,-64.99643467,0.05295469708,0.5960086527,0.3177325816,0,-1.221326136,4.404126317,-3.182830402
68.71,-64.99643437,0.05295469895,0.5960086379,0.3177325797,0,-1.221326231,4.404126324,-3.182830311
68.72,-64.99643407,0.05295470082,0.5960086231,0.3177325778,0,-1.221326327,4.404126331,-3.182830221
68.73,-64.99643377,0.05295470269,0.5960086084,0.317732576,0,-1.221326423,4.404126339,-3.18283013
68.74,-64.99643346,0.05295470455,0.5960085936,0.3177325741,0,-1.221326519,4.404126347,-3.182830039
68.75,-64.99643316,0.05295470642,0.5960085788,0.3177325723,0,-1.221326615,4.404126357,-3.182829949
68.76,-64.99643286,0.0529547083,0.5960085641,0.3177325705,0,-1.221326711,4.404126366,-3.182829858
68.77,-64.99643256,0.05295471017,0.5960085493,0.3177325687,0,-1.221326807,4.404126377,-3.182829768
68.78,-64.99643226,0.05295471204,0.5960085346,0.3177325669,0,-1.221326903,4.404126388,-3.182829677
68.79,-64.99643195,0.05295471391,0.5960085198,0.3177325651,0,-1.221326999,4.4041264,-3.182829586
68.8,-64.99643165,0.05295471578,0.5960085051,0.3177325633,0,-1.221327095,4.404126412,-3.182829496
68.81,-64.99643135,0.05295471766,0.5960084903,0.3177325615,0,-1.221327191,4.404126425,-3.182829405
68.82,-64.99643105,0.05295471953,0.5960084756,0.3177325598,0,-1.221327287,4.404126439,-3.182829315
68.83,-64.99643075,0.0529547214,0.5960084609,0.317732558,0,-1.221327384,4.404126453,-3.182829224
68.84,-64.99643045,0.05295472328,0.5960084462,0.3177325563,0,-1.22132748,4.404126468,-3.182829134
68.85,-64.99643015,0.05295472515,0.5960084315,0.3177325546,0,-1.221327576,4.404126483,-3.182829044
68.86,-64.99642984,0.05295472703,0.5960084167,0.3177325529,0,-1.221327673,4.404126499,-3.182828953
68.87,-64.99642954,0.0529547289,0.596008402,0.3177325512,0,-1.221327769,4.404126516,-3.182828863
68.88,-64.99642924,0.05295473078,0.5960083873,0.3177325495,0,-1.221327866,4.404126533,-3.182828772
68.89,-64.99642894,0.05295473266,0.5960083726,0.3177325478,0,-1.221327962,4.404126551,-3.182828682
68.9,-64.99642864,0.05295473453,0.596008358,0.3177325462,0,-1.221328059,4.404126569,-3.182828592
68.91,-64.99642834,0.05295473641,0.5960083433,0.3177325445,0,-1.221328155,4.404126588,-3.182828502
68.92,-64.99642804,0.05295473828,0.5960083286,0.3177325429,0,-1.221328252,4.404126608,-3.182828411
68.93,-64.99642774,0.05295474016,0.5960083139,0.3177325413,0,-1.221328348,4.404126628,-3.182828321
68.94,-64.99642744,0.05295474203,0.5960082992,0.3177325397,0,-1.221328445,4.404126649,-3.182828231
68.95,-64.99642714,0.05295474391,0.5960082846,0.3177325381,0,-1.221328541,4.40412667,-3.182828141
68.96,-64.99642684,0.05295474579,0.5960082699,0.3177325365,0,-1.221328638,4.404126692,-3.182828051
68.97,-64.99642654,0.05295474766,0.5960082552,0.3177325349,0,-1.221328734,4.404126715,-3.182827961
68.98,-64.99642624,0.05295474954,0.5960082406,0.3177325333,0,-1.221328831,4.404126738,-3.182827871
68.99,-64.99642594,0.05295475141,0.596008226,0.3177325318,0,-1.221328928,4.404126762,-3.182827781
69,-64.99642564,0.05295475329,0.5960082113,0.3177325302,0,-1.221329024,4.404126786,-3.182827692
69.01,-64.99642534,0.05295475516,0.5960081967,0.3177325287,0,-1.221329121,4.404126811,-3.182827602
69.02,-64.99642504,0.05295475704,0.596008182,0.3177325272,0,-1.221329217,4.404126836,-3.182827512
69.03,-64.99642474,0.05295475891,0.5960081674,0.3177325257,0,-1.221329314,4.404126862,-3.182827422
69.04,-64.99642444,0.05295476079,0.5960081528,0.3177325242,0,-1.22132941,4.404126888,-3.182827333
69.05,-64.99642414,0.05295476266,0.5960081382,0.3177325227,0,-1.221329507,4.404126915,-3.182827243
69.06,-64.99642385,0.05295476453,0.5960081236,0.3177325212,0,-1.221329603,4.404126943,-3.182827154
69.07,-64.99642355,0.0529547664,0.5960081089,0.3177325197,0,-1.2213297,4.404126971,-3.182827064
69.08,-64.99642325,0.05295476828,0.5960080943,0.3177325183,0,-1.221329796,4.404126999,-3.182826975
69.09,-64.99642295,0.05295477015,0.5960080797,0.3177325168,0,-1.221329893,4.404127028,-3.182826886
69.1,-64.99642266,0.05295477202,0.5960080652,0.3177325154,0,-1.221329989,4.404127058,-3.182826797
69.11,-64.99642236,0.05295477389,0.5960080506,0.317732514,0,-1.221330085,4.404127088,-3.182826707
69.12,-64.99642206,0.05295477576,0.596008036,0.3177325126,0,-1.221330182,4.404127119,-3.182826618
69.13,-64.99642176,0.05295477763,0.5960080214,0.3177325112,0,-1.221330278,4.40412715,-3.182826529
69.14,-64.99642147,0.0529547795,0.5960080068,0.3177325098,0,-1.221330374,4.404127182,-3.18282644
69.15,-64.99642117,0.05295478136,0.5960079923,0.3177325084,0,-1.22133047,4.404127214,-3.182826352
69.16,-64.99642088,0.05295478323,0.5960079777,0.317732507,0,-1.221330567,4.404127246,-3.182826263
69.17,-64.99642058,0.0529547851,0.5960079631,0.3177325057,0,-1.221330663,4.40412728,-3.182826174
69.18,-64.99642028,0.05295478696,0.5960079486,0.3177325043,0,-1.221330759,4.404127313,-3.182826085
69.19,-64.99641999,0.05295478883,0.596007934,0.317732503,0,-1.221330855,4.404127348,-3.182825997
69.2,-64.99641969,0.05295479069,0.5960079195,0.3177325017,0,-1.221330951,4.404127382,-3.182825908
69.21,-64.9964194,0.05295479255,0.596007905,0.3177325003,0,-1.221331047,4.404127418,-3.18282582
69.22,-64.99641911,0.05295479441,0.5960078904,0.317732499,0,-1.221331143,4.404127453,-3.182825732
69.23,-64.99641881,0.05295479627,0.5960078759,0.3177324977,0,-1.221331238,4.404127489,-3.182825644
69.24,-64.99641852,0.05295479813,0.5960078614,0.3177324965,0,-1.221331334,4.404127526,-3.182825555
69.25,-64.99641822,0.05295479999,0.5960078468,0.3177324952,0,-1.22133143,4.404127563,-3.182825467
69.26,-64.99641793,0.05295480185,0.5960078323,0.3177324939,0,-1.221331525,4.404127601,-3.182825379
69.27,-64.99641764,0.0529548037,0.5960078178,0.3177324927,0,-1.221331621,4.404127639,-3.182825292
69.28,-64.99641735,0.05295480556,0.5960078033,0.3177324914,0,-1.221331717,4.404127678,-3.182825204
69.29,-64.99641705,0.05295480741,0.5960077888,0.3177324902,0,-1.221331812,4.404127717,-3.182825116
69.3,-64.99641676,0.05295480926,0.5960077743,0.317732489,0,-1.221331907,4.404127756,-3.182825028
69.31,-64.99641647,0.05295481111,0.5960077598,0.3177324878,0,-1.221332003,4.404127796,-3.182824941
69.32,-64.99641618,0.05295481296,0.5960077454,0.3177324866,0,-1.221332098,4.404127836,-3.182824854
69.33,-64.99641589,0.05295481481,0.5960077309,0.3177324854,0,-1.221332193,4.404127877,-3.182824766
69.34,-64.9964156,0.05295481666,0.5960077164,0.3177324842,0,-1.221332288,4.404127919,-3.182824679
69.35,-64.99641531,0.05295481851,0.5960077019,0.317732483,0,-1.221332383,4.40412796,-3.182824592
69.36,-64.99641502,0.05295482035,0.5960076875,0.3177324819,0,-1.221332478,4.404128003,-3.182824505
69.37,-64.99641473,0.05295482219,0.596007673,0.3177324807,0,-1.221332573,4.404128045,-3.182824418
69.38,-64.99641444,0.05295482403,0.5960076586,0.3177324796,0,-1.221332667,4.404128088,-3.182824331
69.39,-64.99641415,0.05295482587,0.5960076441,0.3177324785,0,-1.221332762,4.404128132,-3.182824245
69.4,-64.99641386,0.05295482771,0.5960076297,0.3177324774,0,-1.221332857,4.404128176,-3.182824158
69.41,-64.99641357,0.05295482955,0.5960076152,0.3177324763,0,-1.221332951,4.40412822,-3.182824072
69.42,-64.99641328,0.05295483138,0.5960076008,0.3177324752,0,-1.221333045,4.404128265,-3.182823985
69.43,-64.996413,0.05295483322,0.5960075864,0.3177324741,0,-1.22133314,4.40412831,-3.182823899
69.44,-64.99641271,0.05295483505,0.5960075719,0.317732473,0,-1.221333234,4.404128356,-3.182823813
69.45,-64.99641242,0.05295483688,0.5960075575,0.3177324719,0,-1.221333328,4.404128402,-3.182823727
69.46,-64.99641214,0.05295483871,0.5960075431,0.3177324709,0,-1.221333422,4.404128449,-3.182823641
69.47,-64.99641185,0.05295484054,0.5960075287,0.3177324698,0,-1.221333516,4.404128495,-3.182823555
69.48,-64.99641157,0.05295484236,0.5960075143,0.3177324688,0,-1.221333609,4.404128543,-3.18282347
69.49,-64.99641128,0.05295484418,0.5960074999,0.3177324678,0,-1.221333703,4.40412859,-3.182823384
69.5,-64.996411,0.05295484601,0.5960074855,0.3177324667,0,-1.221333797,4.404128639,-3.182823299
69.51,-64.99641071,0.05295484783,0.5960074711,0.3177324657,0,-1.22133389,4.404128687,-3.182823213
69.52,-64.99641043,0.05295484964,0.5960074568,0.3177324647,0,-1.221333983,4.404128736,-3.182823128
69.53,-64.99641014,0.05295485146,0.5960074424,0.3177324638,0,-1.221334076,4.404128785,-3.182823043
69.54,-64.99640986,0.05295485327,0.596007428,0.3177324628,0,-1.221334169,4.404128835,-3.182822958
69.55,-64.99640958,0.05295485508,0.5960074136,0.3177324618,0,-1.221334262,4.404128885,-3.182822873
69.56,-64.9964093,0.05295485689,0.5960073993,0.3177324609,0,-1.221334355,4.404128936,-3.182822789
69.57,-64.99640901,0.0529548587,0.5960073849,0.3177324599,0,-1.221334448,4.404128986,-3.182822704
69.58,-64.99640873,0.05295486051,0.5960073706,0.317732459,0,-1.22133454,4.404129038,-3.18282262
69.59,-64.99640845,0.05295486231,0.5960073562,0.317732458,0,-1.221334633,4.404129089,-3.182822535
69.6,-64.99640817,0.05295486411,0.5960073419,0.3177324571,0,-1.221334725,4.404129141,-3.182822451
69.61,-64.99640789,0.05295486591,0.5960073276,0.3177324562,0,-1.221334817,4.404129193,-3.182822367
69.62,-64.99640761,0.05295486771,0.5960073132,0.3177324553,0,-1.221334909,4.404129246,-3.182822283
69.63,-64.99640733,0.05295486951,0.5960072989,0.3177324544,0,-1.221335001,4.404129299,-3.182822199
69.64,-64.99640705,0.0529548713,0.5960072846,0.3177324535,0,-1.221335093,4.404129353,-3.182822116
69.65,-64.99640677,0.05295487309,0.5960072703,0.3177324527,0,-1.221335185,4.404129406,-3.182822032
69.66,-64.9964065,0.05295487488,0.596007256,0.3177324518,0,-1.221335276,4.404129461,-3.182821949
69.67,-64.99640622,0.05295487666,0.5960072417,0.3177324509,0,-1.221335367,4.404129515,-3.182821866
69.68,-64.99640594,0.05295487845,0.5960072274,0.3177324501,0,-1.221335459,4.40412957,-3.182821783
69.69,-64.99640567,0.05295488023,0.5960072131,0.3177324493,0,-1.22133555,4.404129625,-3.1828217
69.7,-64.99640539,0.05295488201,0.5960071988,0.3177324484,0,-1.221335641,4.40412968,-3.182821617
69.71,-64.99640511,0.05295488379,0.5960071845,0.3177324476,0,-1.221335731,4.404129736,-3.182821534
69.72,-64.99640484,0.05295488556,0.5960071702,0.3177324468,0,-1.221335822,4.404129792,-3.182821452
69.73,-64.99640456,0.05295488733,0.596007156,0.317732446,0,-1.221335912,4.404129849,-3.182821369
69.74,-64.99640429,0.0529548891,0.5960071417,0.3177324452,0,-1.221336003,4.404129906,-3.182821287
69.75,-64.99640402,0.05295489087,0.5960071275,0.3177324445,0,-1.221336093,4.404129963,-3.182821205
69.76,-64.99640374,0.05295489263,0.5960071132,0.3177324437,0,-1.221336183,4.40413002,-3.182821123
69.77,-64.99640347,0.0529548944,0.596007099,0.3177324429,0,-1.221336273,4.404130078,-3.182821041
69.78,-64.9964032,0.05295489616,0.5960070847,0.3177324422,0,-1.221336362,4.404130136,-3.18282096
69.79,-64.99640293,0.05295489791,0.5960070705,0.3177324414,0,-1.221336452,4.404130195,-3.182820878
69.8,-64.99640266,0.05295489967,0.5960070562,0.3177324407,0,-1.221336541,4.404130254,-3.182820797
69.81,-64.99640239,0.05295490142,0.596007042,0.31773244,0,-1.22133663,4.404130313,-3.182820716
69.82,-64.99640212,0.05295490317,0.5960070278,0.3177324392,0,-1.221336719,4.404130372,-3.182820635
69.83,-64.99640185,0.05295490492,0.5960070136,0.3177324385,0,-1.221336808,4.404130432,-3.182820554
69.84,-64.99640158,0.05295490666,0.5960069994,0.3177324378,0,-1.221336897,4.404130492,-3.182820473
69.85,-64.99640131,0.0529549084,0.5960069852,0.3177324372,0,-1.221336985,4.404130552,-3.182820392
69.86,-64.99640104,0.05295491014,0.596006971,0.3177324365,0,-1.221337074,4.404130612,-3.182820312
69.87,-64.99640077,0.05295491187,0.5960069568,0.3177324358,0,-1.221337162,4.404130673,-3.182820232
69.88,-64.99640051,0.05295491361,0.5960069426,0.3177324351,0,-1.22133725,4.404130734,-3.182820152
69.89,-64.99640024,0.05295491534,0.5960069284,0.3177324345,0,-1.221337338,4.404130796,-3.182820072
69.9,-64.99639997,0.05295491706,0.5960069143,0.3177324338,0,-1.221337425,4.404130858,-3.182819992
69.91,-64.99639971,0.05295491879,0.5960069001,0.3177324332,0,-1.221337513,4.40413092,-3.182819912
69.92,-64.99639944,0.05295492051,0.5960068859,0.3177324326,0,-1.2213376,4.404130982,-3.182819833
69.93,-64.99639918,0.05295492223,0.5960068718,0.3177324319,0,-1.221337687,4.404131044,-3.182819754
69.94,-64.99639892,0.05295492394,0.5960068576,0.3177324313,0,-1.221337774,4.404131107,-3.182819675
69.95,-64.99639865,0.05295492566,0.5960068435,0.3177324307,0,-1.221337861,4.40413117,-3.182819596
69.96,-64.99639839,0.05295492737,0.5960068293,0.3177324301,0,-1.221337947,4.404131234,-3.182819517
69.97,-64.99639813,0.05295492907,0.5960068152,0.3177324295,0,-1.221338034,4.404131297,-3.182819438
69.98,-64.99639787,0.05295493078,0.5960068011,0.317732429,0,-1.22133812,4.404131361,-3.18281936
69.99,-64.99639761,0.05295493248,0.5960067869,0.3177324284,0,-1.221338206,4.404131425,-3.182819282
70,-64.99639735,0.05295493418,0.5960067728,0.3177324278,0,-1.221338292,4.40413149,-3.182819204
70.01,-64.99639709,0.05295493587,0.5960067587,0.3177324273,0,-1.221338377,4.404131554,-3.182819126
70.02,-64.99639683,0.05295493756,0.5960067446,0.3177324267,0,-1.221338463,4.404131619,-3.182819048
70.03,-64.99639657,0.05295493925,0.5960067305,0.3177324262,0,-1.221338548,4.404131684,-3.18281897
70.04,-64.99639631,0.05295494094,0.5960067164,0.3177324257,0,-1.221338633,4.40413175,-3.182818893
70.05,-64.99639605,0.05295494262,0.5960067023,0.3177324252,0,-1.221338718,4.404131815,-3.182818816
70.06,-64.9963958,0.0529549443,0.5960066883,0.3177324246,0,-1.221338802,4.404131881,-3.182818739
70.07,-64.99639554,0.05295494597,0.5960066742,0.3177324241,0,-1.221338887,4.404131947,-3.182818662
70.08,-64.99639528,0.05295494765,0.5960066601,0.3177324236,0,-1.221338971,4.404132014,-3.182818585
70.09,-64.99639503,0.05295494931,0.5960066461,0.3177324232,0,-1.221339055,4.40413208,-3.182818508
70.1,-64.99639477,0.05295495098,0.596006632,0.3177324227,0,-1.221339139,4.404132147,-3.182818432
70.11,-64.99639452,0.05295495264,0.596006618,0.3177324222,0,-1.221339222,4.404132214,-3.182818356
70.12,-64.99639427,0.0529549543,0.5960066039,0.3177324217,0,-1.221339305,4.404132281,-3.18281828
70.13,-64.99639401,0.05295495596,0.5960065899,0.3177324213,0,-1.221339389,4.404132349,-3.182818204
70.14,-64.99639376,0.05295495761,0.5960065758,0.3177324208,0,-1.221339472,4.404132417,-3.182818128
70.15,-64.99639351,0.05295495926,0.5960065618,0.3177324204,0,-1.221339554,4.404132484,-3.182818053
70.16,-64.99639326,0.05295496091,0.5960065478,0.31773242,0,-1.221339637,4.404132553,-3.182817978
70.17,-64.99639301,0.05295496255,0.5960065338,0.3177324195,0,-1.221339719,4.404132621,-3.182817903
70.18,-64.99639276,0.05295496419,0.5960065198,0.3177324191,0,-1.221339801,4.404132689,-3.182817828
70.19,-64.99639251,0.05295496583,0.5960065058,0.3177324187,0,-1.221339883,4.404132758,-3.182817753
70.2,-64.99639226,0.05295496746,0.5960064918,0.3177324183,0,-1.221339965,4.404132827,-3.182817678
70.21,-64.99639201,0.05295496909,0.5960064778,0.3177324179,0,-1.221340046,4.404132896,-3.182817604
70.22,-64.99639177,0.05295497072,0.5960064638,0.3177324175,0,-1.221340127,4.404132966,-3.18281753
70.23,-64.99639152,0.05295497234,0.5960064498,0.3177324172,0,-1.221340208,4.404133035,-3.182817456
70.24,-64.99639127,0.05295497396,0.5960064359,0.3177324168,0,-1.221340289,4.404133105,-3.182817382
70.25,-64.99639103,0.05295497557,0.5960064219,0.3177324164,0,-1.22134037,4.404133175,-3.182817308
70.26,-64.99639078,0.05295497718,0.5960064079,0.3177324161,0,-1.22134045,4.404133245,-3.182817235
70.27,-64.99639054,0.05295497879,0.596006394,0.3177324157,0,-1.22134053,4.404133315,-3.182817162
70.28,-64.9963903,0.0529549804,0.59600638,0.3177324154,0,-1.22134061,4.404133386,-3.182817089
70.29,-64.99639005,0.052954982,0.5960063661,0.3177324151,0,-1.22134069,4.404133456,-3.182817016
70.3,-64.99638981,0.05295498359,0.5960063522,0.3177324147,0,-1.221340769,4.404133527,-3.182816943
70.31,-64.99638957,0.05295498519,0.5960063383,0.3177324144,0,-1.221340848,4.404133598,-3.182816871
70.32,-64.99638933,0.05295498678,0.5960063243,0.3177324141,0,-1.221340927,4.404133669,-3.182816799
70.33,-64.99638909,0.05295498837,0.5960063104,0.3177324138,0,-1.221341006,4.40413374,-3.182816726
70.34,-64.99638885,0.05295498995,0.5960062965,0.3177324135,0,-1.221341084,4.404133812,-3.182816655
70.35,-64.99638861,0.05295499153,0.5960062826,0.3177324132,0,-1.221341163,4.404133884,-3.182816583
70.36,-64.99638837,0.0529549931,0.5960062687,0.3177324129,0,-1.221341241,4.404133955,-3.182816511
70.37,-64.99638813,0.05295499468,0.5960062548,0.3177324127,0,-1.221341318,4.404134027,-3.18281644
70.38,-64.9963879,0.05295499624,0.596006241,0.3177324124,0,-1.221341396,4.4041341,-3.182816369
70.39,-64.99638766,0.05295499781,0.5960062271,0.3177324121,0,-1.221341473,4.404134172,-3.182816298
70.4,-64.99638742,0.05295499937,0.5960062132,0.3177324119,0,-1.22134155,4.404134244,-3.182816227
70.41,-64.99638719,0.05295500092,0.5960061994,0.3177324116,0,-1.221341627,4.404134317,-3.182816157
70.42,-64.99638696,0.05295500248,0.5960061855,0.3177324114,0,-1.221341704,4.40413439,-3.182816087
70.43,-64.99638672,0.05295500403,0.5960061717,0.3177324112,0,-1.22134178,4.404134462,-3.182816017
70.44,-64.99638649,0.05295500557,0.5960061578,0.3177324109,0,-1.221341856,4.404134536,-3.182815947
70.45,-64.99638626,0.05295500711,0.596006144,0.3177324107,0,-1.221341932,4.404134609,-3.182815877
70.46,-64.99638602,0.05295500865,0.5960061302,0.3177324105,0,-1.221342008,4.404134682,-3.182815807
70.47,-64.99638579,0.05295501019,0.5960061163,0.3177324103,0,-1.221342083,4.404134755,-3.182815738
70.48,-64.99638556,0.05295501172,0.5960061025,0.3177324101,0,-1.221342158,4.404134829,-3.182815669
70.49,-64.99638533,0.05295501324,0.5960060887,0.3177324099,0,-1.221342233,4.404134903,-3.1828156
70.5,-64.9963851,0.05295501476,0.5960060749,0.3177324097,0,-1.221342308,4.404134976,-3.182815531
70.51,-64.99638488,0.05295501628,0.5960060611,0.3177324096,0,-1.221342382,4.40413505,-3.182815463
70.52,-64.99638465,0.0529550178,0.5960060473,0.3177324094,0,-1.221342456,4.404135124,-3.182815395
70.53,-64.99638442,0.05295501931,0.5960060336,0.3177324092,0,-1.22134253,4.404135199,-3.182815327
70.54,-64.9963842,0.05295502081,0.5960060198,0.3177324091,0,-1.221342603,4.404135273,-3.182815259
70.55,-64.99638397,0.05295502232,0.596006006,0.3177324089,0,-1.221342677,4.404135347,-3.182815191
70.56,-64.99638375,0.05295502381,0.5960059923,0.3177324088,0,-1.22134275,4.404135422,-3.182815124
70.57,-64.99638352,0.05295502531,0.5960059785,0.3177324086,0,-1.221342823,4.404135497,-3.182815056
70.58,-64.9963833,0.0529550268,0.5960059648,0.3177324085,0,-1.221342895,4.404135571,-3.182814989
70.59,-64.99638307,0.05295502829,0.596005951,0.3177324084,0,-1.221342968,4.404135646,-3.182814922
70.6,-64.99638285,0.05295502977,0.5960059373,0.3177324083,0,-1.22134304,4.404135721,-3.182814856
70.61,-64.99638263,0.05295503125,0.5960059236,0.3177324081,0,-1.221343112,4.404135796,-3.182814789
70.62,-64.99638241,0.05295503272,0.5960059099,0.317732408,0,-1.221343183,4.404135871,-3.182814723
70.63,-64.99638219,0.05295503419,0.5960058962,0.3177324079,0,-1.221343254,4.404135947,-3.182814657
70.64,-64.99638197,0.05295503566,0.5960058825,0.3177324079,0,-1.221343325,4.404136022,-3.182814591
70.65,-64.99638175,0.05295503712,0.5960058688,0.3177324078,0,-1.221343396,4.404136097,-3.182814526
70.66,-64.99638154,0.05295503858,0.5960058551,0.3177324077,0,-1.221343467,4.404136173,-3.182814461
70.67,-64.99638132,0.05295504003,0.5960058414,0.3177324076,0,-1.221343537,4.404136249,-3.182814395
70.68,-64.9963811,0.05295504148,0.5960058277,0.3177324075,0,-1.221343607,4.404136324,-3.18281433
70.69,-64.99638089,0.05295504293,0.5960058141,0.3177324075,0,-1.221343677,4.4041364,-3.182814266
70.7,-64.99638067,0.05295504437,0.5960058004,0.3177324074,0,-1.221343746,4.404136476,-3.182814201
70.71,-64.99638046,0.0529550458,0.5960057867,0.3177324074,0,-1.221343815,4.404136552,-3.182814137
70.72,-64.99638024,0.05295504724,0.5960057731,0.3177324073,0,-1.221343884,4.404136628,-3.182814073
70.73,-64.99638003,0.05295504867,0.5960057595,0.3177324073,0,-1.221343953,4.404136704,-3.182814009
70.74,-64.99637982,0.05295505009,0.5960057458,0.3177324073,0,-1.221344021,4.40413678,-3.182813945
70.75,-64.99637961,0.05295505151,0.5960057322,0.3177324072,0,-1.221344089,4.404136856,-3.182813882
70.76,-64.9963794,0.05295505293,0.5960057186,0.3177324072,0,-1.221344157,4.404136933,-3.182813819
70.77,-64.99637918,0.05295505434,0.596005705,0.3177324072,0,-1.221344225,4.404137009,-3.182813755
70.78,-64.99637898,0.05295505575,0.5960056914,0.3177324072,0,-1.221344292,4.404137086,-3.182813693
70.79,-64.99637877,0.05295505715,0.5960056778,0.3177324072,0,-1.221344359,4.404137162,-3.18281363
70.8,-64.99637856,0.05295505855,0.5960056642,0.3177324072,0,-1.221344426,4.404137239,-3.182813568
70.81,-64.99637835,0.05295505995,0.5960056506,0.3177324072,0,-1.221344492,4.404137315,-3.182813506
70.82,-64.99637815,0.05295506134,0.5960056371,0.3177324072,0,-1.221344559,4.404137392,-3.182813444
70.83,-64.99637794,0.05295506272,0.5960056235,0.3177324073,0,-1.221344625,4.404137469,-3.182813382
70.84,-64.99637773,0.0529550641,0.5960056099,0.3177324073,0,-1.22134469,4.404137546,-3.18281332
70.85,-64.99637753,0.05295506548,0.5960055964,0.3177324073,0,-1.221344756,4.404137622,-3.182813259
70.86,-64.99637733,0.05295506686,0.5960055828,0.3177324074,0,-1.221344821,4.404137699,-3.182813198
70.87,-64.99637712,0.05295506822,0.5960055693,0.3177324074,0,-1.221344886,4.404137776,-3.182813137
70.88,-64.99637692,0.05295506959,0.5960055558,0.3177324075,0,-1.22134495,4.404137853,-3.182813077
70.89,-64.99637672,0.05295507095,0.5960055423,0.3177324075,0,-1.221345014,4.40413793,-3.182813016
70.9,-64.99637652,0.05295507231,0.5960055288,0.3177324076,0,-1.221345079,4.404138007,-3.182812956
70.91,-64.99637632,0.05295507366,0.5960055153,0.3177324076,0,-1.221345142,4.404138084,-3.182812896
70.92,-64.99637612,0.052955075,0.5960055018,0.3177324077,0,-1.221345206,4.404138161,-3.182812836
70.93,-64.99637592,0.05295507635,0.5960054883,0.3177324078,0,-1.221345269,4.404138239,-3.182812777
70.94,-64.99637572,0.05295507769,0.5960054748,0.3177324079,0,-1.221345332,4.404138316,-3.182812717
70.95,-64.99637553,0.05295507902,0.5960054613,0.317732408,0,-1.221345394,4.404138393,-3.182812658
70.96,-64.99637533,0.05295508035,0.5960054478,0.3177324081,0,-1.221345457,4.40413847,-3.182812599
70.97,-64.99637514,0.05295508167,0.5960054344,0.3177324082,0,-1.221345519,4.404138547,-3.182812541
70.98,-64.99637494,0.052955083,0.5960054209,0.3177324083,0,-1.22134558,4.404138625,-3.182812482
70.99,-64.99637475,0.05295508431,0.5960054075,0.3177324084,0,-1.221345642,4.404138702,-3.182812424
71,-64.99637455,0.05295508562,0.5960053941,0.3177324085,0,-1.221345703,4.404138779,-3.182812366
71.01,-64.99637436,0.05295508693,0.5960053806,0.3177324086,0,-1.221345764,4.404138857,-3.182812308
71.02,-64.99637417,0.05295508823,0.5960053672,0.3177324087,0,-1.221345825,4.404138934,-3.182812251
71.03,-64.99637398,0.05295508953,0.5960053538,0.3177324089,0,-1.221345885,4.404139011,-3.182812194
71.04,-64.99637379,0.05295509083,0.5960053404,0.317732409,0,-1.221345945,4.404139089,-3.182812136
71.05,-64.9963736,0.05295509212,0.596005327,0.3177324092,0,-1.221346005,4.404139166,-3.18281208
71.06,-64.99637341,0.0529550934,0.5960053136,0.3177324093,0,-1.221346064,4.404139243,-3.182812023
71.07,-64.99637322,0.05295509468,0.5960053003,0.3177324094,0,-1.221346124,4.404139321,-3.182811967
71.08,-64.99637303,0.05295509596,0.5960052869,0.3177324096,0,-1.221346182,4.404139398,-3.18281191
71.09,-64.99637285,0.05295509723,0.5960052735,0.3177324098,0,-1.221346241,4.404139476,-3.182811854
71.1,-64.99637266,0.0529550985,0.5960052602,0.3177324099,0,-1.221346299,4.404139553,-3.182811799
71.11,-64.99637248,0.05295509976,0.5960052468,0.3177324101,0,-1.221346357,4.40413963,-3.182811743
71.12,-64.99637229,0.05295510102,0.5960052335,0.3177324103,0,-1.221346415,4.404139708,-3.182811688
71.13,-64.99637211,0.05295510227,0.5960052202,0.3177324105,0,-1.221346473,4.404139785,-3.182811633
71.14,-64.99637193,0.05295510352,0.5960052068,0.3177324106,0,-1.22134653,4.404139863,-3.182811578
71.15,-64.99637174,0.05295510477,0.5960051935,0.3177324108,0,-1.221346587,4.40413994,-3.182811523
71.16,-64.99637156,0.05295510601,0.5960051802,0.317732411,0,-1.221346643,4.404140017,-3.182811469
71.17,-64.99637138,0.05295510724,0.5960051669,0.3177324112,0,-1.2213467,4.404140095,-3.182811415
71.18,-64.9963712,0.05295510847,0.5960051536,0.3177324114,0,-1.221346756,4.404140172,-3.182811361
71.19,-64.99637102,0.0529551097,0.5960051403,0.3177324116,0,-1.221346811,4.404140249,-3.182811307
71.2,-64.99637085,0.05295511092,0.5960051271,0.3177324119,0,-1.221346867,4.404140326,-3.182811254
71.21,-64.99637067,0.05295511214,0.5960051138,0.3177324121,0,-1.221346922,4.404140404,-3.1828112
71.22,-64.99637049,0.05295511335,0.5960051006,0.3177324123,0,-1.221346977,4.404140481,-3.182811147
71.23,-64.99637031,0.05295511456,0.5960050873,0.3177324125,0,-1.221347031,4.404140558,-3.182811094
71.24,-64.99637014,0.05295511576,0.5960050741,0.3177324128,0,-1.221347086,4.404140635,-3.182811042
71.25,-64.99636996,0.05295511696,0.5960050608,0.317732413,0,-1.22134714,4.404140712,-3.182810989
71.26,-64.99636979,0.05295511815,0.5960050476,0.3177324132,0,-1.221347193,4.40414079,-3.182810937
71.27,-64.99636962,0.05295511934,0.5960050344,0.3177324135,0,-1.221347247,4.404140867,-3.182810885
71.28,-64.99636945,0.05295512053,0.5960050212,0.3177324137,0,-1.2213473,4.404140944,-3.182810834
71.29,-64.99636927,0.05295512171,0.596005008,0.317732414,0,-1.221347353,4.404141021,-3.182810782
71.3,-64.9963691,0.05295512288,0.5960049948,0.3177324142,0,-1.221347405,4.404141098,-3.182810731
71.31,-64.99636893,0.05295512406,0.5960049816,0.3177324145,0,-1.221347457,4.404141175,-3.18281068
71.32,-64.99636876,0.05295512522,0.5960049685,0.3177324148,0,-1.221347509,4.404141252,-3.182810629
71.33,-64.9963686,0.05295512638,0.5960049553,0.317732415,0,-1.221347561,4.404141328,-3.182810579
71.34,-64.99636843,0.05295512754,0.5960049421,0.3177324153,0,-1.221347612,4.404141405,-3.182810528
71.35,-64.99636826,0.05295512869,0.596004929,0.3177324156,0,-1.221347663,4.404141482,-3.182810478
71.36,-64.99636809,0.05295512984,0.5960049158,0.3177324159,0,-1.221347714,4.404141559,-3.182810428
71.37,-64.99636793,0.05295513098,0.5960049027,0.3177324162,0,-1.221347764,4.404141635,-3.182810379
71.38,-64.99636776,0.05295513212,0.5960048896,0.3177324165,0,-1.221347815,4.404141712,-3.182810329
71.39,-64.9963676,0.05295513326,0.5960048765,0.3177324168,0,-1.221347864,4.404141789,-3.18281028
71.4,-64.99636744,0.05295513439,0.5960048634,0.3177324171,0,-1.221347914,4.404141865,-3.182810231
71.41,-64.99636728,0.05295513551,0.5960048503,0.3177324174,0,-1.221347963,4.404141942,-3.182810183
71.42,-64.99636711,0.05295513663,0.5960048372,0.3177324177,0,-1.221348012,4.404142018,-3.182810134
71.43,-64.99636695,0.05295513775,0.5960048241,0.317732418,0,-1.221348061,4.404142094,-3.182810086
71.44,-64.99636679,0.05295513886,0.5960048111,0.3177324183,0,-1.221348109,4.404142171,-3.182810038
71.45,-64.99636663,0.05295513996,0.596004798,0.3177324186,0,-1.221348157,4.404142247,-3.18280999
71.46,-64.99636647,0.05295514106,0.5960047849,0.3177324189,0,-1.221348205,4.404142323,-3.182809942
71.47,-64.99636632,0.05295514216,0.5960047719,0.3177324193,0,-1.221348253,4.404142399,-3.182809895
71.48,-64.99636616,0.05295514325,0.5960047589,0.3177324196,0,-1.2213483,4.404142475,-3.182809848
71.49,-64.996366,0.05295514434,0.5960047458,0.3177324199,0,-1.221348347,4.404142551,-3.182809801
71.5,-64.99636585,0.05295514542,0.5960047328,0.3177324203,0,-1.221348393,4.404142627,-3.182809754
71.51,-64.99636569,0.0529551465,0.5960047198,0.3177324206,0,-1.221348439,4.404142703,-3.182809708
71.52,-64.99636554,0.05295514757,0.5960047068,0.317732421,0,-1.221348485,4.404142779,-3.182809662
71.53,-64.99636539,0.05295514864,0.5960046938,0.3177324213,0,-1.221348531,4.404142854,-3.182809616
71.54,-64.99636523,0.0529551497,0.5960046809,0.3177324217,0,-1.221348576,4.40414293,-3.18280957
71.55,-64.99636508,0.05295515076,0.5960046679,0.317732422,0,-1.221348622,4.404143005,-3.182809524
71.56,-64.99636493,0.05295515182,0.5960046549,0.3177324224,0,-1.221348666,4.404143081,-3.182809479
71.57,-64.99636478,0.05295515287,0.596004642,0.3177324228,0,-1.221348711,4.404143156,-3.182809434
71.58,-64.99636463,0.05295515391,0.596004629,0.3177324231,0,-1.221348755,4.404143231,-3.182809389
71.59,-64.99636448,0.05295515495,0.5960046161,0.3177324235,0,-1.221348799,4.404143307,-3.182809344
71.6,-64.99636433,0.05295515599,0.5960046032,0.3177324239,0,-1.221348842,4.404143382,-3.1828093
71.61,-64.99636419,0.05295515702,0.5960045903,0.3177324242,0,-1.221348886,4.404143457,-3.182809256
71.62,-64.99636404,0.05295515804,0.5960045774,0.3177324246,0,-1.221348929,4.404143532,-3.182809212
71.63,-64.99636389,0.05295515907,0.5960045645,0.317732425,0,-1.221348971,4.404143606,-3.182809168
71.64,-64.99636375,0.05295516008,0.5960045516,0.3177324254,0,-1.221349014,4.404143681,-3.182809125
71.65,-64.9963636,0.05295516109,0.5960045387,0.3177324258,0,-1.221349056,4.404143756,-3.182809081
71.66,-64.99636346,0.0529551621,0.5960045258,0.3177324262,0,-1.221349098,4.40414383,-3.182809038
71.67,-64.99636332,0.0529551631,0.596004513,0.3177324266,0,-1.221349139,4.404143905,-3.182808996
71.68,-64.99636318,0.0529551641,0.5960045001,0.317732427,0,-1.22134918,4.404143979,-3.182808953
71.69,-64.99636304,0.05295516509,0.5960044873,0.3177324274,0,-1.221349221,4.404144053,-3.182808911
71.7,-64.9963629,0.05295516608,0.5960044744,0.3177324278,0,-1.221349262,4.404144128,-3.182808869
71.71,-64.99636276,0.05295516707,0.5960044616,0.3177324282,0,-1.221349302,4.404144202,-3.182808827
71.72,-64.99636262,0.05295516805,0.5960044488,0.3177324286,0,-1.221349342,4.404144276,-3.182808785
71.73,-64.99636248,0.05295516902,0.596004436,0.3177324291,0,-1.221349382,4.404144349,-3.182808744
71.74,-64.99636234,0.05295516999,0.5960044232,0.3177324295,0,-1.221349421,4.404144423,-3.182808702
71.75,-64.9963622,0.05295517095,0.5960044104,0.3177324299,0,-1.22134946,4.404144497,-3.182808661
71.76,-64.99636207,0.05295517191,0.5960043976,0.3177324303,0,-1.221349499,4.40414457,-3.182808621
71.77,-64.99636193,0.05295517287,0.5960043849,0.3177324308,0,-1.221349538,4.404144644,-3.18280858
71.78,-64.9963618,0.05295517382,0.5960043721,0.3177324312,0,-1.221349576,4.404144717,-3.18280854
71.79,-64.99636167,0.05295517477,0.5960043593,0.3177324316,0,-1.221349614,4.40414479,-3.1828085
71.8,-64.99636153,0.05295517571,0.5960043466,0.3177324321,0,-1.221349651,4.404144863,-3.18280846
71.81,-64.9963614,0.05295517664,0.5960043339,0.3177324325,0,-1.221349689,4.404144936,-3.18280842
71.82,-64.99636127,0.05295517758,0.5960043212,0.317732433,0,-1.221349726,4.404145009,-3.182808381
71.83,-64.99636114,0.0529551785,0.5960043084,0.3177324334,0,-1.221349762,4.404145082,-3.182808342
71.84,-64.99636101,0.05295517942,0.5960042957,0.3177324338,0,-1.221349799,4.404145155,-3.182808303
71.85,-64.99636088,0.05295518034,0.5960042831,0.3177324343,0,-1.221349835,4.404145227,-3.182808264
71.86,-64.99636075,0.05295518125,0.5960042704,0.3177324348,0,-1.221349871,4.4041453,-3.182808225
71.87,-64.99636062,0.05295518216,0.5960042577,0.3177324352,0,-1.221349906,4.404145372,-3.182808187
71.88,-64.9963605,0.05295518307,0.596004245,0.3177324357,0,-1.221349941,4.404145444,-3.182808149
71.89,-64.99636037,0.05295518397,0.5960042324,0.3177324361,0,-1.221349976,4.404145516,-3.182808111
71.9,-64.99636025,0.05295518486,0.5960042197,0.3177324366,0,-1.221350011,4.404145588,-3.182808074
71.91,-64.99636012,0.05295518575,0.5960042071,0.3177324371,0,-1.221350045,4.40414566,-3.182808036
71.92,-64.99636,0.05295518663,0.5960041945,0.3177324376,0,-1.221350079,4.404145731,-3.182807999
71.93,-64.99635987,0.05295518751,0.5960041819,0.317732438,0,-1.221350113,4.404145803,-3.182807962
71.94,-64.99635975,0.05295518839,0.5960041693,0.3177324385,0,-1.221350146,4.404145874,-3.182807926
71.95,-64.99635963,0.05295518926,0.5960041567,0.317732439,0,-1.22135018,4.404145945,-3.182807889
71.96,-64.99635951,0.05295519012,0.5960041441,0.3177324395,0,-1.221350212,4.404146016,-3.182807853
71.97,-64.99635939,0.05295519099,0.5960041315,0.31773244,0,-1.221350245,4.404146087,-3.182807817
71.98,-64.99635927,0.05295519184,0.5960041189,0.3177324404,0,-1.221350277,4.404146158,-3.182807781
71.99,-64.99635915,0.05295519269,0.5960041064,0.3177324409,0,-1.221350309,4.404146229,-3.182807745
72,-64.99635903,0.05295519354,0.5960040938,0.3177324414,0,-1.221350341,4.404146299,-3.18280771
72.01,-64.99635892,0.05295519438,0.5960040813,0.3177324419,0,-1.221350372,4.40414637,-3.182807675
72.02,-64.9963588,0.05295519522,0.5960040688,0.3177324424,0,-1.221350403,4.40414644,-3.18280764
72.03,-64.99635868,0.05295519605,0.5960040563,0.3177324429,0,-1.221350434,4.40414651,-3.182807605
72.04,-64.99635857,0.05295519688,0.5960040438,0.3177324434,0,-1.221350464,4.40414658,-3.182807571
72.05,-64.99635845,0.05295519771,0.5960040313,0.3177324439,0,-1.221350495,4.40414665,-3.182807536
72.06,-64.99635834,0.05295519853,0.5960040188,0.3177324444,0,-1.221350525,4.40414672,-3.182807502
72.07,-64.99635823,0.05295519934,0.5960040063,0.3177324449,0,-1.221350554,4.404146789,-3.182807469
72.08,-64.99635812,0.05295520015,0.5960039938,0.3177324454,0,-1.221350583,4.404146859,-3.182807435
72.09,-64.99635801,0.05295520095,0.5960039814,0.317732446,0,-1.221350612,4.404146928,-3.182807402
72.1,-64.9963579,0.05295520175,0.5960039689,0.3177324465,0,-1.221350641,4.404146997,-3.182807369
72.11,-64.99635779,0.05295520255,0.5960039565,0.317732447,0,-1.221350669,4.404147066,-3.182807336
72.12,-64.99635768,0.05295520334,0.5960039441,0.3177324475,0,-1.221350698,4.404147135,-3.182807303
72.13,-64.99635757,0.05295520413,0.5960039317,0.317732448,0,-1.221350725,4.404147203,-3.18280727
72.14,-64.99635746,0.05295520491,0.5960039193,0.3177324486,0,-1.221350753,4.404147272,-3.182807238
72.15,-64.99635735,0.05295520569,0.5960039069,0.3177324491,0,-1.22135078,4.40414734,-3.182807206
72.16,-64.99635725,0.05295520646,0.5960038945,0.3177324496,0,-1.221350807,4.404147408,-3.182807174
72.17,-64.99635714,0.05295520723,0.5960038821,0.3177324501,0,-1.221350834,4.404147476,-3.182807143
72.18,-64.99635704,0.05295520799,0.5960038697,0.3177324507,0,-1.22135086,4.404147544,-3.182807111
72.19,-64.99635693,0.05295520875,0.5960038574,0.3177324512,0,-1.221350886,4.404147612,-3.18280708
72.2,-64.99635683,0.0529552095,0.596003845,0.3177324517,0,-1.221350912,4.40414768,-3.182807049
72.21,-64.99635673,0.05295521025,0.5960038327,0.3177324523,0,-1.221350937,4.404147747,-3.182807018
72.22,-64.99635663,0.052955211,0.5960038204,0.3177324528,0,-1.221350963,4.404147814,-3.182806988
72.23,-64.99635653,0.05295521174,0.5960038081,0.3177324534,0,-1.221350987,4.404147881,-3.182806958
72.24,-64.99635643,0.05295521247,0.5960037958,0.3177324539,0,-1.221351012,4.404147948,-3.182806928
72.25,-64.99635633,0.0529552132,0.5960037835,0.3177324544,0,-1.221351036,4.404148015,-3.182806898
72.26,-64.99635623,0.05295521393,0.5960037712,0.317732455,0,-1.22135106,4.404148082,-3.182806868
72.27,-64.99635613,0.05295521465,0.5960037589,0.3177324555,0,-1.221351084,4.404148148,-3.182806839
72.28,-64.99635603,0.05295521537,0.5960037467,0.3177324561,0,-1.221351108,4.404148214,-3.182806809
72.29,-64.99635593,0.05295521608,0.5960037344,0.3177324566,0,-1.221351131,4.40414828,-3.18280678
72.3,-64.99635584,0.05295521679,0.5960037222,0.3177324572,0,-1.221351154,4.404148346,-3.182806752
72.31,-64.99635574,0.05295521749,0.5960037099,0.3177324578,0,-1.221351176,4.404148412,-3.182806723
72.32,-64.99635565,0.05295521819,0.5960036977,0.3177324583,0,-1.221351198,4.404148477,-3.182806695
72.33,-64.99635555,0.05295521888,0.5960036855,0.3177324589,0,-1.22135122,4.404148543,-3.182806666
72.34,-64.99635546,0.05295521957,0.5960036733,0.3177324594,0,-1.221351242,4.404148608,-3.182806639
72.35,-64.99635537,0.05295522026,0.5960036611,0.31773246,0,-1.221351264,4.404148673,-3.182806611
72.36,-64.99635528,0.05295522094,0.596003649,0.3177324606,0,-1.221351285,4.404148738,-3.182806583
72.37,-64.99635519,0.05295522161,0.5960036368,0.3177324611,0,-1.221351306,4.404148803,-3.182806556
72.38,-64.9963551,0.05295522228,0.5960036246,0.3177324617,0,-1.221351326,4.404148867,-3.182806529
72.39,-64.99635501,0.05295522295,0.5960036125,0.3177324622,0,-1.221351346,4.404148931,-3.182806502
72.4,-64.99635492,0.05295522361,0.5960036003,0.3177324628,0,-1.221351366,4.404148995,-3.182806475
72.41,-64.99635483,0.05295522427,0.5960035882,0.3177324634,0,-1.221351386,4.404149059,-3.182806449
72.42,-64.99635474,0.05295522492,0.5960035761,0.317732464,0,-1.221351406,4.404149123,-3.182806423
72.43,-64.99635466,0.05295522557,0.596003564,0.3177324645,0,-1.221351425,4.404149187,-3.182806397
72.44,-64.99635457,0.05295522621,0.5960035519,0.3177324651,0,-1.221351444,4.40414925,-3.182806371
72.45,-64.99635448,0.05295522685,0.5960035398,0.3177324657,0,-1.221351462,4.404149314,-3.182806345
72.46,-64.9963544,0.05295522749,0.5960035278,0.3177324663,0,-1.22135148,4.404149377,-3.18280632
72.47,-64.99635432,0.05295522812,0.5960035157,0.3177324668,0,-1.221351498,4.404149439,-3.182806295
72.48,-64.99635423,0.05295522875,0.5960035036,0.3177324674,0,-1.221351516,4.404149502,-3.18280627
72.49,-64.99635415,0.05295522937,0.5960034916,0.317732468,0,-1.221351534,4.404149565,-3.182806245
72.5,-64.99635407,0.05295522998,0.5960034796,0.3177324686,0,-1.221351551,4.404149627,-3.182806221
72.51,-64.99635399,0.0529552306,0.5960034676,0.3177324692,0,-1.221351568,4.404149689,-3.182806196
72.52,-64.99635391,0.0529552312,0.5960034556,0.3177324698,0,-1.221351584,4.404149751,-3.182806172
72.53,-64.99635383,0.05295523181,0.5960034436,0.3177324703,0,-1.221351601,4.404149813,-3.182806148
72.54,-64.99635375,0.05295523241,0.5960034316,0.3177324709,0,-1.221351617,4.404149874,-3.182806125
72.55,-64.99635367,0.052955233,0.5960034196,0.3177324715,0,-1.221351632,4.404149936,-3.182806101
72.56,-64.99635359,0.05295523359,0.5960034076,0.3177324721,0,-1.221351648,4.404149997,-3.182806078
72.57,-64.99635352,0.05295523418,0.5960033957,0.3177324727,0,-1.221351663,4.404150058,-3.182806055
72.58,-64.99635344,0.05295523476,0.5960033837,0.3177324733,0,-1.221351678,4.404150119,-3.182806032
72.59,-64.99635336,0.05295523534,0.5960033718,0.3177324739,0,-1.221351693,4.404150179,-3.182806009
72.6,-64.99635329,0.05295523591,0.5960033599,0.3177324745,0,-1.221351707,4.40415024,-3.182805987
72.61,-64.99635321,0.05295523648,0.596003348,0.3177324751,0,-1.221351721,4.4041503,-3.182805964
72.62,-64.99635314,0.05295523704,0.5960033361,0.3177324757,0,-1.221351735,4.40415036,-3.182805942
72.63,-64.99635307,0.0529552376,0.5960033242,0.3177324763,0,-1.221351749,4.40415042,-3.182805921
72.64,-64.996353,0.05295523815,0.5960033123,0.3177324769,0,-1.221351762,4.404150479,-3.182805899
72.65,-64.99635292,0.0529552387,0.5960033005,0.3177324775,0,-1.221351775,4.404150539,-3.182805877
72.66,-64.99635285,0.05295523925,0.5960032886,0.3177324781,0,-1.221351788,4.404150598,-3.182805856
72.67,-64.99635278,0.05295523979,0.5960032768,0.3177324787,0,-1.2213518,4.404150657,-3.182805835
72.68,-64.99635271,0.05295524033,0.5960032649,0.3177324793,0,-1.221351812,4.404150716,-3.182805814
72.69,-64.99635265,0.05295524086,0.5960032531,0.3177324799,0,-1.221351824,4.404150774,-3.182805794
72.7,-64.99635258,0.05295524139,0.5960032413,0.3177324805,0,-1.221351836,4.404150833,-3.182805773
72.71,-64.99635251,0.05295524191,0.5960032295,0.3177324811,0,-1.221351847,4.404150891,-3.182805753
72.72,-64.99635244,0.05295524243,0.5960032177,0.3177324817,0,-1.221351858,4.404150949,-3.182805733
72.73,-64.99635238,0.05295524295,0.5960032059,0.3177324823,0,-1.221351869,4.404151007,-3.182805713
72.74,-64.99635231,0.05295524346,0.5960031942,0.3177324829,0,-1.22135188,4.404151064,-3.182805694
72.75,-64.99635225,0.05295524397,0.5960031824,0.3177324835,0,-1.22135189,4.404151122,-3.182805674
72.76,-64.99635218,0.05295524447,0.5960031707,0.3177324841,0,-1.2213519,4.404151179,-3.182805655
72.77,-64.99635212,0.05295524497,0.5960031589,0.3177324847,0,-1.22135191,4.404151236,-3.182805636
72.78,-64.99635206,0.05295524546,0.5960031472,0.3177324853,0,-1.221351919,4.404151293,-3.182805617
72.79,-64.99635199,0.05295524595,0.5960031355,0.3177324859,0,-1.221351928,4.404151349,-3.182805598
72.8,-64.99635193,0.05295524643,0.5960031238,0.3177324865,0,-1.221351937,4.404151406,-3.18280558
72.81,-64.99635187,0.05295524692,0.5960031121,0.3177324871,0,-1.221351946,4.404151462,-3.182805562
72.82,-64.99635181,0.05295524739,0.5960031004,0.3177324878,0,-1.221351954,4.404151518,-3.182805544
72.83,-64.99635175,0.05295524786,0.5960030888,0.3177324884,0,-1.221351963,4.404151573,-3.182805526
72.84,-64.99635169,0.05295524833,0.5960030771,0.317732489,0,-1.221351971,4.404151629,-3.182805508
72.85,-64.99635164,0.0529552488,0.5960030655,0.3177324896,0,-1.221351978,4.404151684,-3.182805491
72.86,-64.99635158,0.05295524926,0.5960030539,0.3177324902,0,-1.221351985,4.404151739,-3.182805474
72.87,-64.99635152,0.05295524971,0.5960030422,0.3177324908,0,-1.221351993,4.404151794,-3.182805456
72.88,-64.99635147,0.05295525016,0.5960030306,0.3177324914,0,-1.221351999,4.404151849,-3.18280544
72.89,-64.99635141,0.05295525061,0.596003019,0.317732492,0,-1.221352006,4.404151903,-3.182805423
72.9,-64.99635135,0.05295525105,0.5960030074,0.3177324927,0,-1.221352012,4.404151958,-3.182805406
72.91,-64.9963513,0.05295525149,0.5960029959,0.3177324933,0,-1.221352018,4.404152012,-3.18280539
72.92,-64.99635125,0.05295525193,0.5960029843,0.3177324939,0,-1.221352024,4.404152066,-3.182805374
72.93,-64.99635119,0.05295525236,0.5960029728,0.3177324945,0,-1.22135203,4.404152119,-3.182805358
72.94,-64.99635114,0.05295525278,0.5960029612,0.3177324951,0,-1.221352035,4.404152173,-3.182805342
72.95,-64.99635109,0.0529552532,0.5960029497,0.3177324957,0,-1.22135204,4.404152226,-3.182805327
72.96,-64.99635104,0.05295525362,0.5960029382,0.3177324964,0,-1.221352045,4.404152279,-3.182805312
72.97,-64.99635099,0.05295525403,0.5960029267,0.317732497,0,-1.221352049,4.404152331,-3.182805296
72.98,-64.99635094,0.05295525444,0.5960029152,0.3177324976,0,-1.221352053,4.404152384,-3.182805282
72.99,-64.99635089,0.05295525485,0.5960029037,0.3177324982,0,-1.221352057,4.404152436,-3.182805267
73,-64.99635084,0.05295525525,0.5960028922,0.3177324988,0,-1.221352061,4.404152488,-3.182805252
73.01,-64.99635079,0.05295525565,0.5960028808,0.3177324995,0,-1.221352065,4.40415254,-3.182805238
73.02,-64.99635075,0.05295525604,0.5960028693,0.3177325001,0,-1.221352068,4.404152592,-3.182805224
73.03,-64.9963507,0.05295525643,0.5960028579,0.3177325007,0,-1.221352071,4.404152643,-3.18280521
73.04,-64.99635065,0.05295525681,0.5960028464,0.3177325013,0,-1.221352073,4.404152695,-3.182805196
73.05,-64.99635061,0.05295525719,0.596002835,0.3177325019,0,-1.221352076,4.404152746,-3.182805182
73.06,-64.99635056,0.05295525757,0.5960028236,0.3177325025,0,-1.221352078,4.404152796,-3.182805169
73.07,-64.99635052,0.05295525794,0.5960028122,0.3177325032,0,-1.22135208,4.404152847,-3.182805155
73.08,-64.99635047,0.05295525831,0.5960028009,0.3177325038,0,-1.221352082,4.404152897,-3.182805142
73.09,-64.99635043,0.05295525867,0.5960027895,0.3177325044,0,-1.221352083,4.404152947,-3.182805129
73.1,-64.99635039,0.05295525903,0.5960027781,0.317732505,0,-1.221352084,4.404152997,-3.182805117
73.11,-64.99635035,0.05295525939,0.5960027668,0.3177325056,0,-1.221352085,4.404153047,-3.182805104
73.12,-64.99635031,0.05295525974,0.5960027555,0.3177325063,0,-1.221352086,4.404153096,-3.182805092
73.13,-64.99635027,0.05295526009,0.5960027441,0.3177325069,0,-1.221352086,4.404153146,-3.18280508
73.14,-64.99635023,0.05295526043,0.5960027328,0.3177325075,0,-1.221352087,4.404153195,-3.182805068
73.15,-64.99635019,0.05295526077,0.5960027215,0.3177325081,0,-1.221352087,4.404153243,-3.182805056
73.16,-64.99635015,0.05295526111,0.5960027102,0.3177325087,0,-1.221352086,4.404153292,-3.182805044
73.17,-64.99635011,0.05295526144,0.596002699,0.3177325094,0,-1.221352086,4.40415334,-3.182805033
73.18,-64.99635007,0.05295526177,0.5960026877,0.31773251,0,-1.221352085,4.404153388,-3.182805022
73.19,-64.99635004,0.05295526209,0.5960026765,0.3177325106,0,-1.221352084,4.404153436,-3.182805011
73.2,-64.99635,0.05295526241,0.5960026652,0.3177325112,0,-1.221352083,4.404153484,-3.182805
73.21,-64.99634996,0.05295526273,0.596002654,0.3177325118,0,-1.221352081,4.404153531,-3.182804989
73.22,-64.99634993,0.05295526304,0.5960026428,0.3177325125,0,-1.221352079,4.404153579,-3.182804979
73.23,-64.99634989,0.05295526335,0.5960026316,0.3177325131,0,-1.221352077,4.404153626,-3.182804968
73.24,-64.99634986,0.05295526366,0.5960026204,0.3177325137,0,-1.221352075,4.404153672,-3.182804958
73.25,-64.99634983,0.05295526396,0.5960026092,0.3177325143,0,-1.221352073,4.404153719,-3.182804948
73.26,-64.99634979,0.05295526425,0.596002598,0.3177325149,0,-1.22135207,4.404153765,-3.182804938
73.27,-64.99634976,0.05295526455,0.5960025869,0.3177325156,0,-1.221352067,4.404153811,-3.182804929
73.28,-64.99634973,0.05295526483,0.5960025757,0.3177325162,0,-1.221352064,4.404153857,-3.182804919
73.29,-64.9963497,0.05295526512,0.5960025646,0.3177325168,0,-1.22135206,4.404153903,-3.18280491
73.3,-64.99634967,0.0529552654,0.5960025535,0.3177325174,0,-1.221352057,4.404153948,-3.182804901
73.31,-64.99634964,0.05295526568,0.5960025424,0.317732518,0,-1.221352053,4.404153993,-3.182804892
73.32,-64.99634961,0.05295526595,0.5960025313,0.3177325186,0,-1.221352049,4.404154038,-3.182804883
73.33,-64.99634958,0.05295526622,0.5960025202,0.3177325193,0,-1.221352044,4.404154083,-3.182804874
73.34,-64.99634955,0.05295526649,0.5960025091,0.3177325199,0,-1.22135204,4.404154127,-3.182804866
73.35,-64.99634953,0.05295526675,0.596002498,0.3177325205,0,-1.221352035,4.404154172,-3.182804858
73.36,-64.9963495,0.05295526701,0.596002487,0.3177325211,0,-1.22135203,4.404154216,-3.18280485
73.37,-64.99634947,0.05295526726,0.5960024759,0.3177325217,0,-1.221352025,4.404154259,-3.182804842
73.38,-64.99634945,0.05295526751,0.5960024649,0.3177325223,0,-1.221352019,4.404154303,-3.182804834
73.39,-64.99634942,0.05295526776,0.5960024539,0.3177325229,0,-1.221352013,4.404154346,-3.182804826
73.4,-64.9963494,0.052955268,0.5960024429,0.3177325236,0,-1.221352007,4.404154389,-3.182804819
73.41,-64.99634937,0.05295526824,0.5960024319,0.3177325242,0,-1.221352001,4.404154432,-3.182804812
73.42,-64.99634935,0.05295526848,0.5960024209,0.3177325248,0,-1.221351995,4.404154475,-3.182804805
73.43,-64.99634933,0.05295526871,0.59600241,0.3177325254,0,-1.221351988,4.404154517,-3.182804798
73.44,-64.9963493,0.05295526894,0.596002399,0.317732526,0,-1.221351981,4.404154559,-3.182804791
73.45,-64.99634928,0.05295526916,0.5960023881,0.3177325266,0,-1.221351974,4.404154601,-3.182804785
73.46,-64.99634926,0.05295526938,0.5960023771,0.3177325272,0,-1.221351966,4.404154643,-3.182804778
73.47,-64.99634924,0.0529552696,0.5960023662,0.3177325278,0,-1.221351959,4.404154684,-3.182804772
73.48,-64.99634922,0.05295526981,0.5960023553,0.3177325285,0,-1.221351951,4.404154726,-3.182804766
73.49,-64.9963492,0.05295527002,0.5960023444,0.3177325291,0,-1.221351943,4.404154767,-3.18280476
73.5,-64.99634918,0.05295527023,0.5960023335,0.3177325297,0,-1.221351935,4.404154807,-3.182804754
73.51,-64.99634916,0.05295527043,0.5960023226,0.3177325303,0,-1.221351926,4.404154848,-3.182804749
73.52,-64.99634914,0.05295527063,0.5960023118,0.3177325309,0,-1.221351918,4.404154888,-3.182804743
73.53,-64.99634913,0.05295527082,0.5960023009,0.3177325315,0,-1.221351909,4.404154928,-3.182804738
73.54,-64.99634911,0.05295527101,0.5960022901,0.3177325321,0,-1.2213519,4.404154968,-3.182804733
73.55,-64.99634909,0.0529552712,0.5960022793,0.3177325327,0,-1.22135189,4.404155008,-3.182804728
73.56,-64.99634908,0.05295527138,0.5960022685,0.3177325333,0,-1.221351881,4.404155047,-3.182804723
73.57,-64.99634906,0.05295527157,0.5960022577,0.3177325339,0,-1.221351871,4.404155086,-3.182804719
73.58,-64.99634905,0.05295527174,0.5960022469,0.3177325345,0,-1.221351861,4.404155125,-3.182804714
73.59,-64.99634903,0.05295527192,0.5960022361,0.3177325351,0,-1.22135185,4.404155164,-3.18280471
73.6,-64.99634902,0.05295527209,0.5960022253,0.3177325357,0,-1.22135184,4.404155202,-3.182804706
73.61,-64.99634901,0.05295527225,0.5960022146,0.3177325363,0,-1.221351829,4.40415524,-3.182804702
73.62,-64.99634899,0.05295527241,0.5960022039,0.3177325369,0,-1.221351818,4.404155278,-3.182804698
73.63,-64.99634898,0.05295527257,0.5960021931,0.3177325375,0,-1.221351807,4.404155316,-3.182804695
73.64,-64.99634897,0.05295527273,0.5960021824,0.3177325381,0,-1.221351796,4.404155353,-3.182804691
73.65,-64.99634896,0.05295527288,0.5960021717,0.3177325387,0,-1.221351785,4.404155391,-3.182804688
73.66,-64.99634895,0.05295527303,0.596002161,0.3177325393,0,-1.221351773,4.404155428,-3.182804685
73.67,-64.99634894,0.05295527317,0.5960021503,0.3177325399,0,-1.221351761,4.404155464,-3.182804682
73.68,-64.99634893,0.05295527332,0.5960021397,0.3177325405,0,-1.221351749,4.404155501,-3.182804679
73.69,-64.99634892,0.05295527345,0.596002129,0.3177325411,0,-1.221351736,4.404155537,-3.182804676
73.7,-64.99634891,0.05295527359,0.5960021184,0.3177325417,0,-1.221351724,4.404155573,-3.182804674
73.71,-64.9963489,0.05295527372,0.5960021077,0.3177325423,0,-1.221351711,4.404155609,-3.182804671
73.72,-64.9963489,0.05295527385,0.5960020971,0.3177325429,0,-1.221351698,4.404155645,-3.182804669
73.73,-64.99634889,0.05295527397,0.5960020865,0.3177325435,0,-1.221351685,4.40415568,-3.182804667
73.74,-64.99634888,0.05295527409,0.5960020759,0.3177325441,0,-1.221351671,4.404155715,-3.182804665
73.75,-64.99634888,0.05295527421,0.5960020653,0.3177325447,0,-1.221351658,4.40415575,-3.182804663
73.76,-64.99634887,0.05295527433,0.5960020548,0.3177325453,0,-1.221351644,4.404155785,-3.182804661
73.77,-64.99634887,0.05295527444,0.5960020442,0.3177325458,0,-1.22135163,4.404155819,-3.18280466
73.78,-64.99634886,0.05295527454,0.5960020337,0.3177325464,0,-1.221351616,4.404155853,-3.182804659
73.79,-64.99634886,0.05295527465,0.5960020231,0.317732547,0,-1.221351601,4.404155887,-3.182804657
73.8,-64.99634885,0.05295527475,0.5960020126,0.3177325476,0,-1.221351587,4.404155921,-3.182804656
73.81,-64.99634885,0.05295527485,0.5960020021,0.3177325482,0,-1.221351572,4.404155955,-3.182804655
73.82,-64.99634885,0.05295527494,0.5960019916,0.3177325488,0,-1.221351557,4.404155988,-3.182804655
73.83,-64.99634885,0.05295527503,0.5960019811,0.3177325494,0,-1.221351542,4.404156021,-3.182804654
73.84,-64.99634885,0.05295527512,0.5960019707,0.3177325499,0,-1.221351526,4.404156054,-3.182804654
73.85,-64.99634884,0.0529552752,0.5960019602,0.3177325505,0,-1.221351511,4.404156086,-3.182804653
73.86,-64.99634884,0.05295527528,0.5960019498,0.3177325511,0,-1.221351495,4.404156119,-3.182804653
73.87,-64.99634884,0.05295527536,0.5960019393,0.3177325517,0,-1.221351479,4.404156151,-3.182804653
73.88,-64.99634884,0.05295527544,0.5960019289,0.3177325522,0,-1.221351463,4.404156182,-3.182804653
73.89,-64.99634885,0.05295527551,0.5960019185,0.3177325528,0,-1.221351446,4.404156214,-3.182804654
73.9,-64.99634885,0.05295527558,0.5960019081,0.3177325534,0,-1.22135143,4.404156245,-3.182804654
73.91,-64.99634885,0.05295527564,0.5960018977,0.317732554,0,-1.221351413,4.404156277,-3.182804655
73.92,-64.99634885,0.0529552757,0.5960018873,0.3177325545,0,-1.221351396,4.404156308,-3.182804655
73.93,-64.99634885,0.05295527576,0.596001877,0.3177325551,0,-1.221351379,4.404156338,-3.182804656
73.94,-64.99634886,0.05295527581,0.5960018666,0.3177325557,0,-1.221351361,4.404156369,-3.182804657
73.95,-64.99634886,0.05295527587,0.5960018563,0.3177325563,0,-1.221351344,4.404156399,-3.182804658
73.96,-64.99634886,0.05295527592,0.596001846,0.3177325568,0,-1.221351326,4.404156429,-3.182804659
73.97,-64.99634887,0.05295527596,0.5960018356,0.3177325574,0,-1.221351308,4.404156458,-3.182804661
73.98,-64.99634887,0.052955276,0.5960018253,0.317732558,0,-1.22135129,4.404156488,-3.182804662
73.99,-64.99634888,0.05295527604,0.5960018151,0.3177325585,0,-1.221351272,4.404156517,-3.182804664
74,-64.99634889,0.05295527608,0.5960018048,0.3177325591,0,-1.221351253,4.404156546,-3.182804666
74.01,-64.99634889,0.05295527611,0.5960017945,0.3177325596,0,-1.221351234,4.404156575,-3.182804668
74.02,-64.9963489,0.05295527614,0.5960017843,0.3177325602,0,-1.221351216,4.404156604,-3.18280467
74.03,-64.99634891,0.05295527617,0.596001774,0.3177325608,0,-1.221351197,4.404156632,-3.182804672
74.04,-64.99634892,0.05295527619,0.5960017638,0.3177325613,0,-1.221351177,4.40415666,-3.182804675
74.05,-64.99634892,0.05295527621,0.5960017536,0.3177325619,0,-1.221351158,4.404156688,-3.182804677
74.06,-64.99634893,0.05295527623,0.5960017434,0.3177325624,0,-1.221351138,4.404156716,-3.18280468
74.07,-64.99634894,0.05295527625,0.5960017332,0.317732563,0,-1.221351119,4.404156743,-3.182804682
74.08,-64.99634895,0.05295527626,0.596001723,0.3177325636,0,-1.221351099,4.40415677,-3.182804685
74.09,-64.99634896,0.05295527627,0.5960017129,0.3177325641,0,-1.221351078,4.404156797,-3.182804688
74.1,-64.99634897,0.05295527627,0.5960017027,0.3177325647,0,-1.221351058,4.404156824,-3.182804691
74.11,-64.99634898,0.05295527627,0.5960016926,0.3177325652,0,-1.221351038,4.40415685,-3.182804695
74.12,-64.99634899,0.05295527627,0.5960016824,0.3177325658,0,-1.221351017,4.404156876,-3.182804698
74.13,-64.99634901,0.05295527627,0.5960016723,0.3177325663,0,-1.221350996,4.404156902,-3.182804702
74.14,-64.99634902,0.05295527626,0.5960016622,0.3177325668,0,-1.221350975,4.404156928,-3.182804705
74.15,-64.99634903,0.05295527625,0.5960016521,0.3177325674,0,-1.221350954,4.404156954,-3.182804709
74.16,-64.99634904,0.05295527624,0.5960016421,0.3177325679,0,-1.221350933,4.404156979,-3.182804713
74.17,-64.99634906,0.05295527623,0.596001632,0.3177325685,0,-1.221350911,4.404157004,-3.182804717
74.18,-64.99634907,0.05295527621,0.5960016219,0.317732569,0,-1.221350889,4.404157029,-3.182804721
74.19,-64.99634909,0.05295527619,0.5960016119,0.3177325696,0,-1.221350867,4.404157053,-3.182804726
74.2,-64.9963491,0.05295527616,0.5960016019,0.3177325701,0,-1.221350845,4.404157078,-3.18280473
74.21,-64.99634912,0.05295527614,0.5960015919,0.3177325706,0,-1.221350823,4.404157102,-3.182804735
74.22,-64.99634913,0.05295527611,0.5960015818,0.3177325712,0,-1.221350801,4.404157126,-3.182804739
74.23,-64.99634915,0.05295527607,0.5960015719,0.3177325717,0,-1.221350778,4.404157149,-3.182804744
74.24,-64.99634916,0.05295527604,0.5960015619,0.3177325722,0,-1.221350755,4.404157173,-3.182804749
74.25,-64.99634918,0.052955276,0.5960015519,0.3177325728,0,-1.221350733,4.404157196,-3.182804754
74.26,-64.9963492,0.05295527596,0.596001542,0.3177325733,0,-1.22135071,4.404157219,-3.182804759
74.27,-64.99634922,0.05295527591,0.596001532,0.3177325738,0,-1.221350686,4.404157242,-3.182804765
74.28,-64.99634923,0.05295527587,0.5960015221,0.3177325743,0,-1.221350663,4.404157264,-3.18280477
74.29,-64.99634925,0.05295527582,0.5960015122,0.3177325749,0,-1.221350639,4.404157287,-3.182804776
74.3,-64.99634927,0.05295527577,0.5960015023,0.3177325754,0,-1.221350616,4.404157309,-3.182804781
74.31,-64.99634929,0.05295527571,0.5960014924,0.3177325759,0,-1.221350592,4.40415733,-3.182804787
74.32,-64.99634931,0.05295527565,0.5960014825,0.3177325764,0,-1.221350568,4.404157352,-3.182804793
74.33,-64.99634933,0.05295527559,0.5960014726,0.3177325769,0,-1.221350544,4.404157373,-3.182804799
74.34,-64.99634935,0.05295527553,0.5960014628,0.3177325775,0,-1.221350519,4.404157395,-3.182804805
74.35,-64.99634937,0.05295527546,0.5960014529,0.317732578,0,-1.221350495,4.404157415,-3.182804812
74.36,-64.99634939,0.05295527539,0.5960014431,0.3177325785,0,-1.22135047,4.404157436,-3.182804818
74.37,-64.99634941,0.05295527532,0.5960014333,0.317732579,0,-1.221350445,4.404157457,-3.182804824
74.38,-64.99634944,0.05295527525,0.5960014235,0.3177325795,0,-1.22135042,4.404157477,-3.182804831
74.39,-64.99634946,0.05295527517,0.5960014137,0.31773258,0,-1.221350395,4.404157497,-3.182804838
74.4,-64.99634948,0.05295527509,0.5960014039,0.3177325805,0,-1.22135037,4.404157517,-3.182804845
74.41,-64.99634951,0.05295527501,0.5960013941,0.317732581,0,-1.221350344,4.404157536,-3.182804852
74.42,-64.99634953,0.05295527493,0.5960013844,0.3177325815,0,-1.221350319,4.404157555,-3.182804859
74.43,-64.99634955,0.05295527484,0.5960013746,0.317732582,0,-1.221350293,4.404157575,-3.182804866
74.44,-64.99634958,0.05295527475,0.5960013649,0.3177325825,0,-1.221350267,4.404157593,-3.182804873
74.45,-64.9963496,0.05295527466,0.5960013552,0.317732583,0,-1.221350241,4.404157612,-3.182804881
74.46,-64.99634963,0.05295527456,0.5960013455,0.3177325835,0,-1.221350215,4.40415763,-3.182804888
74.47,-64.99634965,0.05295527446,0.5960013358,0.317732584,0,-1.221350188,4.404157649,-3.182804896
74.48,-64.99634968,0.05295527436,0.5960013261,0.3177325845,0,-1.221350162,4.404157667,-3.182804904
74.49,-64.9963497,0.05295527426,0.5960013164,0.317732585,0,-1.221350135,4.404157684,-3.182804911
74.5,-64.99634973,0.05295527415,0.5960013068,0.3177325855,0,-1.221350108,4.404157702,-3.182804919
74.51,-64.99634976,0.05295527404,0.5960012971,0.317732586,0,-1.221350081,4.404157719,-3.182804927
74.52,-64.99634979,0.05295527393,0.5960012875,0.3177325865,0,-1.221350054,4.404157736,-3.182804936
74.53,-64.99634981,0.05295527382,0.5960012779,0.317732587,0,-1.221350027,4.404157753,-3.182804944
74.54,-64.99634984,0.05295527371,0.5960012683,0.3177325875,0,-1.22135,4.40415777,-3.182804952
74.55,-64.99634987,0.05295527359,0.5960012587,0.317732588,0,-1.221349972,4.404157786,-3.182804961
74.56,-64.9963499,0.05295527347,0.5960012491,0.3177325884,0,-1.221349944,4.404157802,-3.182804969
74.57,-64.99634993,0.05295527334,0.5960012395,0.3177325889,0,-1.221349917,4.404157818,-3.182804978
74.58,-64.99634996,0.05295527322,0.59600123,0.3177325894,0,-1.221349889,4.404157834,-3.182804987
74.59,-64.99634999,0.05295527309,0.5960012204,0.3177325899,0,-1.221349861,4.404157849,-3.182804996
74.6,-64.99635002,0.05295527296,0.5960012109,0.3177325903,0,-1.221349832,4.404157865,-3.182805005
74.61,-64.99635005,0.05295527283,0.5960012014,0.3177325908,0,-1.221349804,4.40415788,-3.182805014
74.62,-64.99635008,0.05295527269,0.5960011919,0.3177325913,0,-1.221349775,4.404157895,-3.182805023
74.63,-64.99635011,0.05295527255,0.5960011824,0.3177325918,0,-1.221349747,4.404157909,-3.182805033
74.64,-64.99635014,0.05295527241,0.5960011729,0.3177325922,0,-1.221349718,4.404157924,-3.182805042
74.65,-64.99635017,0.05295527227,0.5960011634,0.3177325927,0,-1.221349689,4.404157938,-3.182805052
74.66,-64.9963502,0.05295527213,0.596001154,0.3177325932,0,-1.22134966,4.404157952,-3.182805061
74.67,-64.99635024,0.05295527198,0.5960011445,0.3177325936,0,-1.221349631,4.404157965,-3.182805071
74.68,-64.99635027,0.05295527183,0.5960011351,0.3177325941,0,-1.221349602,4.404157979,-3.182805081
74.69,-64.9963503,0.05295527168,0.5960011257,0.3177325945,0,-1.221349572,4.404157992,-3.182805091
74.7,-64.99635034,0.05295527152,0.5960011163,0.317732595,0,-1.221349542,4.404158005,-3.182805101
74.71,-64.99635037,0.05295527137,0.5960011069,0.3177325955,0,-1.221349513,4.404158018,-3.182805111
74.72,-64.9963504,0.05295527121,0.5960010975,0.3177325959,0,-1.221349483,4.404158031,-3.182805121
74.73,-64.99635044,0.05295527105,0.5960010881,0.3177325964,0,-1.221349453,4.404158043,-3.182805132
74.74,-64.99635047,0.05295527088,0.5960010788,0.3177325968,0,-1.221349423,4.404158055,-3.182805142
74.75,-64.99635051,0.05295527072,0.5960010694,0.3177325973,0,-1.221349393,4.404158067,-3.182805152
74.76,-64.99635054,0.05295527055,0.5960010601,0.3177325977,0,-1.221349362,4.404158079,-3.182805163
74.77,-64.99635058,0.05295527038,0.5960010508,0.3177325981,0,-1.221349332,4.404158091,-3.182805174
74.78,-64.99635062,0.05295527021,0.5960010415,0.3177325986,0,-1.221349301,4.404158102,-3.182805185
74.79,-64.99635065,0.05295527003,0.5960010322,0.317732599,0,-1.22134927,4.404158113,-3.182805195
74.8,-64.99635069,0.05295526986,0.5960010229,0.3177325995,0,-1.22134924,4.404158124,-3.182805206
74.81,-64.99635073,0.05295526968,0.5960010136,0.3177325999,0,-1.221349209,4.404158135,-3.182805218
74.82,-64.99635076,0.0529552695,0.5960010044,0.3177326003,0,-1.221349177,4.404158145,-3.182805229
74.83,-64.9963508,0.05295526931,0.5960009951,0.3177326008,0,-1.221349146,4.404158156,-3.18280524
74.84,-64.99635084,0.05295526913,0.5960009859,0.3177326012,0,-1.221349115,4.404158166,-3.182805251
74.85,-64.99635088,0.05295526894,0.5960009767,0.3177326016,0,-1.221349083,4.404158176,-3.182805263
74.86,-64.99635091,0.05295526875,0.5960009675,0.3177326021,0,-1.221349052,4.404158185,-3.182805274
74.87,-64.99635095,0.05295526856,0.5960009583,0.3177326025,0,-1.22134902,4.404158195,-3.182805286
74.88,-64.99635099,0.05295526837,0.5960009491,0.3177326029,0,-1.221348988,4.404158204,-3.182805298
74.89,-64.99635103,0.05295526817,0.5960009399,0.3177326033,0,-1.221348956,4.404158213,-3.182805309
74.9,-64.99635107,0.05295526797,0.5960009307,0.3177326038,0,-1.221348924,4.404158222,-3.182805321
74.91,-64.99635111,0.05295526777,0.5960009216,0.3177326042,0,-1.221348892,4.40415823,-3.182805333
74.92,-64.99635115,0.05295526757,0.5960009125,0.3177326046,0,-1.22134886,4.404158239,-3.182805345
74.93,-64.99635119,0.05295526737,0.5960009033,0.317732605,0,-1.221348827,4.404158247,-3.182805357
74.94,-64.99635123,0.05295526716,0.5960008942,0.3177326054,0,-1.221348795,4.404158255,-3.18280537
74.95,-64.99635127,0.05295526695,0.5960008851,0.3177326058,0,-1.221348762,4.404158262,-3.182805382
74.96,-64.99635131,0.05295526674,0.5960008761,0.3177326062,0,-1.22134873,4.40415827,-3.182805394
74.97,-64.99635136,0.05295526653,0.596000867,0.3177326067,0,-1.221348697,4.404158277,-3.182805407
74.98,-64.9963514,0.05295526631,0.5960008579,0.3177326071,0,-1.221348664,4.404158284,-3.182805419
74.99,-64.99635144,0.0529552661,0.5960008489,0.3177326075,0,-1.221348631,4.404158291,-3.182805432
75,-64.99635148,0.05295526588,0.5960008398,0.3177326079,0,-1.221348598,4.404158298,-3.182805445
75.01,-64.99635153,0.05295526566,0.5960008308,0.3177326083,0,-1.221348564,4.404158304,-3.182805458
75.02,-64.99635157,0.05295526544,0.5960008218,0.3177326087,0,-1.221348531,4.404158311,-3.182805471
75.03,-64.99635161,0.05295526521,0.5960008128,0.3177326091,0,-1.221348497,4.404158317,-3.182805483
75.04,-64.99635166,0.05295526499,0.5960008038,0.3177326094,0,-1.221348464,4.404158323,-3.182805497
75.05,-64.9963517,0.05295526476,0.5960007948,0.3177326098,0,-1.22134843,4.404158328,-3.18280551
75.06,-64.99635174,0.05295526453,0.5960007859,0.3177326102,0,-1.221348396,4.404158334,-3.182805523
75.07,-64.99635179,0.0529552643,0.5960007769,0.3177326106,0,-1.221348362,4.404158339,-3.182805536
75.08,-64.99635183,0.05295526406,0.596000768,0.317732611,0,-1.221348328,4.404158344,-3.18280555
75.09,-64.99635188,0.05295526383,0.5960007591,0.3177326114,0,-1.221348294,4.404158349,-3.182805563
75.1,-64.99635192,0.05295526359,0.5960007502,0.3177326118,0,-1.22134826,4.404158354,-3.182805576
75.11,-64.99635197,0.05295526335,0.5960007413,0.3177326122,0,-1.221348226,4.404158358,-3.18280559
75.12,-64.99635201,0.05295526311,0.5960007324,0.3177326125,0,-1.221348191,4.404158362,-3.182805604
75.13,-64.99635206,0.05295526287,0.5960007235,0.3177326129,0,-1.221348157,4.404158366,-3.182805617
75.14,-64.9963521,0.05295526262,0.5960007146,0.3177326133,0,-1.221348122,4.40415837,-3.182805631
75.15,-64.99635215,0.05295526238,0.5960007058,0.3177326137,0,-1.221348088,4.404158374,-3.182805645
75.16,-64.9963522,0.05295526213,0.5960006969,0.317732614,0,-1.221348053,4.404158377,-3.182805659
75.17,-64.99635224,0.05295526188,0.5960006881,0.3177326144,0,-1.221348018,4.404158381,-3.182805673
75.18,-64.99635229,0.05295526163,0.5960006793,0.3177326148,0,-1.221347983,4.404158384,-3.182805687
75.19,-64.99635234,0.05295526137,0.5960006705,0.3177326151,0,-1.221347948,4.404158387,-3.182805701
75.2,-64.99635239,0.05295526112,0.5960006617,0.3177326155,0,-1.221347913,4.404158389,-3.182805716
75.21,-64.99635243,0.05295526086,0.5960006529,0.3177326158,0,-1.221347877,4.404158392,-3.18280573
75.22,-64.99635248,0.0529552606,0.5960006442,0.3177326162,0,-1.221347842,4.404158394,-3.182805744
75.23,-64.99635253,0.05295526034,0.5960006354,0.3177326166,0,-1.221347807,4.404158396,-3.182805759
75.24,-64.99635258,0.05295526008,0.5960006267,0.3177326169,0,-1.221347771,4.404158398,-3.182805773
75.25,-64.99635263,0.05295525981,0.596000618,0.3177326173,0,-1.221347735,4.4041584,-3.182805788
75.26,-64.99635268,0.05295525955,0.5960006092,0.3177326176,0,-1.2213477,4.404158401,-3.182805803
75.27,-64.99635272,0.05295525928,0.5960006005,0.317732618,0,-1.221347664,4.404158402,-3.182805817
75.28,-64.99635277,0.05295525901,0.5960005918,0.3177326183,0,-1.221347628,4.404158404,-3.182805832
75.29,-64.99635282,0.05295525874,0.5960005832,0.3177326187,0,-1.221347592,4.404158404,-3.182805847
75.3,-64.99635287,0.05295525847,0.5960005745,0.317732619,0,-1.221347556,4.404158405,-3.182805862
75.31,-64.99635292,0.0529552582,0.5960005658,0.3177326193,0,-1.22134752,4.404158406,-3.182805877
75.32,-64.99635297,0.05295525792,0.5960005572,0.3177326197,0,-1.221347484,4.404158406,-3.182805892
75.33,-64.99635302,0.05295525764,0.5960005486,0.31773262,0,-1.221347447,4.404158406,-3.182805907
75.34,-64.99635307,0.05295525737,0.59600054,0.3177326203,0,-1.221347411,4.404158406,-3.182805922
75.35,-64.99635313,0.05295525709,0.5960005313,0.3177326207,0,-1.221347374,4.404158406,-3.182805938
75.36,-64.99635318,0.0529552568,0.5960005228,0.317732621,0,-1.221347338,4.404158405,-3.182805953
75.37,-64.99635323,0.05295525652,0.5960005142,0.3177326213,0,-1.221347301,4.404158405,-3.182805968
75.38,-64.99635328,0.05295525624,0.5960005056,0.3177326217,0,-1.221347264,4.404158404,-3.182805984
75.39,-64.99635333,0.05295525595,0.596000497,0.317732622,0,-1.221347228,4.404158403,-3.182805999
75.4,-64.99635338,0.05295525566,0.5960004885,0.3177326223,0,-1.221347191,4.404158402,-3.182806015
75.41,-64.99635343,0.05295525537,0.59600048,0.3177326226,0,-1.221347154,4.4041584,-3.18280603
75.42,-64.99635349,0.05295525508,0.5960004714,0.3177326229,0,-1.221347117,4.404158399,-3.182806046
75.43,-64.99635354,0.05295525479,0.5960004629,0.3177326233,0,-1.22134708,4.404158397,-3.182806062
75.44,-64.99635359,0.05295525449,0.5960004544,0.3177326236,0,-1.221347042,4.404158395,-3.182806078
75.45,-64.99635364,0.0529552542,0.596000446,0.3177326239,0,-1.221347005,4.404158393,-3.182806093
75.46,-64.9963537,0.0529552539,0.5960004375,0.3177326242,0,-1.221346968,4.404158391,-3.182806109
75.47,-64.99635375,0.0529552536,0.596000429,0.3177326245,0,-1.22134693,4.404158388,-3.182806125
75.48,-64.9963538,0.0529552533,0.5960004206,0.3177326248,0,-1.221346893,4.404158386,-3.182806141
75.49,-64.99635386,0.052955253,0.5960004121,0.3177326251,0,-1.221346855,4.404158383,-3.182806157
75.5,-64.99635391,0.0529552527,0.5960004037,0.3177326254,0,-1.221346818,4.40415838,-3.182806174
75.51,-64.99635397,0.0529552524,0.5960003953,0.3177326257,0,-1.22134678,4.404158377,-3.18280619
75.52,-64.99635402,0.05295525209,0.5960003869,0.317732626,0,-1.221346742,4.404158373,-3.182806206
75.53,-64.99635407,0.05295525179,0.5960003785,0.3177326263,0,-1.221346705,4.40415837,-3.182806222
75.54,-64.99635413,0.05295525148,0.5960003701,0.3177326266,0,-1.221346667,4.404158366,-3.182806239
75.55,-64.99635418,0.05295525117,0.5960003618,0.3177326269,0,-1.221346629,4.404158362,-3.182806255
75.56,-64.99635424,0.05295525086,0.5960003534,0.3177326272,0,-1.221346591,4.404158358,-3.182806272
75.57,-64.99635429,0.05295525054,0.5960003451,0.3177326275,0,-1.221346553,4.404158354,-3.182806288
75.58,-64.99635435,0.05295525023,0.5960003368,0.3177326277,0,-1.221346514,4.404158349,-3.182806305
75.59,-64.9963544,0.05295524992,0.5960003285,0.317732628,0,-1.221346476,4.404158344,-3.182806321
75.6,-64.99635446,0.0529552496,0.5960003202,0.3177326283,0,-1.221346438,4.40415834,-3.182806338
75.61,-64.99635452,0.05295524928,0.5960003119,0.3177326286,0,-1.2213464,4.404158335,-3.182806355
75.62,-64.99635457,0.05295524896,0.5960003036,0.3177326289,0,-1.221346361,4.404158329,-3.182806371
75.63,-64.99635463,0.05295524864,0.5960002953,0.3177326291,0,-1.221346323,4.404158324,-3.182806388
75.64,-64.99635468,0.05295524832,0.5960002871,0.3177326294,0,-1.221346284,4.404158319,-3.182806405
75.65,-64.99635474,0.052955248,0.5960002788,0.3177326297,0,-1.221346245,4.404158313,-3.182806422
75.66,-64.9963548,0.05295524768,0.5960002706,0.31773263,0,-1.221346207,4.404158307,-3.182806439
75.67,-64.99635485,0.05295524735,0.5960002624,0.3177326302,0,-1.221346168,4.404158301,-3.182806456
75.68,-64.99635491,0.05295524703,0.5960002542,0.3177326305,0,-1.221346129,4.404158295,-3.182806473
75.69,-64.99635497,0.0529552467,0.596000246,0.3177326307,0,-1.22134609,4.404158288,-3.18280649
75.7,-64.99635502,0.05295524637,0.5960002378,0.317732631,0,-1.221346052,4.404158282,-3.182806507
75.71,-64.99635508,0.05295524604,0.5960002296,0.3177326313,0,-1.221346013,4.404158275,-3.182806524
75.72,-64.99635514,0.05295524571,0.5960002215,0.3177326315,0,-1.221345974,4.404158268,-3.182806542
75.73,-64.9963552,0.05295524538,0.5960002133,0.3177326318,0,-1.221345935,4.404158261,-3.182806559
75.74,-64.99635525,0.05295524504,0.5960002052,0.317732632,0,-1.221345895,4.404158254,-3.182806576
75.75,-64.99635531,0.05295524471,0.596000197,0.3177326323,0,-1.221345856,4.404158246,-3.182806594
75.76,-64.99635537,0.05295524437,0.5960001889,0.3177326325,0,-1.221345817,4.404158239,-3.182806611
75.77,-64.99635543,0.05295524404,0.5960001808,0.3177326328,0,-1.221345778,4.404158231,-3.182806628
75.78,-64.99635549,0.0529552437,0.5960001728,0.317732633,0,-1.221345738,4.404158223,-3.182806646
75.79,-64.99635555,0.05295524336,0.5960001647,0.3177326332,0,-1.221345699,4.404158215,-3.182806664
75.8,-64.9963556,0.05295524302,0.5960001566,0.3177326335,0,-1.22134566,4.404158207,-3.182806681
75.81,-64.99635566,0.05295524268,0.5960001486,0.3177326337,0,-1.22134562,4.404158198,-3.182806699
75.82,-64.99635572,0.05295524234,0.5960001405,0.317732634,0,-1.221345581,4.40415819,-3.182806716
75.83,-64.99635578,0.05295524199,0.5960001325,0.3177326342,0,-1.221345541,4.404158181,-3.182806734
75.84,-64.99635584,0.05295524165,0.5960001245,0.3177326344,0,-1.221345501,4.404158172,-3.182806752
75.85,-64.9963559,0.05295524131,0.5960001165,0.3177326347,0,-1.221345462,4.404158163,-3.18280677
75.86,-64.99635596,0.05295524096,0.5960001085,0.3177326349,0,-1.221345422,4.404158154,-3.182806787
75.87,-64.99635602,0.05295524061,0.5960001005,0.3177326351,0,-1.221345382,4.404158145,-3.182806805
75.88,-64.99635608,0.05295524026,0.5960000925,0.3177326353,0,-1.221345343,4.404158135,-3.182806823
75.89,-64.99635614,0.05295523991,0.5960000846,0.3177326355,0,-1.221345303,4.404158125,-3.182806841
75.9,-64.9963562,0.05295523956,0.5960000766,0.3177326358,0,-1.221345263,4.404158115,-3.182806859
75.91,-64.99635626,0.05295523921,0.5960000687,0.317732636,0,-1.221345223,4.404158105,-3.182806877
75.92,-64.99635632,0.05295523886,0.5960000608,0.3177326362,0,-1.221345183,4.404158095,-3.182806895
75.93,-64.99635638,0.05295523851,0.5960000529,0.3177326364,0,-1.221345143,4.404158085,-3.182806913
75.94,-64.99635644,0.05295523815,0.596000045,0.3177326366,0,-1.221345103,4.404158074,-3.182806931
75.95,-64.9963565,0.0529552378,0.5960000371,0.3177326368,0,-1.221345063,4.404158064,-3.182806949
75.96,-64.99635656,0.05295523744,0.5960000292,0.317732637,0,-1.221345023,4.404158053,-3.182806968
75.97,-64.99635662,0.05295523708,0.5960000213,0.3177326372,0,-1.221344982,4.404158042,-3.182806986
75.98,-64.99635668,0.05295523673,0.5960000135,0.3177326374,0,-1.221344942,4.404158031,-3.182807004
75.99,-64.99635674,0.05295523637,0.5960000056,0.3177326376,0,-1.221344902,4.404158019,-3.182807022
76,-64.9963568,0.05295523601,0.5959999978,0.3177326378,0,-1.221344862,4.404158008,-3.182807041
76.01,-64.99635686,0.05295523565,0.59599999,0.317732638,0,-1.221344821,4.404157996,-3.182807059
76.02,-64.99635692,0.05295523529,0.5959999822,0.3177326382,0,-1.221344781,4.404157985,-3.182807077
76.03,-64.99635699,0.05295523492,0.5959999744,0.3177326384,0,-1.221344741,4.404157973,-3.182807096
76.04,-64.99635705,0.05295523456,0.5959999666,0.3177326386,0,-1.2213447,4.404157961,-3.182807114
76.05,-64.99635711,0.0529552342,0.5959999589,0.3177326388,0,-1.22134466,4.404157949,-3.182807133
76.06,-64.99635717,0.05295523383,0.5959999511,0.317732639,0,-1.221344619,4.404157936,-3.182807151
76.07,-64.99635723,0.05295523346,0.5959999434,0.3177326392,0,-1.221344579,4.404157924,-3.18280717
76.08,-64.99635729,0.0529552331,0.5959999356,0.3177326393,0,-1.221344538,4.404157911,-3.182807188
76.09,-64.99635736,0.05295523273,0.5959999279,0.3177326395,0,-1.221344498,4.404157898,-3.182807207
76.1,-64.99635742,0.05295523236,0.5959999202,0.3177326397,0,-1.221344457,4.404157885,-3.182807225
76.11,-64.99635748,0.05295523199,0.5959999125,0.3177326399,0,-1.221344416,4.404157872,-3.182807244
76.12,-64.99635754,0.05295523162,0.5959999048,0.31773264,0,-1.221344376,4.404157859,-3.182807263
76.13,-64.9963576,0.05295523125,0.5959998971,0.3177326402,0,-1.221344335,4.404157846,-3.182807281
76.14,-64.99635767,0.05295523088,0.5959998895,0.3177326404,0,-1.221344294,4.404157832,-3.1828073
76.15,-64.99635773,0.05295523051,0.5959998818,0.3177326405,0,-1.221344253,4.404157818,-3.182807319
76.16,-64.99635779,0.05295523014,0.5959998742,0.3177326407,0,-1.221344213,4.404157805,-3.182807337
76.17,-64.99635785,0.05295522976,0.5959998665,0.3177326409,0,-1.221344172,4.404157791,-3.182807356
76.18,-64.99635792,0.05295522939,0.5959998589,0.317732641,0,-1.221344131,4.404157776,-3.182807375
76.19,-64.99635798,0.05295522901,0.5959998513,0.3177326412,0,-1.22134409,4.404157762,-3.182807394
76.2,-64.99635804,0.05295522864,0.5959998437,0.3177326413,0,-1.221344049,4.404157748,-3.182807413
76.21,-64.9963581,0.05295522826,0.5959998361,0.3177326415,0,-1.221344008,4.404157733,-3.182807431
76.22,-64.99635817,0.05295522788,0.5959998285,0.3177326417,0,-1.221343967,4.404157719,-3.18280745
76.23,-64.99635823,0.05295522751,0.595999821,0.3177326418,0,-1.221343926,4.404157704,-3.182807469
76.24,-64.99635829,0.05295522713,0.5959998134,0.317732642,0,-1.221343885,4.404157689,-3.182807488
76.25,-64.99635836,0.05295522675,0.5959998059,0.3177326421,0,-1.221343844,4.404157674,-3.182807507
76.26,-64.99635842,0.05295522637,0.5959997984,0.3177326422,0,-1.221343803,4.404157659,-3.182807526
76.27,-64.99635848,0.05295522599,0.5959997909,0.3177326424,0,-1.221343762,4.404157643,-3.182807545
76.28,-64.99635855,0.05295522561,0.5959997834,0.3177326425,0,-1.221343721,4.404157628,-3.182807564
76.29,-64.99635861,0.05295522523,0.5959997759,0.3177326427,0,-1.22134368,4.404157612,-3.182807583
76.3,-64.99635867,0.05295522484,0.5959997684,0.3177326428,0,-1.221343639,4.404157596,-3.182807602
76.31,-64.99635874,0.05295522446,0.5959997609,0.3177326429,0,-1.221343598,4.40415758,-3.182807621
76.32,-64.9963588,0.05295522408,0.5959997534,0.3177326431,0,-1.221343557,4.404157564,-3.18280764
76.33,-64.99635887,0.05295522369,0.595999746,0.3177326432,0,-1.221343516,4.404157548,-3.18280766
76.34,-64.99635893,0.05295522331,0.5959997386,0.3177326433,0,-1.221343474,4.404157532,-3.182807679
76.35,-64.99635899,0.05295522292,0.5959997311,0.3177326434,0,-1.221343433,4.404157515,-3.182807698
76.36,-64.99635906,0.05295522254,0.5959997237,0.3177326436,0,-1.221343392,4.404157499,-3.182807717
76.37,-64.99635912,0.05295522215,0.5959997163,0.3177326437,0,-1.221343351,4.404157482,-3.182807736
76.38,-64.99635918,0.05295522177,0.5959997089,0.3177326438,0,-1.22134331,4.404157465,-3.182807755
76.39,-64.99635925,0.05295522138,0.5959997016,0.3177326439,0,-1.221343268,4.404157448,-3.182807775
76.4,-64.99635931,0.05295522099,0.5959996942,0.317732644,0,-1.221343227,4.404157431,-3.182807794
76.41,-64.99635938,0.0529552206,0.5959996868,0.3177326442,0,-1.221343186,4.404157414,-3.182807813
76.42,-64.99635944,0.05295522021,0.5959996795,0.3177326443,0,-1.221343145,4.404157397,-3.182807832
76.43,-64.99635951,0.05295521982,0.5959996722,0.3177326444,0,-1.221343103,4.404157379,-3.182807852
76.44,-64.99635957,0.05295521943,0.5959996648,0.3177326445,0,-1.221343062,4.404157361,-3.182807871
76.45,-64.99635963,0.05295521904,0.5959996575,0.3177326446,0,-1.221343021,4.404157344,-3.18280789
76.46,-64.9963597,0.05295521865,0.5959996502,0.3177326447,0,-1.221342979,4.404157326,-3.182807909
76.47,-64.99635976,0.05295521826,0.5959996429,0.3177326448,0,-1.221342938,4.404157308,-3.182807929
76.48,-64.99635983,0.05295521787,0.5959996356,0.3177326449,0,-1.221342897,4.40415729,-3.182807948
76.49,-64.99635989,0.05295521748,0.5959996284,0.317732645,0,-1.221342855,4.404157271,-3.182807967
76.5,-64.99635996,0.05295521709,0.5959996211,0.3177326451,0,-1.221342814,4.404157253,-3.182807987
76.51,-64.99636002,0.05295521669,0.5959996139,0.3177326452,0,-1.221342773,4.404157235,-3.182808006
76.52,-64.99636008,0.0529552163,0.5959996066,0.3177326453,0,-1.221342731,4.404157216,-3.182808025
76.53,-64.99636015,0.05295521591,0.5959995994,0.3177326454,0,-1.22134269,4.404157197,-3.182808045
76.54,-64.99636021,0.05295521551,0.5959995922,0.3177326454,0,-1.221342649,4.404157178,-3.182808064
76.55,-64.99636028,0.05295521512,0.595999585,0.3177326455,0,-1.221342607,4.404157159,-3.182808084
76.56,-64.99636034,0.05295521472,0.5959995778,0.3177326456,0,-1.221342566,4.40415714,-3.182808103
76.57,-64.99636041,0.05295521433,0.5959995706,0.3177326457,0,-1.221342525,4.404157121,-3.182808122
76.58,-64.99636047,0.05295521393,0.5959995635,0.3177326458,0,-1.221342483,4.404157102,-3.182808142
76.59,-64.99636054,0.05295521353,0.5959995563,0.3177326459,0,-1.221342442,4.404157082,-3.182808161
76.6,-64.9963606,0.05295521314,0.5959995492,0.3177326459,0,-1.2213424,4.404157063,-3.182808181
76.61,-64.99636067,0.05295521274,0.595999542,0.317732646,0,-1.221342359,4.404157043,-3.1828082
76.62,-64.99636073,0.05295521234,0.5959995349,0.3177326461,0,-1.221342318,4.404157023,-3.18280822
76.63,-64.9963608,0.05295521195,0.5959995278,0.3177326461,0,-1.221342276,4.404157003,-3.182808239
76.64,-64.99636086,0.05295521155,0.5959995207,0.3177326462,0,-1.221342235,4.404156983,-3.182808259
76.65,-64.99636093,0.05295521115,0.5959995136,0.3177326463,0,-1.221342193,4.404156963,-3.182808278
76.66,-64.99636099,0.05295521075,0.5959995065,0.3177326463,0,-1.221342152,4.404156943,-3.182808298
76.67,-64.99636106,0.05295521035,0.5959994995,0.3177326464,0,-1.221342111,4.404156922,-3.182808317
76.68,-64.99636112,0.05295520996,0.5959994924,0.3177326465,0,-1.221342069,4.404156902,-3.182808337
76.69,-64.99636119,0.05295520956,0.5959994854,0.3177326465,0,-1.221342028,4.404156881,-3.182808356
76.7,-64.99636125,0.05295520916,0.5959994783,0.3177326466,0,-1.221341987,4.404156861,-3.182808376
76.71,-64.99636132,0.05295520876,0.5959994713,0.3177326466,0,-1.221341945,4.40415684,-3.182808395
76.72,-64.99636138,0.05295520836,0.5959994643,0.3177326467,0,-1.221341904,4.404156819,-3.182808414
76.73,-64.99636145,0.05295520796,0.5959994573,0.3177326467,0,-1.221341863,4.404156798,-3.182808434
76.74,-64.99636151,0.05295520756,0.5959994503,0.3177326468,0,-1.221341821,4.404156777,-3.182808454
76.75,-64.99636158,0.05295520716,0.5959994433,0.3177326468,0,-1.22134178,4.404156755,-3.182808473
76.76,-64.99636164,0.05295520675,0.5959994364,0.3177326469,0,-1.221341739,4.404156734,-3.182808493
76.77,-64.99636171,0.05295520635,0.5959994294,0.3177326469,0,-1.221341697,4.404156713,-3.182808512
76.78,-64.99636177,0.05295520595,0.5959994225,0.317732647,0,-1.221341656,4.404156691,-3.182808532
76.79,-64.99636184,0.05295520555,0.5959994155,0.317732647,0,-1.221341615,4.404156669,-3.182808551
76.8,-64.9963619,0.05295520515,0.5959994086,0.317732647,0,-1.221341573,4.404156647,-3.182808571
76.81,-64.99636197,0.05295520475,0.5959994017,0.3177326471,0,-1.221341532,4.404156626,-3.18280859
76.82,-64.99636203,0.05295520435,0.5959993948,0.3177326471,0,-1.221341491,4.404156604,-3.18280861
76.83,-64.9963621,0.05295520394,0.5959993879,0.3177326471,0,-1.221341449,4.404156581,-3.182808629
76.84,-64.99636216,0.05295520354,0.595999381,0.3177326472,0,-1.221341408,4.404156559,-3.182808649
76.85,-64.99636223,0.05295520314,0.5959993741,0.3177326472,0,-1.221341367,4.404156537,-3.182808668
76.86,-64.99636229,0.05295520274,0.5959993673,0.3177326472,0,-1.221341326,4.404156515,-3.182808688
76.87,-64.99636236,0.05295520233,0.5959993604,0.3177326473,0,-1.221341284,4.404156492,-3.182808707
76.88,-64.99636242,0.05295520193,0.5959993536,0.3177326473,0,-1.221341243,4.404156469,-3.182808727
76.89,-64.99636249,0.05295520153,0.5959993467,0.3177326473,0,-1.221341202,4.404156447,-3.182808746
76.9,-64.99636255,0.05295520112,0.5959993399,0.3177326473,0,-1.221341161,4.404156424,-3.182808766
76.91,-64.99636262,0.05295520072,0.5959993331,0.3177326473,0,-1.22134112,4.404156401,-3.182808785
76.92,-64.99636268,0.05295520032,0.5959993263,0.3177326473,0,-1.221341079,4.404156378,-3.182808805
76.93,-64.99636275,0.05295519991,0.5959993195,0.3177326474,0,-1.221341037,4.404156355,-3.182808824
76.94,-64.99636281,0.05295519951,0.5959993128,0.3177326474,0,-1.221340996,4.404156332,-3.182808844
76.95,-64.99636288,0.05295519911,0.595999306,0.3177326474,0,-1.221340955,4.404156308,-3.182808863
76.96,-64.99636294,0.0529551987,0.5959992992,0.3177326474,0,-1.221340914,4.404156285,-3.182808882
76.97,-64.99636301,0.0529551983,0.5959992925,0.3177326474,0,-1.221340873,4.404156261,-3.182808902
76.98,-64.99636307,0.0529551979,0.5959992858,0.3177326474,0,-1.221340832,4.404156238,-3.182808921
76.99,-64.99636314,0.05295519749,0.595999279,0.3177326474,0,-1.221340791,4.404156214,-3.182808941
77,-64.9963632,0.05295519709,0.5959992723,0.3177326474,0,-1.22134075,4.40415619,-3.18280896
77.01,-64.99636327,0.05295519668,0.5959992656,0.3177326474,0,-1.221340709,4.404156167,-3.18280898
77.02,-64.99636333,0.05295519628,0.5959992589,0.3177326474,0,-1.221340668,4.404156143,-3.182808999
77.03,-64.9963634,0.05295519588,0.5959992522,0.3177326474,0,-1.221340627,4.404156119,-3.182809019
77.04,-64.99636346,0.05295519547,0.5959992456,0.3177326474,0,-1.221340586,4.404156094,-3.182809038
77.05,-64.99636352,0.05295519507,0.5959992389,0.3177326474,0,-1.221340545,4.40415607,-3.182809057
77.06,-64.99636359,0.05295519466,0.5959992323,0.3177326474,0,-1.221340504,4.404156046,-3.182809077
77.07,-64.99636365,0.05295519426,0.5959992256,0.3177326473,0,-1.221340464,4.404156021,-3.182809096
77.08,-64.99636372,0.05295519386,0.595999219,0.3177326473,0,-1.221340423,4.404155997,-3.182809116
77.09,-64.99636378,0.05295519345,0.5959992124,0.3177326473,0,-1.221340382,4.404155972,-3.182809135
77.1,-64.99636385,0.05295519305,0.5959992058,0.3177326473,0,-1.221340341,4.404155948,-3.182809154
77.11,-64.99636391,0.05295519264,0.5959991992,0.3177326473,0,-1.2213403,4.404155923,-3.182809174
77.12,-64.99636398,0.05295519224,0.5959991926,0.3177326473,0,-1.22134026,4.404155898,-3.182809193
77.13,-64.99636404,0.05295519184,0.595999186,0.3177326472,0,-1.221340219,4.404155873,-3.182809212
77.14,-64.99636411,0.05295519143,0.5959991794,0.3177326472,0,-1.221340178,4.404155848,-3.182809232
77.15,-64.99636417,0.05295519103,0.5959991729,0.3177326472,0,-1.221340137,4.404155823,-3.182809251
77.16,-64.99636423,0.05295519063,0.5959991663,0.3177326472,0,-1.221340097,4.404155798,-3.18280927
77.17,-64.9963643,0.05295519022,0.5959991598,0.3177326471,0,-1.221340056,4.404155773,-3.18280929
77.18,-64.99636436,0.05295518982,0.5959991533,0.3177326471,0,-1.221340016,4.404155747,-3.182809309
77.19,-64.99636443,0.05295518942,0.5959991468,0.3177326471,0,-1.221339975,4.404155722,-3.182809328
77.2,-64.99636449,0.05295518901,0.5959991403,0.317732647,0,-1.221339934,4.404155696,-3.182809347
77.21,-64.99636456,0.05295518861,0.5959991338,0.317732647,0,-1.221339894,4.404155671,-3.182809367
77.22,-64.99636462,0.05295518821,0.5959991273,0.3177326469,0,-1.221339853,4.404155645,-3.182809386
77.23,-64.99636468,0.0529551878,0.5959991208,0.3177326469,0,-1.221339813,4.404155619,-3.182809405
77.24,-64.99636475,0.0529551874,0.5959991143,0.3177326469,0,-1.221339773,4.404155593,-3.182809424
77.25,-64.99636481,0.052955187,0.5959991079,0.3177326468,0,-1.221339732,4.404155568,-3.182809443
77.26,-64.99636488,0.0529551866,0.5959991015,0.3177326468,0,-1.221339692,4.404155542,-3.182809463
77.27,-64.99636494,0.05295518619,0.595999095,0.3177326467,0,-1.221339651,4.404155516,-3.182809482
77.28,-64.996365,0.05295518579,0.5959990886,0.3177326467,0,-1.221339611,4.404155489,-3.182809501
77.29,-64.99636507,0.05295518539,0.5959990822,0.3177326466,0,-1.221339571,4.404155463,-3.18280952
77.3,-64.99636513,0.05295518499,0.5959990758,0.3177326466,0,-1.221339531,4.404155437,-3.182809539
77.31,-64.99636519,0.05295518459,0.5959990694,0.3177326465,0,-1.22133949,4.404155411,-3.182809558
77.32,-64.99636526,0.05295518419,0.595999063,0.3177326465,0,-1.22133945,4.404155384,-3.182809577
77.33,-64.99636532,0.05295518378,0.5959990566,0.3177326464,0,-1.22133941,4.404155358,-3.182809596
77.34,-64.99636538,0.05295518338,0.5959990503,0.3177326463,0,-1.22133937,4.404155331,-3.182809615
77.35,-64.99636545,0.05295518298,0.5959990439,0.3177326463,0,-1.22133933,4.404155304,-3.182809634
77.36,-64.99636551,0.05295518258,0.5959990376,0.3177326462,0,-1.22133929,4.404155278,-3.182809653
77.37,-64.99636557,0.05295518218,0.5959990313,0.3177326462,0,-1.22133925,4.404155251,-3.182809672
77.38,-64.99636564,0.05295518178,0.5959990249,0.3177326461,0,-1.22133921,4.404155224,-3.182809691
77.39,-64.9963657,0.05295518138,0.5959990186,0.317732646,0,-1.22133917,4.404155197,-3.18280971
77.4,-64.99636576,0.05295518098,0.5959990123,0.317732646,0,-1.22133913,4.40415517,-3.182809729
77.41,-64.99636583,0.05295518058,0.595999006,0.3177326459,0,-1.22133909,4.404155143,-3.182809748
77.42,-64.99636589,0.05295518018,0.5959989997,0.3177326458,0,-1.22133905,4.404155116,-3.182809767
77.43,-64.99636595,0.05295517978,0.5959989935,0.3177326457,0,-1.221339011,4.404155089,-3.182809786
77.44,-64.99636602,0.05295517939,0.5959989872,0.3177326457,0,-1.221338971,4.404155061,-3.182809805
77.45,-64.99636608,0.05295517899,0.595998981,0.3177326456,0,-1.221338931,4.404155034,-3.182809824
77.46,-64.99636614,0.05295517859,0.5959989747,0.3177326455,0,-1.221338891,4.404155007,-3.182809843
77.47,-64.9963662,0.05295517819,0.5959989685,0.3177326454,0,-1.221338852,4.404154979,-3.182809861
77.48,-64.99636627,0.05295517779,0.5959989623,0.3177326453,0,-1.221338812,4.404154952,-3.18280988
77.49,-64.99636633,0.0529551774,0.595998956,0.3177326453,0,-1.221338773,4.404154924,-3.182809899
77.5,-64.99636639,0.052955177,0.5959989498,0.3177326452,0,-1.221338733,4.404154896,-3.182809918
77.51,-64.99636645,0.0529551766,0.5959989437,0.3177326451,0,-1.221338694,4.404154868,-3.182809936
77.52,-64.99636652,0.05295517621,0.5959989375,0.317732645,0,-1.221338654,4.404154841,-3.182809955
77.53,-64.99636658,0.05295517581,0.5959989313,0.3177326449,0,-1.221338615,4.404154813,-3.182809974
77.54,-64.99636664,0.05295517541,0.5959989251,0.3177326448,0,-1.221338575,4.404154785,-3.182809992
77.55,-64.9963667,0.05295517502,0.595998919,0.3177326447,0,-1.221338536,4.404154757,-3.182810011
77.56,-64.99636677,0.05295517462,0.5959989128,0.3177326446,0,-1.221338497,4.404154729,-3.18281003
77.57,-64.99636683,0.05295517423,0.5959989067,0.3177326445,0,-1.221338458,4.404154701,-3.182810048
77.58,-64.99636689,0.05295517383,0.5959989006,0.3177326444,0,-1.221338418,4.404154673,-3.182810067
77.59,-64.99636695,0.05295517344,0.5959988945,0.3177326443,0,-1.221338379,4.404154644,-3.182810085
77.6,-64.99636701,0.05295517305,0.5959988884,0.3177326442,0,-1.22133834,4.404154616,-3.182810104
77.61,-64.99636707,0.05295517265,0.5959988823,0.3177326441,0,-1.221338301,4.404154588,-3.182810122
77.62,-64.99636714,0.05295517226,0.5959988762,0.317732644,0,-1.221338262,4.404154559,-3.182810141
77.63,-64.9963672,0.05295517187,0.5959988701,0.3177326439,0,-1.221338223,4.404154531,-3.182810159
77.64,-64.99636726,0.05295517147,0.595998864,0.3177326438,0,-1.221338184,4.404154503,-3.182810178
77.65,-64.99636732,0.05295517108,0.595998858,0.3177326437,0,-1.221338145,4.404154474,-3.182810196
77.66,-64.99636738,0.05295517069,0.5959988519,0.3177326436,0,-1.221338106,4.404154445,-3.182810215
77.67,-64.99636744,0.0529551703,0.5959988459,0.3177326435,0,-1.221338068,4.404154417,-3.182810233
77.68,-64.9963675,0.05295516991,0.5959988399,0.3177326434,0,-1.221338029,4.404154388,-3.182810251
77.69,-64.99636757,0.05295516952,0.5959988339,0.3177326432,0,-1.22133799,4.404154359,-3.18281027
77.7,-64.99636763,0.05295516913,0.5959988278,0.3177326431,0,-1.221337952,4.40415433,-3.182810288
77.71,-64.99636769,0.05295516874,0.5959988218,0.317732643,0,-1.221337913,4.404154301,-3.182810306
77.72,-64.99636775,0.05295516835,0.5959988159,0.3177326429,0,-1.221337874,4.404154273,-3.182810324
77.73,-64.99636781,0.05295516796,0.5959988099,0.3177326428,0,-1.221337836,4.404154244,-3.182810343
77.74,-64.99636787,0.05295516757,0.5959988039,0.3177326427,0,-1.221337797,4.404154215,-3.182810361
77.75,-64.99636793,0.05295516718,0.5959987979,0.3177326425,0,-1.221337759,4.404154185,-3.182810379
77.76,-64.99636799,0.0529551668,0.595998792,0.3177326424,0,-1.221337721,4.404154156,-3.182810397
77.77,-64.99636805,0.05295516641,0.5959987861,0.3177326423,0,-1.221337682,4.404154127,-3.182810415
77.78,-64.99636811,0.05295516602,0.5959987801,0.3177326421,0,-1.221337644,4.404154098,-3.182810433
77.79,-64.99636817,0.05295516563,0.5959987742,0.317732642,0,-1.221337606,4.404154069,-3.182810451
77.8,-64.99636823,0.05295516525,0.5959987683,0.3177326419,0,-1.221337568,4.404154039,-3.182810469
77.81,-64.99636829,0.05295516486,0.5959987624,0.3177326418,0,-1.22133753,4.40415401,-3.182810487
77.82,-64.99636835,0.05295516448,0.5959987565,0.3177326416,0,-1.221337491,4.404153981,-3.182810505
77.83,-64.99636841,0.05295516409,0.5959987506,0.3177326415,0,-1.221337453,4.404153951,-3.182810523
77.84,-64.99636847,0.05295516371,0.5959987447,0.3177326413,0,-1.221337415,4.404153922,-3.182810541
77.85,-64.99636853,0.05295516333,0.5959987389,0.3177326412,0,-1.221337378,4.404153892,-3.182810559
77.86,-64.99636859,0.05295516294,0.595998733,0.3177326411,0,-1.22133734,4.404153863,-3.182810577
77.87,-64.99636865,0.05295516256,0.5959987272,0.3177326409,0,-1.221337302,4.404153833,-3.182810595
77.88,-64.99636871,0.05295516218,0.5959987213,0.3177326408,0,-1.221337264,4.404153803,-3.182810612
77.89,-64.99636877,0.0529551618,0.5959987155,0.3177326406,0,-1.221337226,4.404153774,-3.18281063
77.9,-64.99636883,0.05295516142,0.5959987097,0.3177326405,0,-1.221337189,4.404153744,-3.182810648
77.91,-64.99636889,0.05295516104,0.5959987039,0.3177326403,0,-1.221337151,4.404153714,-3.182810666
77.92,-64.99636894,0.05295516066,0.5959986981,0.3177326402,0,-1.221337114,4.404153684,-3.182810683
77.93,-64.996369,0.05295516028,0.5959986923,0.3177326401,0,-1.221337076,4.404153654,-3.182810701
77.94,-64.99636906,0.0529551599,0.5959986865,0.3177326399,0,-1.221337039,4.404153624,-3.182810719
77.95,-64.99636912,0.05295515952,0.5959986807,0.3177326397,0,-1.221337001,4.404153594,-3.182810736
77.96,-64.99636918,0.05295515914,0.5959986749,0.3177326396,0,-1.221336964,4.404153564,-3.182810754
77.97,-64.99636924,0.05295515876,0.5959986692,0.3177326394,0,-1.221336927,4.404153534,-3.182810771
77.98,-64.9963693,0.05295515839,0.5959986634,0.3177326393,0,-1.221336889,4.404153504,-3.182810789
77.99,-64.99636935,0.05295515801,0.5959986577,0.3177326391,0,-1.221336852,4.404153474,-3.182810806
78,-64.99636941,0.05295515764,0.595998652,0.317732639,0,-1.221336815,4.404153444,-3.182810824
78.01,-64.99636947,0.05295515726,0.5959986462,0.3177326388,0,-1.221336778,4.404153414,-3.182810841
78.02,-64.99636953,0.05295515689,0.5959986405,0.3177326386,0,-1.221336741,4.404153384,-3.182810858
78.03,-64.99636959,0.05295515651,0.5959986348,0.3177326385,0,-1.221336704,4.404153353,-3.182810876
78.04,-64.99636964,0.05295515614,0.5959986291,0.3177326383,0,-1.221336667,4.404153323,-3.182810893
78.05,-64.9963697,0.05295515576,0.5959986235,0.3177326381,0,-1.22133663,4.404153293,-3.18281091
78.06,-64.99636976,0.05295515539,0.5959986178,0.317732638,0,-1.221336593,4.404153263,-3.182810928
78.07,-64.99636982,0.05295515502,0.5959986121,0.3177326378,0,-1.221336557,4.404153232,-3.182810945
78.08,-64.99636987,0.05295515465,0.5959986065,0.3177326376,0,-1.22133652,4.404153202,-3.182810962
78.09,-64.99636993,0.05295515428,0.5959986008,0.3177326375,0,-1.221336483,4.404153171,-3.182810979
78.1,-64.99636999,0.05295515391,0.5959985952,0.3177326373,0,-1.221336447,4.404153141,-3.182810996
78.11,-64.99637004,0.05295515354,0.5959985896,0.3177326371,0,-1.22133641,4.40415311,-3.182811013
78.12,-64.9963701,0.05295515317,0.5959985839,0.317732637,0,-1.221336374,4.40415308,-3.18281103
78.13,-64.99637016,0.0529551528,0.5959985783,0.3177326368,0,-1.221336338,4.404153049,-3.182811047
78.14,-64.99637021,0.05295515243,0.5959985727,0.3177326366,0,-1.221336301,4.404153019,-3.182811064
78.15,-64.99637027,0.05295515207,0.5959985671,0.3177326364,0,-1.221336265,4.404152988,-3.182811081
78.16,-64.99637033,0.0529551517,0.5959985615,0.3177326362,0,-1.221336229,4.404152957,-3.182811098
78.17,-64.99637038,0.05295515133,0.595998556,0.3177326361,0,-1.221336193,4.404152927,-3.182811115
78.18,-64.99637044,0.05295515097,0.5959985504,0.3177326359,0,-1.221336157,4.404152896,-3.182811132
78.19,-64.9963705,0.0529551506,0.5959985448,0.3177326357,0,-1.221336121,4.404152865,-3.182811149
78.2,-64.99637055,0.05295515024,0.5959985393,0.3177326355,0,-1.221336085,4.404152834,-3.182811165
78.21,-64.99637061,0.05295514988,0.5959985338,0.3177326353,0,-1.221336049,4.404152804,-3.182811182
78.22,-64.99637066,0.05295514951,0.5959985282,0.3177326351,0,-1.221336013,4.404152773,-3.182811199
78.23,-64.99637072,0.05295514915,0.5959985227,0.3177326349,0,-1.221335977,4.404152742,-3.182811216
78.24,-64.99637077,0.05295514879,0.5959985172,0.3177326348,0,-1.221335941,4.404152711,-3.182811232
78.25,-64.99637083,0.05295514843,0.5959985117,0.3177326346,0,-1.221335906,4.40415268,-3.182811249
78.26,-64.99637088,0.05295514807,0.5959985062,0.3177326344,0,-1.22133587,4.404152649,-3.182811265
78.27,-64.99637094,0.05295514771,0.5959985007,0.3177326342,0,-1.221335835,4.404152619,-3.182811282
78.28,-64.99637099,0.05295514735,0.5959984952,0.317732634,0,-1.221335799,4.404152588,-3.182811298
78.29,-64.99637105,0.05295514699,0.5959984897,0.3177326338,0,-1.221335764,4.404152557,-3.182811315
78.3,-64.9963711,0.05295514664,0.5959984843,0.3177326336,0,-1.221335728,4.404152526,-3.182811331
78.31,-64.99637116,0.05295514628,0.5959984788,0.3177326334,0,-1.221335693,4.404152495,-3.182811348
78.32,-64.99637121,0.05295514592,0.5959984734,0.3177326332,0,-1.221335658,4.404152464,-3.182811364
78.33,-64.99637127,0.05295514557,0.595998468,0.317732633,0,-1.221335623,4.404152433,-3.18281138
78.34,-64.99637132,0.05295514521,0.5959984625,0.3177326328,0,-1.221335588,4.404152401,-3.182811397
78.35,-64.99637138,0.05295514486,0.5959984571,0.3177326326,0,-1.221335553,4.40415237,-3.182811413
78.36,-64.99637143,0.05295514451,0.5959984517,0.3177326324,0,-1.221335518,4.404152339,-3.182811429
78.37,-64.99637148,0.05295514415,0.5959984463,0.3177326322,0,-1.221335483,4.404152308,-3.182811445
78.38,-64.99637154,0.0529551438,0.5959984409,0.317732632,0,-1.221335448,4.404152277,-3.182811461
78.39,-64.99637159,0.05295514345,0.5959984355,0.3177326318,0,-1.221335413,4.404152246,-3.182811477
78.4,-64.99637164,0.0529551431,0.5959984301,0.3177326316,0,-1.221335378,4.404152215,-3.182811493
78.41,-64.9963717,0.05295514275,0.5959984248,0.3177326314,0,-1.221335344,4.404152183,-3.182811509
78.42,-64.99637175,0.0529551424,0.5959984194,0.3177326311,0,-1.221335309,4.404152152,-3.182811525
78.43,-64.9963718,0.05295514205,0.5959984141,0.3177326309,0,-1.221335275,4.404152121,-3.182811541
78.44,-64.99637186,0.0529551417,0.5959984087,0.3177326307,0,-1.22133524,4.40415209,-3.182811557
78.45,-64.99637191,0.05295514136,0.5959984034,0.3177326305,0,-1.221335206,4.404152059,-3.182811573
78.46,-64.99637196,0.05295514101,0.5959983981,0.3177326303,0,-1.221335172,4.404152027,-3.182811589
78.47,-64.99637202,0.05295514066,0.5959983928,0.3177326301,0,-1.221335137,4.404151996,-3.182811605
78.48,-64.99637207,0.05295514032,0.5959983874,0.3177326299,0,-1.221335103,4.404151965,-3.18281162
78.49,-64.99637212,0.05295513998,0.5959983821,0.3177326296,0,-1.221335069,4.404151933,-3.182811636
78.5,-64.99637217,0.05295513963,0.5959983769,0.3177326294,0,-1.221335035,4.404151902,-3.182811652
78.51,-64.99637222,0.05295513929,0.5959983716,0.3177326292,0,-1.221335001,4.404151871,-3.182811667
78.52,-64.99637228,0.05295513895,0.5959983663,0.317732629,0,-1.221334967,4.404151839,-3.182811683
78.53,-64.99637233,0.05295513861,0.595998361,0.3177326288,0,-1.221334933,4.404151808,-3.182811699
78.54,-64.99637238,0.05295513827,0.5959983558,0.3177326285,0,-1.221334899,4.404151777,-3.182811714
78.55,-64.99637243,0.05295513793,0.5959983505,0.3177326283,0,-1.221334866,4.404151745,-3.18281173
78.56,-64.99637248,0.05295513759,0.5959983453,0.3177326281,0,-1.221334832,4.404151714,-3.182811745
78.57,-64.99637253,0.05295513725,0.59599834,0.3177326279,0,-1.221334798,4.404151683,-3.18281176
78.58,-64.99637259,0.05295513691,0.5959983348,0.3177326276,0,-1.221334765,4.404151651,-3.182811776
78.59,-64.99637264,0.05295513658,0.5959983296,0.3177326274,0,-1.221334731,4.40415162,-3.182811791
78.6,-64.99637269,0.05295513624,0.5959983244,0.3177326272,0,-1.221334698,4.404151588,-3.182811806
78.61,-64.99637274,0.0529551359,0.5959983192,0.3177326269,0,-1.221334665,4.404151557,-3.182811821
78.62,-64.99637279,0.05295513557,0.595998314,0.3177326267,0,-1.221334632,4.404151526,-3.182811837
78.63,-64.99637284,0.05295513524,0.5959983088,0.3177326265,0,-1.221334598,4.404151494,-3.182811852
78.64,-64.99637289,0.0529551349,0.5959983036,0.3177326262,0,-1.221334565,4.404151463,-3.182811867
78.65,-64.99637294,0.05295513457,0.5959982985,0.317732626,0,-1.221334532,4.404151431,-3.182811882
78.66,-64.99637299,0.05295513424,0.5959982933,0.3177326258,0,-1.221334499,4.4041514,-3.182811897
78.67,-64.99637304,0.05295513391,0.5959982882,0.3177326255,0,-1.221334466,4.404151368,-3.182811912
78.68,-64.99637309,0.05295513358,0.595998283,0.3177326253,0,-1.221334434,4.404151337,-3.182811927
78.69,-64.99637314,0.05295513325,0.5959982779,0.3177326251,0,-1.221334401,4.404151305,-3.182811942
78.7,-64.99637319,0.05295513292,0.5959982728,0.3177326248,0,-1.221334368,4.404151274,-3.182811957
78.71,-64.99637324,0.0529551326,0.5959982676,0.3177326246,0,-1.221334336,4.404151243,-3.182811972
78.72,-64.99637329,0.05295513227,0.5959982625,0.3177326243,0,-1.221334303,4.404151211,-3.182811986
78.73,-64.99637334,0.05295513194,0.5959982574,0.3177326241,0,-1.221334271,4.40415118,-3.182812001
78.74,-64.99637339,0.05295513162,0.5959982523,0.3177326239,0,-1.221334238,4.404151148,-3.182812016
78.75,-64.99637343,0.05295513129,0.5959982472,0.3177326236,0,-1.221334206,4.404151117,-3.18281203
78.76,-64.99637348,0.05295513097,0.5959982422,0.3177326234,0,-1.221334173,4.404151085,-3.182812045
78.77,-64.99637353,0.05295513065,0.5959982371,0.3177326231,0,-1.221334141,4.404151054,-3.18281206
78.78,-64.99637358,0.05295513033,0.595998232,0.3177326229,0,-1.221334109,4.404151022,-3.182812074
78.79,-64.99637363,0.05295513001,0.595998227,0.3177326226,0,-1.221334077,4.404150991,-3.182812089
78.8,-64.99637368,0.05295512968,0.5959982219,0.3177326224,0,-1.221334045,4.404150959,-3.182812103
78.81,-64.99637373,0.05295512937,0.5959982169,0.3177326221,0,-1.221334013,4.404150928,-3.182812118
78.82,-64.99637377,0.05295512905,0.5959982119,0.3177326219,0,-1.221333981,4.404150896,-3.182812132
78.83,-64.99637382,0.05295512873,0.5959982068,0.3177326216,0,-1.22133395,4.404150865,-3.182812146
78.84,-64.99637387,0.05295512841,0.5959982018,0.3177326214,0,-1.221333918,4.404150834,-3.182812161
78.85,-64.99637392,0.0529551281,0.5959981968,0.3177326211,0,-1.221333886,4.404150802,-3.182812175
78.86,-64.99637396,0.05295512778,0.5959981918,0.3177326209,0,-1.221333855,4.404150771,-3.182812189
78.87,-64.99637401,0.05295512747,0.5959981868,0.3177326206,0,-1.221333823,4.404150739,-3.182812203
78.88,-64.99637406,0.05295512715,0.5959981818,0.3177326204,0,-1.221333792,4.404150708,-3.182812217
78.89,-64.9963741,0.05295512684,0.5959981769,0.3177326201,0,-1.221333761,4.404150676,-3.182812231
78.9,-64.99637415,0.05295512653,0.5959981719,0.3177326198,0,-1.221333729,4.404150645,-3.182812245
78.91,-64.9963742,0.05295512622,0.5959981669,0.3177326196,0,-1.221333698,4.404150613,-3.182812259
78.92,-64.99637424,0.05295512591,0.595998162,0.3177326193,0,-1.221333667,4.404150582,-3.182812273
78.93,-64.99637429,0.0529551256,0.595998157,0.3177326191,0,-1.221333636,4.404150551,-3.182812287
78.94,-64.99637434,0.05295512529,0.5959981521,0.3177326188,0,-1.221333605,4.404150519,-3.182812301
78.95,-64.99637438,0.05295512498,0.5959981472,0.3177326185,0,-1.221333574,4.404150488,-3.182812315
78.96,-64.99637443,0.05295512468,0.5959981422,0.3177326183,0,-1.221333543,4.404150456,-3.182812329
78.97,-64.99637447,0.05295512437,0.5959981373,0.317732618,0,-1.221333512,4.404150425,-3.182812342
78.98,-64.99637452,0.05295512406,0.5959981324,0.3177326178,0,-1.221333482,4.404150394,-3.182812356
78.99,-64.99637457,0.05295512376,0.5959981275,0.3177326175,0,-1.221333451,4.404150362,-3.18281237
79,-64.99637461,0.05295512346,0.5959981226,0.3177326172,0,-1.221333421,4.404150331,-3.182812383
79.01,-64.99637466,0.05295512315,0.5959981177,0.317732617,0,-1.22133339,4.4041503,-3.182812397
79.02,-64.9963747,0.05295512285,0.5959981129,0.3177326167,0,-1.22133336,4.404150268,-3.18281241
79.03,-64.99637475,0.05295512255,0.595998108,0.3177326164,0,-1.221333329,4.404150237,-3.182812424
79.04,-64.99637479,0.05295512225,0.5959981031,0.3177326162,0,-1.221333299,4.404150206,-3.182812437
79.05,-64.99637484,0.05295512195,0.5959980983,0.3177326159,0,-1.221333269,4.404150174,-3.182812451
79.06,-64.99637488,0.05295512165,0.5959980934,0.3177326156,0,-1.221333239,4.404150143,-3.182812464
79.07,-64.99637492,0.05295512136,0.5959980886,0.3177326153,0,-1.221333209,4.404150112,-3.182812477
79.08,-64.99637497,0.05295512106,0.5959980837,0.3177326151,0,-1.221333179,4.404150081,-3.182812491
79.09,-64.99637501,0.05295512077,0.5959980789,0.3177326148,0,-1.221333149,4.404150049,-3.182812504
79.1,-64.99637506,0.05295512047,0.5959980741,0.3177326145,0,-1.221333119,4.404150018,-3.182812517
79.11,-64.9963751,0.05295512018,0.5959980693,0.3177326143,0,-1.22133309,4.404149987,-3.18281253
79.12,-64.99637514,0.05295511988,0.5959980645,0.317732614,0,-1.22133306,4.404149956,-3.182812543
79.13,-64.99637519,0.05295511959,0.5959980597,0.3177326137,0,-1.22133303,4.404149924,-3.182812556
79.14,-64.99637523,0.0529551193,0.5959980549,0.3177326134,0,-1.221333001,4.404149893,-3.182812569
79.15,-64.99637527,0.05295511901,0.5959980501,0.3177326131,0,-1.221332971,4.404149862,-3.182812582
79.16,-64.99637532,0.05295511872,0.5959980454,0.3177326129,0,-1.221332942,4.404149831,-3.182812595
79.17,-64.99637536,0.05295511843,0.5959980406,0.3177326126,0,-1.221332913,4.4041498,-3.182812608
79.18,-64.9963754,0.05295511814,0.5959980358,0.3177326123,0,-1.221332884,4.404149769,-3.182812621
79.19,-64.99637545,0.05295511786,0.5959980311,0.317732612,0,-1.221332854,4.404149737,-3.182812634
79.2,-64.99637549,0.05295511757,0.5959980263,0.3177326118,0,-1.221332825,4.404149706,-3.182812646
79.21,-64.99637553,0.05295511729,0.5959980216,0.3177326115,0,-1.221332796,4.404149675,-3.182812659
79.22,-64.99637557,0.052955117,0.5959980169,0.3177326112,0,-1.221332768,4.404149644,-3.182812672
79.23,-64.99637561,0.05295511672,0.5959980122,0.3177326109,0,-1.221332739,4.404149613,-3.182812684
79.24,-64.99637566,0.05295511644,0.5959980074,0.3177326106,0,-1.22133271,4.404149582,-3.182812697
79.25,-64.9963757,0.05295511616,0.5959980027,0.3177326103,0,-1.221332681,4.404149551,-3.182812709
79.26,-64.99637574,0.05295511587,0.595997998,0.3177326101,0,-1.221332653,4.40414952,-3.182812722
79.27,-64.99637578,0.0529551156,0.5959979933,0.3177326098,0,-1.221332624,4.404149489,-3.182812734
79.28,-64.99637582,0.05295511532,0.5959979887,0.3177326095,0,-1.221332596,4.404149458,-3.182812746
79.29,-64.99637586,0.05295511504,0.595997984,0.3177326092,0,-1.221332567,4.404149427,-3.182812759
79.3,-64.9963759,0.05295511476,0.5959979793,0.3177326089,0,-1.221332539,4.404149396,-3.182812771
79.31,-64.99637594,0.05295511449,0.5959979746,0.3177326086,0,-1.221332511,4.404149365,-3.182812783
79.32,-64.99637598,0.05295511421,0.59599797,0.3177326083,0,-1.221332483,4.404149335,-3.182812795
79.33,-64.99637603,0.05295511394,0.5959979653,0.3177326081,0,-1.221332455,4.404149304,-3.182812808
79.34,-64.99637607,0.05295511366,0.5959979607,0.3177326078,0,-1.221332427,4.404149273,-3.18281282
79.35,-64.99637611,0.05295511339,0.5959979561,0.3177326075,0,-1.221332399,4.404149242,-3.182812832
79.36,-64.99637615,0.05295511312,0.5959979514,0.3177326072,0,-1.221332371,4.404149211,-3.182812844
79.37,-64.99637619,0.05295511285,0.5959979468,0.3177326069,0,-1.221332343,4.404149181,-3.182812856
79.38,-64.99637623,0.05295511258,0.5959979422,0.3177326066,0,-1.221332315,4.40414915,-3.182812868
79.39,-64.99637627,0.05295511231,0.5959979376,0.3177326063,0,-1.221332288,4.404149119,-3.18281288
79.4,-64.9963763,0.05295511204,0.595997933,0.317732606,0,-1.22133226,4.404149088,-3.182812891
79.41,-64.99637634,0.05295511177,0.5959979284,0.3177326057,0,-1.221332233,4.404149058,-3.182812903
79.42,-64.99637638,0.05295511151,0.5959979238,0.3177326054,0,-1.221332205,4.404149027,-3.182812915
79.43,-64.99637642,0.05295511124,0.5959979192,0.3177326051,0,-1.221332178,4.404148996,-3.182812927
79.44,-64.99637646,0.05295511098,0.5959979147,0.3177326048,0,-1.221332151,4.404148966,-3.182812938
79.45,-64.9963765,0.05295511072,0.5959979101,0.3177326045,0,-1.221332124,4.404148935,-3.18281295
79.46,-64.99637654,0.05295511045,0.5959979055,0.3177326042,0,-1.221332097,4.404148905,-3.182812961
79.47,-64.99637658,0.05295511019,0.595997901,0.317732604,0,-1.22133207,4.404148874,-3.182812973
79.48,-64.99637661,0.05295510993,0.5959978964,0.3177326037,0,-1.221332043,4.404148844,-3.182812984
79.49,-64.99637665,0.05295510967,0.5959978919,0.3177326034,0,-1.221332016,4.404148813,-3.182812996
79.5,-64.99637669,0.05295510941,0.5959978874,0.3177326031,0,-1.221331989,4.404148783,-3.182813007
79.51,-64.99637673,0.05295510916,0.5959978829,0.3177326028,0,-1.221331962,4.404148752,-3.182813019
79.52,-64.99637677,0.0529551089,0.5959978783,0.3177326025,0,-1.221331936,4.404148722,-3.18281303
79.53,-64.9963768,0.05295510864,0.5959978738,0.3177326022,0,-1.221331909,4.404148692,-3.182813041
79.54,-64.99637684,0.05295510839,0.5959978693,0.3177326019,0,-1.221331883,4.404148661,-3.182813052
79.55,-64.99637688,0.05295510813,0.5959978648,0.3177326016,0,-1.221331856,4.404148631,-3.182813063
79.56,-64.99637692,0.05295510788,0.5959978603,0.3177326013,0,-1.22133183,4.404148601,-3.182813075
79.57,-64.99637695,0.05295510763,0.5959978559,0.317732601,0,-1.221331804,4.40414857,-3.182813086
79.58,-64.99637699,0.05295510738,0.5959978514,0.3177326007,0,-1.221331778,4.40414854,-3.182813097
79.59,-64.99637703,0.05295510713,0.5959978469,0.3177326004,0,-1.221331751,4.40414851,-3.182813108
79.6,-64.99637706,0.05295510688,0.5959978425,0.3177326001,0,-1.221331725,4.40414848,-3.182813119
79.61,-64.9963771,0.05295510663,0.595997838,0.3177325997,0,-1.221331699,4.40414845,-3.182813129
79.62,-64.99637713,0.05295510638,0.5959978335,0.3177325994,0,-1.221331674,4.40414842,-3.18281314
79.63,-64.99637717,0.05295510613,0.5959978291,0.3177325991,0,-1.221331648,4.40414839,-3.182813151
79.64,-64.99637721,0.05295510589,0.5959978247,0.3177325988,0,-1.221331622,4.404148359,-3.182813162
79.65,-64.99637724,0.05295510564,0.5959978202,0.3177325985,0,-1.221331596,4.404148329,-3.182813173
79.66,-64.99637728,0.0529551054,0.5959978158,0.3177325982,0,-1.221331571,4.404148299,-3.182813183
79.67,-64.99637731,0.05295510516,0.5959978114,0.3177325979,0,-1.221331545,4.40414827,-3.182813194
79.68,-64.99637735,0.05295510491,0.595997807,0.3177325976,0,-1.22133152,4.40414824,-3.182813204
79.69,-64.99637738,0.05295510467,0.5959978026,0.3177325973,0,-1.221331495,4.40414821,-3.182813215
79.7,-64.99637742,0.05295510443,0.5959977982,0.317732597,0,-1.221331469,4.40414818,-3.182813225
79.71,-64.99637745,0.05295510419,0.5959977938,0.3177325967,0,-1.221331444,4.40414815,-3.182813236
79.72,-64.99637749,0.05295510396,0.5959977894,0.3177325964,0,-1.221331419,4.40414812,-3.182813246
79.73,-64.99637752,0.05295510372,0.595997785,0.3177325961,0,-1.221331394,4.40414809,-3.182813257
79.74,-64.99637756,0.05295510348,0.5959977807,0.3177325958,0,-1.221331369,4.404148061,-3.182813267
79.75,-64.99637759,0.05295510325,0.5959977763,0.3177325955,0,-1.221331344,4.404148031,-3.182813277
79.76,-64.99637762,0.05295510301,0.595997772,0.3177325951,0,-1.22133132,4.404148001,-3.182813287
79.77,-64.99637766,0.05295510278,0.5959977676,0.3177325948,0,-1.221331295,4.404147972,-3.182813297
79.78,-64.99637769,0.05295510255,0.5959977633,0.3177325945,0,-1.22133127,4.404147942,-3.182813308
79.79,-64.99637773,0.05295510231,0.5959977589,0.3177325942,0,-1.221331246,4.404147913,-3.182813318
79.8,-64.99637776,0.05295510208,0.5959977546,0.3177325939,0,-1.221331221,4.404147883,-3.182813328
79.81,-64.99637779,0.05295510185,0.5959977503,0.3177325936,0,-1.221331197,4.404147854,-3.182813338
79.82,-64.99637783,0.05295510162,0.595997746,0.3177325933,0,-1.221331172,4.404147824,-3.182813348
79.83,-64.99637786,0.0529551014,0.5959977416,0.317732593,0,-1.221331148,4.404147795,-3.182813358
79.84,-64.99637789,0.05295510117,0.5959977373,0.3177325927,0,-1.221331124,4.404147765,-3.182813367
79.85,-64.99637792,0.05295510094,0.595997733,0.3177325923,0,-1.2213311,4.404147736,-3.182813377
79.86,-64.99637796,0.05295510072,0.5959977288,0.317732592,0,-1.221331076,4.404147707,-3.182813387
79.87,-64.99637799,0.05295510049,0.5959977245,0.3177325917,0,-1.221331052,4.404147677,-3.182813397
79.88,-64.99637802,0.05295510027,0.5959977202,0.3177325914,0,-1.221331028,4.404147648,-3.182813406
79.89,-64.99637805,0.05295510005,0.5959977159,0.3177325911,0,-1.221331004,4.404147619,-3.182813416
79.9,-64.99637808,0.05295509983,0.5959977117,0.3177325908,0,-1.22133098,4.40414759,-3.182813425
79.91,-64.99637812,0.05295509961,0.5959977074,0.3177325905,0,-1.221330957,4.404147561,-3.182813435
79.92,-64.99637815,0.05295509939,0.5959977031,0.3177325901,0,-1.221330933,4.404147532,-3.182813444
79.93,-64.99637818,0.05295509917,0.5959976989,0.3177325898,0,-1.22133091,4.404147503,-3.182813454
79.94,-64.99637821,0.05295509895,0.5959976946,0.3177325895,0,-1.221330886,4.404147474,-3.182813463
79.95,-64.99637824,0.05295509873,0.5959976904,0.3177325892,0,-1.221330863,4.404147445,-3.182813473
79.96,-64.99637827,0.05295509852,0.5959976862,0.3177325889,0,-1.22133084,4.404147416,-3.182813482
79.97,-64.9963783,0.0529550983,0.595997682,0.3177325886,0,-1.221330816,4.404147387,-3.182813491
79.98,-64.99637833,0.05295509809,0.5959976777,0.3177325882,0,-1.221330793,4.404147358,-3.1828135
79.99,-64.99637837,0.05295509788,0.5959976735,0.3177325879,0,-1.22133077,4.404147329,-3.18281351
80,-64.9963784,0.05295509766,0.5959976693,0.3177325876,0,-1.221330747,4.4041473,-3.182813519
80.01,-64.99637843,0.05295509745,0.5959976651,0.3177325873,0,-1.221330724,4.404147272,-3.182813528
80.02,-64.99637846,0.05295509724,0.5959976609,0.317732587,0,-1.221330702,4.404147243,-3.182813537
80.03,-64.99637849,0.05295509703,0.5959976568,0.3177325866,0,-1.221330679,4.404147214,-3.182813546
80.04,-64.99637852,0.05295509683,0.5959976526,0.3177325863,0,-1.221330656,4.404147186,-3.182813555
80.05,-64.99637855,0.05295509662,0.5959976484,0.317732586,0,-1.221330634,4.404147157,-3.182813564
80.06,-64.99637858,0.05295509641,0.5959976442,0.3177325857,0,-1.221330611,4.404147128,-3.182813573
80.07,-64.9963786,0.05295509621,0.5959976401,0.3177325854,0,-1.221330589,4.4041471,-3.182813581
80.08,-64.99637863,0.052955096,0.5959976359,0.3177325851,0,-1.221330566,4.404147072,-3.18281359
80.09,-64.99637866,0.0529550958,0.5959976318,0.3177325847,0,-1.221330544,4.404147043,-3.182813599
80.1,-64.99637869,0.05295509559,0.5959976276,0.3177325844,0,-1.221330522,4.404147015,-3.182813608
80.11,-64.99637872,0.05295509539,0.5959976235,0.3177325841,0,-1.2213305,4.404146986,-3.182813616
80.12,-64.99637875,0.05295509519,0.5959976194,0.3177325838,0,-1.221330478,4.404146958,-3.182813625
80.13,-64.99637878,0.05295509499,0.5959976152,0.3177325835,0,-1.221330456,4.40414693,-3.182813633
80.14,-64.99637881,0.05295509479,0.5959976111,0.3177325831,0,-1.221330434,4.404146902,-3.182813642
80.15,-64.99637883,0.0529550946,0.595997607,0.3177325828,0,-1.221330412,4.404146874,-3.18281365
80.16,-64.99637886,0.0529550944,0.5959976029,0.3177325825,0,-1.22133039,4.404146845,-3.182813659
80.17,-64.99637889,0.0529550942,0.5959975988,0.3177325822,0,-1.221330368,4.404146817,-3.182813667
80.18,-64.99637892,0.05295509401,0.5959975947,0.3177325818,0,-1.221330347,4.404146789,-3.182813675
80.19,-64.99637895,0.05295509381,0.5959975906,0.3177325815,0,-1.221330325,4.404146761,-3.182813684
80.2,-64.99637897,0.05295509362,0.5959975865,0.3177325812,0,-1.221330304,4.404146733,-3.182813692
80.21,-64.996379,0.05295509343,0.5959975825,0.3177325809,0,-1.221330283,4.404146706,-3.1828137
80.22,-64.99637903,0.05295509323,0.5959975784,0.3177325806,0,-1.221330261,4.404146678,-3.182813708
80.23,-64.99637905,0.05295509304,0.5959975743,0.3177325802,0,-1.22133024,4.40414665,-3.182813716
80.24,-64.99637908,0.05295509285,0.5959975703,0.3177325799,0,-1.221330219,4.404146622,-3.182813724
80.25,-64.99637911,0.05295509267,0.5959975662,0.3177325796,0,-1.221330198,4.404146594,-3.182813732
80.26,-64.99637913,0.05295509248,0.5959975622,0.3177325793,0,-1.221330177,4.404146567,-3.18281374
80.27,-64.99637916,0.05295509229,0.5959975581,0.3177325789,0,-1.221330156,4.404146539,-3.182813748
80.28,-64.99637919,0.05295509211,0.5959975541,0.3177325786,0,-1.221330135,4.404146512,-3.182813756
80.29,-64.99637921,0.05295509192,0.5959975501,0.3177325783,0,-1.221330114,4.404146484,-3.182813764
80.3,-64.99637924,0.05295509174,0.595997546,0.317732578,0,-1.221330093,4.404146456,-3.182813772
80.31,-64.99637927,0.05295509155,0.595997542,0.3177325776,0,-1.221330073,4.404146429,-3.18281378
80.32,-64.99637929,0.05295509137,0.595997538,0.3177325773,0,-1.221330052,4.404146402,-3.182813787
80.33,-64.99637932,0.05295509119,0.595997534,0.317732577,0,-1.221330032,4.404146374,-3.182813795
80.34,-64.99637934,0.05295509101,0.59599753,0.3177325767,0,-1.221330011,4.404146347,-3.182813803
80.35,-64.99637937,0.05295509083,0.595997526,0.3177325763,0,-1.221329991,4.40414632,-3.18281381
80.36,-64.99637939,0.05295509065,0.595997522,0.317732576,0,-1.221329971,4.404146293,-3.182813818
80.37,-64.99637942,0.05295509047,0.595997518,0.3177325757,0,-1.221329951,4.404146265,-3.182813825
80.38,-64.99637944,0.0529550903,0.595997514,0.3177325754,0,-1.22132993,4.404146238,-3.182813833
80.39,-64.99637947,0.05295509012,0.5959975101,0.317732575,0,-1.22132991,4.404146211,-3.18281384
80.4,-64.99637949,0.05295508995,0.5959975061,0.3177325747,0,-1.22132989,4.404146184,-3.182813847
80.41,-64.99637952,0.05295508977,0.5959975021,0.3177325744,0,-1.221329871,4.404146157,-3.182813855
80.42,-64.99637954,0.0529550896,0.5959974982,0.3177325741,0,-1.221329851,4.40414613,-3.182813862
80.43,-64.99637956,0.05295508943,0.5959974942,0.3177325737,0,-1.221329831,4.404146103,-3.182813869
80.44,-64.99637959,0.05295508925,0.5959974903,0.3177325734,0,-1.221329811,4.404146077,-3.182813876
80.45,-64.99637961,0.05295508908,0.5959974864,0.3177325731,0,-1.221329792,4.40414605,-3.182813884
80.46,-64.99637964,0.05295508891,0.5959974824,0.3177325728,0,-1.221329772,4.404146023,-3.182813891
80.47,-64.99637966,0.05295508875,0.5959974785,0.3177325724,0,-1.221329753,4.404145996,-3.182813898
80.48,-64.99637968,0.05295508858,0.5959974746,0.3177325721,0,-1.221329733,4.40414597,-3.182813905
80.49,-64.99637971,0.05295508841,0.5959974707,0.3177325718,0,-1.221329714,4.404145943,-3.182813912
80.5,-64.99637973,0.05295508825,0.5959974667,0.3177325715,0,-1.221329695,4.404145917,-3.182813919
80.51,-64.99637975,0.05295508808,0.5959974628,0.3177325711,0,-1.221329676,4.40414589,-3.182813925
80.52,-64.99637977,0.05295508792,0.5959974589,0.3177325708,0,-1.221329656,4.404145864,-3.182813932
80.53,-64.9963798,0.05295508775,0.595997455,0.3177325705,0,-1.221329637,4.404145837,-3.182813939
80.54,-64.99637982,0.05295508759,0.5959974512,0.3177325702,0,-1.221329618,4.404145811,-3.182813946
80.55,-64.99637984,0.05295508743,0.5959974473,0.3177325698,0,-1.2213296,4.404145785,-3.182813953
80.56,-64.99637986,0.05295508727,0.5959974434,0.3177325695,0,-1.221329581,4.404145758,-3.182813959
80.57,-64.99637989,0.05295508711,0.5959974395,0.3177325692,0,-1.221329562,4.404145732,-3.182813966
80.58,-64.99637991,0.05295508695,0.5959974357,0.3177325689,0,-1.221329543,4.404145706,-3.182813973
80.59,-64.99637993,0.0529550868,0.5959974318,0.3177325685,0,-1.221329525,4.40414568,-3.182813979
80.6,-64.99637995,0.05295508664,0.5959974279,0.3177325682,0,-1.221329506,4.404145654,-3.182813986
80.61,-64.99637997,0.05295508648,0.5959974241,0.3177325679,0,-1.221329488,4.404145628,-3.182813992
80.62,-64.99637999,0.05295508633,0.5959974202,0.3177325676,0,-1.221329469,4.404145602,-3.182813998
80.63,-64.99638002,0.05295508617,0.5959974164,0.3177325672,0,-1.221329451,4.404145576,-3.182814005
80.64,-64.99638004,0.05295508602,0.5959974126,0.3177325669,0,-1.221329433,4.40414555,-3.182814011
80.65,-64.99638006,0.05295508587,0.5959974087,0.3177325666,0,-1.221329415,4.404145525,-3.182814017
80.66,-64.99638008,0.05295508572,0.5959974049,0.3177325663,0,-1.221329397,4.404145499,-3.182814024
80.67,-64.9963801,0.05295508557,0.5959974011,0.3177325659,0,-1.221329379,4.404145473,-3.18281403
80.68,-64.99638012,0.05295508542,0.5959973973,0.3177325656,0,-1.221329361,4.404145448,-3.182814036
80.69,-64.99638014,0.05295508527,0.5959973935,0.3177325653,0,-1.221329343,4.404145422,-3.182814042
80.7,-64.99638016,0.05295508512,0.5959973897,0.3177325649,0,-1.221329325,4.404145396,-3.182814048
80.71,-64.99638018,0.05295508497,0.5959973859,0.3177325646,0,-1.221329307,4.404145371,-3.182814054
80.72,-64.9963802,0.05295508483,0.5959973821,0.3177325643,0,-1.22132929,4.404145346,-3.18281406
80.73,-64.99638022,0.05295508468,0.5959973783,0.317732564,0,-1.221329272,4.40414532,-3.182814066
80.74,-64.99638024,0.05295508454,0.5959973745,0.3177325636,0,-1.221329255,4.404145295,-3.182814072
80.75,-64.99638026,0.05295508439,0.5959973707,0.3177325633,0,-1.221329237,4.40414527,-3.182814078
80.76,-64.99638028,0.05295508425,0.595997367,0.317732563,0,-1.22132922,4.404145244,-3.182814084
80.77,-64.9963803,0.05295508411,0.5959973632,0.3177325627,0,-1.221329202,4.404145219,-3.18281409
80.78,-64.99638032,0.05295508397,0.5959973594,0.3177325623,0,-1.221329185,4.404145194,-3.182814096
80.79,-64.99638034,0.05295508383,0.5959973557,0.317732562,0,-1.221329168,4.404145169,-3.182814101
80.8,-64.99638036,0.05295508369,0.5959973519,0.3177325617,0,-1.221329151,4.404145144,-3.182814107
80.81,-64.99638038,0.05295508355,0.5959973482,0.3177325614,0,-1.221329134,4.404145119,-3.182814113
80.82,-64.99638039,0.05295508342,0.5959973444,0.317732561,0,-1.221329117,4.404145094,-3.182814118
80.83,-64.99638041,0.05295508328,0.5959973407,0.3177325607,0,-1.2213291,4.404145069,-3.182814124
80.84,-64.99638043,0.05295508314,0.595997337,0.3177325604,0,-1.221329083,4.404145045,-3.182814129
80.85,-64.99638045,0.05295508301,0.5959973333,0.3177325601,0,-1.221329066,4.40414502,-3.182814135
80.86,-64.99638047,0.05295508288,0.5959973295,0.3177325597,0,-1.22132905,4.404144995,-3.18281414
80.87,-64.99638049,0.05295508274,0.5959973258,0.3177325594,0,-1.221329033,4.404144971,-3.182814146
80.88,-64.9963805,0.05295508261,0.5959973221,0.3177325591,0,-1.221329017,4.404144946,-3.182814151
80.89,-64.99638052,0.05295508248,0.5959973184,0.3177325588,0,-1.221329,4.404144922,-3.182814156
80.9,-64.99638054,0.05295508235,0.5959973147,0.3177325584,0,-1.221328984,4.404144897,-3.182814162
80.91,-64.99638056,0.05295508222,0.595997311,0.3177325581,0,-1.221328967,4.404144873,-3.182814167
80.92,-64.99638057,0.05295508209,0.5959973073,0.3177325578,0,-1.221328951,4.404144848,-3.182814172
80.93,-64.99638059,0.05295508196,0.5959973036,0.3177325575,0,-1.221328935,4.404144824,-3.182814177
80.94,-64.99638061,0.05295508184,0.5959973,0.3177325571,0,-1.221328919,4.4041448,-3.182814182
80.95,-64.99638062,0.05295508171,0.5959972963,0.3177325568,0,-1.221328903,4.404144776,-3.182814187
80.96,-64.99638064,0.05295508159,0.5959972926,0.3177325565,0,-1.221328887,4.404144752,-3.182814192
80.97,-64.99638066,0.05295508146,0.595997289,0.3177325562,0,-1.221328871,4.404144728,-3.182814197
80.98,-64.99638067,0.05295508134,0.5959972853,0.3177325558,0,-1.221328855,4.404144704,-3.182814202
80.99,-64.99638069,0.05295508122,0.5959972816,0.3177325555,0,-1.221328839,4.40414468,-3.182814207
81,-64.99638071,0.05295508109,0.595997278,0.3177325552,0,-1.221328823,4.404144656,-3.182814212
81.01,-64.99638072,0.05295508097,0.5959972744,0.3177325549,0,-1.221328808,4.404144632,-3.182814217
81.02,-64.99638074,0.05295508085,0.5959972707,0.3177325546,0,-1.221328792,4.404144608,-3.182814222
81.03,-64.99638076,0.05295508073,0.5959972671,0.3177325542,0,-1.221328777,4.404144584,-3.182814227
81.04,-64.99638077,0.05295508062,0.5959972635,0.3177325539,0,-1.221328761,4.404144561,-3.182814231
81.05,-64.99638079,0.0529550805,0.5959972598,0.3177325536,0,-1.221328746,4.404144537,-3.182814236
81.06,-64.9963808,0.05295508038,0.5959972562,0.3177325533,0,-1.221328731,4.404144513,-3.182814241
81.07,-64.99638082,0.05295508027,0.5959972526,0.3177325529,0,-1.221328715,4.40414449,-3.182814245
81.08,-64.99638083,0.05295508015,0.595997249,0.3177325526,0,-1.2213287,4.404144466,-3.18281425
81.09,-64.99638085,0.05295508004,0.5959972454,0.3177325523,0,-1.221328685,4.404144443,-3.182814254
81.1,-64.99638086,0.05295507992,0.5959972418,0.317732552,0,-1.22132867,4.40414442,-3.182814259
81.11,-64.99638088,0.05295507981,0.5959972382,0.3177325517,0,-1.221328655,4.404144396,-3.182814263
81.12,-64.99638089,0.0529550797,0.5959972346,0.3177325513,0,-1.22132864,4.404144373,-3.182814268
81.13,-64.99638091,0.05295507959,0.595997231,0.317732551,0,-1.221328625,4.40414435,-3.182814272
81.14,-64.99638092,0.05295507948,0.5959972274,0.3177325507,0,-1.22132861,4.404144327,-3.182814276
81.15,-64.99638094,0.05295507937,0.5959972239,0.3177325504,0,-1.221328596,4.404144304,-3.182814281
81.16,-64.99638095,0.05295507926,0.5959972203,0.31773255,0,-1.221328581,4.404144281,-3.182814285
81.17,-64.99638096,0.05295507915,0.5959972167,0.3177325497,0,-1.221328566,4.404144258,-3.182814289
81.18,-64.99638098,0.05295507905,0.5959972132,0.3177325494,0,-1.221328552,4.404144235,-3.182814293
81.19,-64.99638099,0.05295507894,0.5959972096,0.3177325491,0,-1.221328537,4.404144212,-3.182814297
81.2,-64.99638101,0.05295507884,0.595997206,0.3177325488,0,-1.221328523,4.404144189,-3.182814302
81.21,-64.99638102,0.05295507873,0.5959972025,0.3177325484,0,-1.221328509,4.404144167,-3.182814306
81.22,-64.99638103,0.05295507863,0.595997199,0.3177325481,0,-1.221328494,4.404144144,-3.18281431
81.23,-64.99638105,0.05295507853,0.5959971954,0.3177325478,0,-1.22132848,4.404144121,-3.182814314
81.24,-64.99638106,0.05295507842,0.5959971919,0.3177325475,0,-1.221328466,4.404144099,-3.182814318
81.25,-64.99638107,0.05295507832,0.5959971884,0.3177325472,0,-1.221328452,4.404144076,-3.182814322
81.26,-64.99638109,0.05295507822,0.5959971848,0.3177325468,0,-1.221328438,4.404144054,-3.182814326
81.27,-64.9963811,0.05295507812,0.5959971813,0.3177325465,0,-1.221328424,4.404144032,-3.182814329
81.28,-64.99638111,0.05295507803,0.5959971778,0.3177325462,0,-1.22132841,4.404144009,-3.182814333
81.29,-64.99638112,0.05295507793,0.5959971743,0.3177325459,0,-1.221328396,4.404143987,-3.182814337
81.3,-64.99638114,0.05295507783,0.5959971708,0.3177325456,0,-1.221328383,4.404143965,-3.182814341
81.31,-64.99638115,0.05295507774,0.5959971673,0.3177325453,0,-1.221328369,4.404143943,-3.182814344
81.32,-64.99638116,0.05295507764,0.5959971638,0.3177325449,0,-1.221328355,4.404143921,-3.182814348
81.33,-64.99638117,0.05295507755,0.5959971603,0.3177325446,0,-1.221328342,4.404143898,-3.182814352
81.34,-64.99638118,0.05295507745,0.5959971568,0.3177325443,0,-1.221328328,4.404143877,-3.182814355
81.35,-64.9963812,0.05295507736,0.5959971533,0.317732544,0,-1.221328315,4.404143855,-3.182814359
81.36,-64.99638121,0.05295507727,0.5959971499,0.3177325437,0,-1.221328301,4.404143833,-3.182814362
81.37,-64.99638122,0.05295507718,0.5959971464,0.3177325434,0,-1.221328288,4.404143811,-3.182814366
81.38,-64.99638123,0.05295507709,0.5959971429,0.317732543,0,-1.221328275,4.404143789,-3.182814369
81.39,-64.99638124,0.052955077,0.5959971394,0.3177325427,0,-1.221328262,4.404143768,-3.182814373
81.4,-64.99638125,0.05295507691,0.595997136,0.3177325424,0,-1.221328249,4.404143746,-3.182814376
81.41,-64.99638126,0.05295507682,0.5959971325,0.3177325421,0,-1.221328235,4.404143724,-3.182814379
81.42,-64.99638128,0.05295507673,0.5959971291,0.3177325418,0,-1.221328222,4.404143703,-3.182814383
81.43,-64.99638129,0.05295507664,0.5959971256,0.3177325415,0,-1.22132821,4.404143681,-3.182814386
81.44,-64.9963813,0.05295507656,0.5959971222,0.3177325412,0,-1.221328197,4.40414366,-3.182814389
81.45,-64.99638131,0.05295507647,0.5959971188,0.3177325408,0,-1.221328184,4.404143639,-3.182814393
81.46,-64.99638132,0.05295507639,0.5959971153,0.3177325405,0,-1.221328171,4.404143617,-3.182814396
81.47,-64.99638133,0.05295507631,0.5959971119,0.3177325402,0,-1.221328158,4.404143596,-3.182814399
81.48,-64.99638134,0.05295507622,0.5959971085,0.3177325399,0,-1.221328146,4.404143575,-3.182814402
81.49,-64.99638135,0.05295507614,0.5959971051,0.3177325396,0,-1.221328133,4.404143554,-3.182814405
81.5,-64.99638136,0.05295507606,0.5959971016,0.3177325393,0,-1.221328121,4.404143533,-3.182814408
81.51,-64.99638137,0.05295507598,0.5959970982,0.317732539,0,-1.221328108,4.404143512,-3.182814411
81.52,-64.99638138,0.0529550759,0.5959970948,0.3177325386,0,-1.221328096,4.404143491,-3.182814414
81.53,-64.99638139,0.05295507582,0.5959970914,0.3177325383,0,-1.221328084,4.40414347,-3.182814417
81.54,-64.9963814,0.05295507574,0.595997088,0.317732538,0,-1.221328071,4.404143449,-3.18281442
81.55,-64.99638141,0.05295507567,0.5959970846,0.3177325377,0,-1.221328059,4.404143429,-3.182814423
81.56,-64.99638142,0.05295507559,0.5959970812,0.3177325374,0,-1.221328047,4.404143408,-3.182814425
81.57,-64.99638143,0.05295507551,0.5959970779,0.3177325371,0,-1.221328035,4.404143387,-3.182814428
81.58,-64.99638144,0.05295507544,0.5959970745,0.3177325368,0,-1.221328023,4.404143367,-3.182814431
81.59,-64.99638145,0.05295507536,0.5959970711,0.3177325365,0,-1.221328011,4.404143346,-3.182814434
81.6,-64.99638145,0.05295507529,0.5959970677,0.3177325362,0,-1.221327999,4.404143326,-3.182814436
81.61,-64.99638146,0.05295507522,0.5959970644,0.3177325359,0,-1.221327987,4.404143305,-3.182814439
81.62,-64.99638147,0.05295507514,0.595997061,0.3177325355,0,-1.221327975,4.404143285,-3.182814442
81.63,-64.99638148,0.05295507507,0.5959970576,0.3177325352,0,-1.221327964,4.404143265,-3.182814444
81.64,-64.99638149,0.052955075,0.5959970543,0.3177325349,0,-1.221327952,4.404143244,-3.182814447
81.65,-64.9963815,0.05295507493,0.5959970509,0.3177325346,0,-1.22132794,4.404143224,-3.182814449
81.66,-64.99638151,0.05295507486,0.5959970476,0.3177325343,0,-1.221327929,4.404143204,-3.182814452
81.67,-64.99638151,0.05295507479,0.5959970443,0.317732534,0,-1.221327917,4.404143184,-3.182814454
81.68,-64.99638152,0.05295507473,0.5959970409,0.3177325337,0,-1.221327906,4.404143164,-3.182814457
81.69,-64.99638153,0.05295507466,0.5959970376,0.3177325334,0,-1.221327894,4.404143144,-3.182814459
81.7,-64.99638154,0.05295507459,0.5959970343,0.3177325331,0,-1.221327883,4.404143124,-3.182814461
81.71,-64.99638155,0.05295507453,0.5959970309,0.3177325328,0,-1.221327872,4.404143104,-3.182814464
81.72,-64.99638155,0.05295507446,0.5959970276,0.3177325325,0,-1.221327861,4.404143085,-3.182814466
81.73,-64.99638156,0.0529550744,0.5959970243,0.3177325322,0,-1.221327849,4.404143065,-3.182814468
81.74,-64.99638157,0.05295507434,0.595997021,0.3177325319,0,-1.221327838,4.404143045,-3.182814471
81.75,-64.99638158,0.05295507427,0.5959970177,0.3177325316,0,-1.221327827,4.404143026,-3.182814473
81.76,-64.99638158,0.05295507421,0.5959970144,0.3177325312,0,-1.221327816,4.404143006,-3.182814475
81.77,-64.99638159,0.05295507415,0.5959970111,0.3177325309,0,-1.221327805,4.404142987,-3.182814477
81.78,-64.9963816,0.05295507409,0.5959970078,0.3177325306,0,-1.221327795,4.404142967,-3.182814479
81.79,-64.9963816,0.05295507403,0.5959970045,0.3177325303,0,-1.221327784,4.404142948,-3.182814481
81.8,-64.99638161,0.05295507397,0.5959970012,0.31773253,0,-1.221327773,4.404142929,-3.182814483
81.81,-64.99638162,0.05295507391,0.5959969979,0.3177325297,0,-1.221327762,4.40414291,-3.182814485
81.82,-64.99638162,0.05295507385,0.5959969947,0.3177325294,0,-1.221327752,4.40414289,-3.182814487
81.83,-64.99638163,0.0529550738,0.5959969914,0.3177325291,0,-1.221327741,4.404142871,-3.182814489
81.84,-64.99638164,0.05295507374,0.5959969881,0.3177325288,0,-1.221327731,4.404142852,-3.182814491
81.85,-64.99638164,0.05295507369,0.5959969848,0.3177325285,0,-1.22132772,4.404142833,-3.182814493
81.86,-64.99638165,0.05295507363,0.5959969816,0.3177325282,0,-1.22132771,4.404142814,-3.182814495
81.87,-64.99638166,0.05295507358,0.5959969783,0.3177325279,0,-1.221327699,4.404142796,-3.182814497
81.88,-64.99638166,0.05295507352,0.5959969751,0.3177325276,0,-1.221327689,4.404142777,-3.182814498
81.89,-64.99638167,0.05295507347,0.5959969718,0.3177325273,0,-1.221327679,4.404142758,-3.1828145
81.9,-64.99638167,0.05295507342,0.5959969686,0.317732527,0,-1.221327669,4.404142739,-3.182814502
81.91,-64.99638168,0.05295507337,0.5959969653,0.3177325267,0,-1.221327658,4.404142721,-3.182814504
81.92,-64.99638168,0.05295507332,0.5959969621,0.3177325264,0,-1.221327648,4.404142702,-3.182814505
81.93,-64.99638169,0.05295507327,0.5959969589,0.3177325261,0,-1.221327638,4.404142684,-3.182814507
81.94,-64.99638169,0.05295507322,0.5959969556,0.3177325258,0,-1.221327628,4.404142665,-3.182814508
81.95,-64.9963817,0.05295507317,0.5959969524,0.3177325255,0,-1.221327618,4.404142647,-3.18281451
81.96,-64.99638171,0.05295507312,0.5959969492,0.3177325252,0,-1.221327609,4.404142628,-3.182814512
81.97,-64.99638171,0.05295507307,0.595996946,0.3177325249,0,-1.221327599,4.40414261,-3.182814513
81.98,-64.99638172,0.05295507303,0.5959969428,0.3177325246,0,-1.221327589,4.404142592,-3.182814515
81.99,-64.99638172,0.05295507298,0.5959969395,0.3177325244,0,-1.221327579,4.404142574,-3.182814516
82,-64.99638172,0.05295507293,0.5959969363,0.3177325241,0,-1.22132757,4.404142556,-3.182814517
82.01,-64.99638173,0.05295507289,0.5959969331,0.3177325238,0,-1.22132756,4.404142538,-3.182814519
82.02,-64.99638173,0.05295507285,0.5959969299,0.3177325235,0,-1.22132755,4.40414252,-3.18281452
82.03,-64.99638174,0.0529550728,0.5959969268,0.3177325232,0,-1.221327541,4.404142502,-3.182814521
82.04,-64.99638174,0.05295507276,0.5959969236,0.3177325229,0,-1.221327532,4.404142484,-3.182814523
82.05,-64.99638175,0.05295507272,0.5959969204,0.3177325226,0,-1.221327522,4.404142466,-3.182814524
82.06,-64.99638175,0.05295507268,0.5959969172,0.3177325223,0,-1.221327513,4.404142448,-3.182814525
82.07,-64.99638176,0.05295507264,0.595996914,0.317732522,0,-1.221327504,4.404142431,-3.182814527
82.08,-64.99638176,0.0529550726,0.5959969108,0.3177325217,0,-1.221327494,4.404142413,-3.182814528
82.09,-64.99638176,0.05295507256,0.5959969077,0.3177325214,0,-1.221327485,4.404142395,-3.182814529
82.1,-64.99638177,0.05295507252,0.5959969045,0.3177325211,0,-1.221327476,4.404142378,-3.18281453
82.11,-64.99638177,0.05295507248,0.5959969013,0.3177325208,0,-1.221327467,4.40414236,-3.182814531
82.12,-64.99638177,0.05295507244,0.5959968982,0.3177325205,0,-1.221327458,4.404142343,-3.182814532
82.13,-64.99638178,0.05295507241,0.595996895,0.3177325203,0,-1.221327449,4.404142326,-3.182814533
82.14,-64.99638178,0.05295507237,0.5959968919,0.31773252,0,-1.22132744,4.404142308,-3.182814534
82.15,-64.99638178,0.05295507233,0.5959968887,0.3177325197,0,-1.221327431,4.404142291,-3.182814535
82.16,-64.99638179,0.0529550723,0.5959968856,0.3177325194,0,-1.221327422,4.404142274,-3.182814536
82.17,-64.99638179,0.05295507226,0.5959968825,0.3177325191,0,-1.221327413,4.404142257,-3.182814537
82.18,-64.99638179,0.05295507223,0.5959968793,0.3177325188,0,-1.221327405,4.40414224,-3.182814538
82.19,-64.9963818,0.0529550722,0.5959968762,0.3177325185,0,-1.221327396,4.404142223,-3.182814539
82.2,-64.9963818,0.05295507216,0.5959968731,0.3177325182,0,-1.221327387,4.404142206,-3.18281454
82.21,-64.9963818,0.05295507213,0.5959968699,0.317732518,0,-1.221327379,4.404142189,-3.182814541
82.22,-64.9963818,0.0529550721,0.5959968668,0.3177325177,0,-1.22132737,4.404142172,-3.182814541
82.23,-64.99638181,0.05295507207,0.5959968637,0.3177325174,0,-1.221327362,4.404142156,-3.182814542
82.24,-64.99638181,0.05295507204,0.5959968606,0.3177325171,0,-1.221327353,4.404142139,-3.182814543
82.25,-64.99638181,0.05295507201,0.5959968575,0.3177325168,0,-1.221327345,4.404142122,-3.182814544
82.26,-64.99638181,0.05295507198,0.5959968544,0.3177325165,0,-1.221327337,4.404142106,-3.182814544
82.27,-64.99638182,0.05295507196,0.5959968513,0.3177325163,0,-1.221327328,4.404142089,-3.182814545
82.28,-64.99638182,0.05295507193,0.5959968482,0.317732516,0,-1.22132732,4.404142073,-3.182814546
82.29,-64.99638182,0.0529550719,0.5959968451,0.3177325157,0,-1.221327312,4.404142056,-3.182814546
82.3,-64.99638182,0.05295507187,0.595996842,0.3177325154,0,-1.221327304,4.40414204,-3.182814547
82.31,-64.99638182,0.05295507185,0.5959968389,0.3177325151,0,-1.221327296,4.404142024,-3.182814547
82.32,-64.99638183,0.05295507182,0.5959968358,0.3177325148,0,-1.221327288,4.404142007,-3.182814548
82.33,-64.99638183,0.0529550718,0.5959968327,0.3177325146,0,-1.22132728,4.404141991,-3.182814548
82.34,-64.99638183,0.05295507178,0.5959968297,0.3177325143,0,-1.221327272,4.404141975,-3.182814549
82.35,-64.99638183,0.05295507175,0.5959968266,0.317732514,0,-1.221327264,4.404141959,-3.182814549
82.36,-64.99638183,0.05295507173,0.5959968235,0.3177325137,0,-1.221327256,4.404141943,-3.18281455
82.37,-64.99638183,0.05295507171,0.5959968205,0.3177325134,0,-1.221327248,4.404141927,-3.18281455
82.38,-64.99638183,0.05295507169,0.5959968174,0.3177325132,0,-1.221327241,4.404141911,-3.18281455
82.39,-64.99638184,0.05295507166,0.5959968143,0.3177325129,0,-1.221327233,4.404141895,-3.182814551
82.4,-64.99638184,0.05295507164,0.5959968113,0.3177325126,0,-1.221327225,4.40414188,-3.182814551
82.41,-64.99638184,0.05295507162,0.5959968082,0.3177325123,0,-1.221327218,4.404141864,-3.182814551
82.42,-64.99638184,0.0529550716,0.5959968052,0.3177325121,0,-1.22132721,4.404141848,-3.182814552
82.43,-64.99638184,0.05295507159,0.5959968021,0.3177325118,0,-1.221327202,4.404141833,-3.182814552
82.44,-64.99638184,0.05295507157,0.5959967991,0.3177325115,0,-1.221327195,4.404141817,-3.182814552
82.45,-64.99638184,0.05295507155,0.5959967961,0.3177325112,0,-1.221327188,4.404141802,-3.182814552
82.46,-64.99638184,0.05295507153,0.595996793,0.317732511,0,-1.22132718,4.404141786,-3.182814553
82.47,-64.99638184,0.05295507152,0.59599679,0.3177325107,0,-1.221327173,4.404141771,-3.182814553
82.48,-64.99638184,0.0529550715,0.595996787,0.3177325104,0,-1.221327166,4.404141755,-3.182814553
82.49,-64.99638184,0.05295507149,0.595996784,0.3177325101,0,-1.221327158,4.40414174,-3.182814553
82.5,-64.99638184,0.05295507147,0.5959967809,0.3177325099,0,-1.221327151,4.404141725,-3.182814553
82.51,-64.99638184,0.05295507146,0.5959967779,0.3177325096,0,-1.221327144,4.40414171,-3.182814553
82.52,-64.99638184,0.05295507144,0.5959967749,0.3177325093,0,-1.221327137,4.404141695,-3.182814553
82.53,-64.99638184,0.05295507143,0.5959967719,0.317732509,0,-1.22132713,4.40414168,-3.182814553
82.54,-64.99638184,0.05295507142,0.5959967689,0.3177325088,0,-1.221327123,4.404141665,-3.182814553
82.55,-64.99638184,0.05295507141,0.5959967659,0.3177325085,0,-1.221327116,4.40414165,-3.182814553
82.56,-64.99638184,0.05295507139,0.5959967629,0.3177325082,0,-1.221327109,4.404141635,-3.182814553
82.57,-64.99638184,0.05295507138,0.5959967599,0.317732508,0,-1.221327102,4.40414162,-3.182814553
82.58,-64.99638184,0.05295507137,0.5959967569,0.3177325077,0,-1.221327095,4.404141605,-3.182814553
82.59,-64.99638184,0.05295507136,0.5959967539,0.3177325074,0,-1.221327088,4.404141591,-3.182814553
82.6,-64.99638184,0.05295507135,0.595996751,0.3177325072,0,-1.221327082,4.404141576,-3.182814552
82.61,-64.99638184,0.05295507134,0.595996748,0.3177325069,0,-1.221327075,4.404141562,-3.182814552
82.62,-64.99638184,0.05295507134,0.595996745,0.3177325066,0,-1.221327068,4.404141547,-3.182814552
82.63,-64.99638184,0.05295507133,0.595996742,0.3177325064,0,-1.221327062,4.404141533,-3.182814552
82.64,-64.99638184,0.05295507132,0.5959967391,0.3177325061,0,-1.221327055,4.404141518,-3.182814552
82.65,-64.99638184,0.05295507132,0.5959967361,0.3177325058,0,-1.221327048,4.404141504,-3.182814551
82.66,-64.99638184,0.05295507131,0.5959967331,0.3177325056,0,-1.221327042,4.40414149,-3.182814551
82.67,-64.99638184,0.0529550713,0.5959967302,0.3177325053,0,-1.221327035,4.404141475,-3.182814551
82.68,-64.99638183,0.0529550713,0.5959967272,0.317732505,0,-1.221327029,4.404141461,-3.18281455
82.69,-64.99638183,0.05295507129,0.5959967243,0.3177325048,0,-1.221327023,4.404141447,-3.18281455
82.7,-64.99638183,0.05295507129,0.5959967213,0.3177325045,0,-1.221327016,4.404141433,-3.18281455
82.71,-64.99638183,0.05295507129,0.5959967184,0.3177325043,0,-1.22132701,4.404141419,-3.182814549
82.72,-64.99638183,0.05295507128,0.5959967154,0.317732504,0,-1.221327004,4.404141405,-3.182814549
82.73,-64.99638183,0.05295507128,0.5959967125,0.3177325037,0,-1.221326998,4.404141391,-3.182814548
82.74,-64.99638183,0.05295507128,0.5959967096,0.3177325035,0,-1.221326991,4.404141377,-3.182814548
82.75,-64.99638182,0.05295507128,0.5959967066,0.3177325032,0,-1.221326985,4.404141363,-3.182814547
82.76,-64.99638182,0.05295507128,0.5959967037,0.317732503,0,-1.221326979,4.40414135,-3.182814547
82.77,-64.99638182,0.05295507128,0.5959967008,0.3177325027,0,-1.221326973,4.404141336,-3.182814546
82.78,-64.99638182,0.05295507128,0.5959966979,0.3177325024,0,-1.221326967,4.404141322,-3.182814546
82.79,-64.99638182,0.05295507128,0.5959966949,0.3177325022,0,-1.221326961,4.404141309,-3.182814545
82.8,-64.99638181,0.05295507128,0.595996692,0.3177325019,0,-1.221326955,4.404141295,-3.182814544
82.81,-64.99638181,0.05295507128,0.5959966891,0.3177325017,0,-1.221326949,4.404141282,-3.182814544
82.82,-64.99638181,0.05295507128,0.5959966862,0.3177325014,0,-1.221326943,4.404141268,-3.182814543
82.83,-64.99638181,0.05295507128,0.5959966833,0.3177325012,0,-1.221326938,4.404141255,-3.182814543
82.84,-64.99638181,0.05295507129,0.5959966804,0.3177325009,0,-1.221326932,4.404141242,-3.182814542
82.85,-64.9963818,0.05295507129,0.5959966775,0.3177325006,0,-1.221326926,4.404141228,-3.182814541
82.86,-64.9963818,0.05295507129,0.5959966746,0.3177325004,0,-1.22132692,4.404141215,-3.18281454
82.87,-64.9963818,0.0529550713,0.5959966717,0.3177325001,0,-1.221326915,4.404141202,-3.18281454
82.88,-64.9963818,0.0529550713,0.5959966688,0.3177324999,0,-1.221326909,4.404141189,-3.182814539
82.89,-64.99638179,0.05295507131,0.5959966659,0.3177324996,0,-1.221326904,4.404141176,-3.182814538
82.9,-64.99638179,0.05295507131,0.5959966631,0.3177324994,0,-1.221326898,4.404141163,-3.182814537
82.91,-64.99638179,0.05295507132,0.5959966602,0.3177324991,0,-1.221326893,4.40414115,-3.182814536
82.92,-64.99638179,0.05295507133,0.5959966573,0.3177324989,0,-1.221326887,4.404141137,-3.182814536
82.93,-64.99638178,0.05295507133,0.5959966544,0.3177324986,0,-1.221326882,4.404141124,-3.182814535
82.94,-64.99638178,0.05295507134,0.5959966516,0.3177324984,0,-1.221326876,4.404141112,-3.182814534
82.95,-64.99638178,0.05295507135,0.5959966487,0.3177324981,0,-1.221326871,4.404141099,-3.182814533
82.96,-64.99638177,0.05295507136,0.5959966458,0.3177324979,0,-1.221326866,4.404141086,-3.182814532
82.97,-64.99638177,0.05295507137,0.595996643,0.3177324976,0,-1.22132686,4.404141074,-3.182814531
82.98,-64.99638177,0.05295507138,0.5959966401,0.3177324974,0,-1.221326855,4.404141061,-3.18281453
82.99,-64.99638176,0.05295507139,0.5959966373,0.3177324971,0,-1.22132685,4.404141049,-3.182814529
83,-64.99638176,0.0529550714,0.5959966344,0.3177324969,0,-1.221326845,4.404141036,-3.182814528
83.01,-64.99638176,0.05295507141,0.5959966316,0.3177324966,0,-1.22132684,4.404141024,-3.182814527
83.02,-64.99638175,0.05295507142,0.5959966287,0.3177324964,0,-1.221326835,4.404141011,-3.182814526
83.03,-64.99638175,0.05295507143,0.5959966259,0.3177324962,0,-1.22132683,4.404140999,-3.182814525
83.04,-64.99638175,0.05295507144,0.5959966231,0.3177324959,0,-1.221326825,4.404140987,-3.182814524
83.05,-64.99638174,0.05295507145,0.5959966202,0.3177324957,0,-1.22132682,4.404140975,-3.182814523
83.06,-64.99638174,0.05295507147,0.5959966174,0.3177324954,0,-1.221326815,4.404140963,-3.182814522
83.07,-64.99638174,0.05295507148,0.5959966146,0.3177324952,0,-1.22132681,4.404140951,-3.182814521
83.08,-64.99638173,0.05295507149,0.5959966118,0.3177324949,0,-1.221326805,4.404140939,-3.18281452
83.09,-64.99638173,0.05295507151,0.5959966089,0.3177324947,0,-1.2213268,4.404140927,-3.182814518
83.1,-64.99638172,0.05295507152,0.5959966061,0.3177324945,0,-1.221326795,4.404140915,-3.182814517
83.11,-64.99638172,0.05295507154,0.5959966033,0.3177324942,0,-1.22132679,4.404140903,-3.182814516
83.12,-64.99638172,0.05295507155,0.5959966005,0.317732494,0,-1.221326786,4.404140891,-3.182814515
83.13,-64.99638171,0.05295507157,0.5959965977,0.3177324937,0,-1.221326781,4.404140879,-3.182814513
83.14,-64.99638171,0.05295507159,0.5959965949,0.3177324935,0,-1.221326776,4.404140868,-3.182814512
83.15,-64.9963817,0.0529550716,0.5959965921,0.3177324933,0,-1.221326772,4.404140856,-3.182814511
83.16,-64.9963817,0.05295507162,0.5959965893,0.317732493,0,-1.221326767,4.404140844,-3.18281451
83.17,-64.99638169,0.05295507164,0.5959965865,0.3177324928,0,-1.221326763,4.404140833,-3.182814508
83.18,-64.99638169,0.05295507165,0.5959965837,0.3177324925,0,-1.221326758,4.404140821,-3.182814507
83.19,-64.99638169,0.05295507167,0.5959965809,0.3177324923,0,-1.221326754,4.40414081,-3.182814506
83.2,-64.99638168,0.05295507169,0.5959965781,0.3177324921,0,-1.221326749,4.404140798,-3.182814504
83.21,-64.99638168,0.05295507171,0.5959965753,0.3177324918,0,-1.221326745,4.404140787,-3.182814503
83.22,-64.99638167,0.05295507173,0.5959965726,0.3177324916,0,-1.22132674,4.404140776,-3.182814502
83.23,-64.99638167,0.05295507175,0.5959965698,0.3177324914,0,-1.221326736,4.404140765,-3.1828145
83.24,-64.99638166,0.05295507177,0.595996567,0.3177324911,0,-1.221326732,4.404140753,-3.182814499
83.25,-64.99638166,0.05295507179,0.5959965642,0.3177324909,0,-1.221326727,4.404140742,-3.182814497
83.26,-64.99638165,0.05295507181,0.5959965615,0.3177324907,0,-1.221326723,4.404140731,-3.182814496
83.27,-64.99638165,0.05295507183,0.5959965587,0.3177324904,0,-1.221326719,4.40414072,-3.182814494
83.28,-64.99638164,0.05295507186,0.5959965559,0.3177324902,0,-1.221326715,4.404140709,-3.182814493
83.29,-64.99638164,0.05295507188,0.5959965532,0.31773249,0,-1.22132671,4.404140698,-3.182814491
83.3,-64.99638163,0.0529550719,0.5959965504,0.3177324898,0,-1.221326706,4.404140687,-3.18281449
83.31,-64.99638163,0.05295507192,0.5959965477,0.3177324895,0,-1.221326702,4.404140677,-3.182814488
83.32,-64.99638162,0.05295507195,0.5959965449,0.3177324893,0,-1.221326698,4.404140666,-3.182814487
83.33,-64.99638162,0.05295507197,0.5959965422,0.3177324891,0,-1.221326694,4.404140655,-3.182814485
83.34,-64.99638161,0.052955072,0.5959965394,0.3177324888,0,-1.22132669,4.404140644,-3.182814484
83.35,-64.99638161,0.05295507202,0.5959965367,0.3177324886,0,-1.221326686,4.404140634,-3.182814482
83.36,-64.9963816,0.05295507204,0.595996534,0.3177324884,0,-1.221326682,4.404140623,-3.18281448
83.37,-64.9963816,0.05295507207,0.5959965312,0.3177324882,0,-1.221326678,4.404140613,-3.182814479
83.38,-64.99638159,0.0529550721,0.5959965285,0.3177324879,0,-1.221326674,4.404140602,-3.182814477
83.39,-64.99638159,0.05295507212,0.5959965258,0.3177324877,0,-1.22132667,4.404140592,-3.182814476
83.4,-64.99638158,0.05295507215,0.595996523,0.3177324875,0,-1.221326667,4.404140581,-3.182814474
83.41,-64.99638157,0.05295507217,0.5959965203,0.3177324873,0,-1.221326663,4.404140571,-3.182814472
83.42,-64.99638157,0.0529550722,0.5959965176,0.317732487,0,-1.221326659,4.404140561,-3.18281447
83.43,-64.99638156,0.05295507223,0.5959965149,0.3177324868,0,-1.221326655,4.40414055,-3.182814469
83.44,-64.99638156,0.05295507226,0.5959965122,0.3177324866,0,-1.221326652,4.40414054,-3.182814467
83.45,-64.99638155,0.05295507228,0.5959965095,0.3177324864,0,-1.221326648,4.40414053,-3.182814465
83.46,-64.99638155,0.05295507231,0.5959965067,0.3177324862,0,-1.221326644,4.40414052,-3.182814464
83.47,-64.99638154,0.05295507234,0.595996504,0.3177324859,0,-1.221326641,4.40414051,-3.182814462
83.48,-64.99638153,0.05295507237,0.5959965013,0.3177324857,0,-1.221326637,4.4041405,-3.18281446
83.49,-64.99638153,0.0529550724,0.5959964986,0.3177324855,0,-1.221326634,4.40414049,-3.182814458
83.5,-64.99638152,0.05295507243,0.5959964959,0.3177324853,0,-1.22132663,4.40414048,-3.182814456
83.51,-64.99638152,0.05295507246,0.5959964933,0.3177324851,0,-1.221326627,4.40414047,-3.182814455
83.52,-64.99638151,0.05295507249,0.5959964906,0.3177324848,0,-1.221326623,4.40414046,-3.182814453
83.53,-64.9963815,0.05295507252,0.5959964879,0.3177324846,0,-1.22132662,4.404140451,-3.182814451
83.54,-64.9963815,0.05295507255,0.5959964852,0.3177324844,0,-1.221326616,4.404140441,-3.182814449
83.55,-64.99638149,0.05295507258,0.5959964825,0.3177324842,0,-1.221326613,4.404140431,-3.182814447
83.56,-64.99638148,0.05295507262,0.5959964798,0.317732484,0,-1.221326609,4.404140422,-3.182814445
83.57,-64.99638148,0.05295507265,0.5959964772,0.3177324838,0,-1.221326606,4.404140412,-3.182814443
83.58,-64.99638147,0.05295507268,0.5959964745,0.3177324836,0,-1.221326603,4.404140403,-3.182814441
83.59,-64.99638146,0.05295507271,0.5959964718,0.3177324833,0,-1.2213266,4.404140393,-3.182814439
83.6,-64.99638146,0.05295507275,0.5959964691,0.3177324831,0,-1.221326596,4.404140384,-3.182814438
83.61,-64.99638145,0.05295507278,0.5959964665,0.3177324829,0,-1.221326593,4.404140374,-3.182814436
83.62,-64.99638145,0.05295507281,0.5959964638,0.3177324827,0,-1.22132659,4.404140365,-3.182814434
83.63,-64.99638144,0.05295507285,0.5959964612,0.3177324825,0,-1.221326587,4.404140356,-3.182814432
83.64,-64.99638143,0.05295507288,0.5959964585,0.3177324823,0,-1.221326584,4.404140347,-3.18281443
83.65,-64.99638143,0.05295507292,0.5959964559,0.3177324821,0,-1.22132658,4.404140337,-3.182814428
83.66,-64.99638142,0.05295507295,0.5959964532,0.3177324819,0,-1.221326577,4.404140328,-3.182814426
83.67,-64.99638141,0.05295507299,0.5959964506,0.3177324817,0,-1.221326574,4.404140319,-3.182814424
83.68,-64.99638141,0.05295507302,0.5959964479,0.3177324814,0,-1.221326571,4.40414031,-3.182814422
83.69,-64.9963814,0.05295507306,0.5959964453,0.3177324812,0,-1.221326568,4.404140301,-3.182814419
83.7,-64.99638139,0.05295507309,0.5959964426,0.317732481,0,-1.221326565,4.404140292,-3.182814417
83.71,-64.99638138,0.05295507313,0.59599644,0.3177324808,0,-1.221326562,4.404140283,-3.182814415
83.72,-64.99638138,0.05295507317,0.5959964374,0.3177324806,0,-1.221326559,4.404140274,-3.182814413
83.73,-64.99638137,0.0529550732,0.5959964347,0.3177324804,0,-1.221326556,4.404140266,-3.182814411
83.74,-64.99638136,0.05295507324,0.5959964321,0.3177324802,0,-1.221326554,4.404140257,-3.182814409
83.75,-64.99638136,0.05295507328,0.5959964295,0.31773248,0,-1.221326551,4.404140248,-3.182814407
83.76,-64.99638135,0.05295507332,0.5959964269,0.3177324798,0,-1.221326548,4.404140239,-3.182814405
83.77,-64.99638134,0.05295507335,0.5959964242,0.3177324796,0,-1.221326545,4.404140231,-3.182814403
83.78,-64.99638133,0.05295507339,0.5959964216,0.3177324794,0,-1.221326542,4.404140222,-3.1828144
83.79,-64.99638133,0.05295507343,0.595996419,0.3177324792,0,-1.22132654,4.404140214,-3.182814398
83.8,-64.99638132,0.05295507347,0.5959964164,0.317732479,0,-1.221326537,4.404140205,-3.182814396
83.81,-64.99638131,0.05295507351,0.5959964138,0.3177324788,0,-1.221326534,4.404140197,-3.182814394
83.82,-64.99638131,0.05295507355,0.5959964112,0.3177324786,0,-1.221326531,4.404140188,-3.182814392
83.83,-64.9963813,0.05295507359,0.5959964086,0.3177324784,0,-1.221326529,4.40414018,-3.18281439
83.84,-64.99638129,0.05295507363,0.595996406,0.3177324782,0,-1.221326526,4.404140172,-3.182814387
83.85,-64.99638128,0.05295507367,0.5959964034,0.317732478,0,-1.221326523,4.404140163,-3.182814385
83.86,-64.99638128,0.05295507371,0.5959964008,0.3177324778,0,-1.221326521,4.404140155,-3.182814383
83.87,-64.99638127,0.05295507375,0.5959963982,0.3177324776,0,-1.221326518,4.404140147,-3.182814381
83.88,-64.99638126,0.05295507379,0.5959963956,0.3177324774,0,-1.221326516,4.404140139,-3.182814378
83.89,-64.99638125,0.05295507383,0.595996393,0.3177324772,0,-1.221326513,4.404140131,-3.182814376
83.9,-64.99638125,0.05295507387,0.5959963904,0.317732477,0,-1.221326511,4.404140123,-3.182814374
83.91,-64.99638124,0.05295507391,0.5959963879,0.3177324768,0,-1.221326508,4.404140115,-3.182814371
83.92,-64.99638123,0.05295507396,0.5959963853,0.3177324766,0,-1.221326506,4.404140107,-3.182814369
83.93,-64.99638122,0.052955074,0.5959963827,0.3177324764,0,-1.221326503,4.404140099,-3.182814367
83.94,-64.99638122,0.05295507404,0.5959963801,0.3177324762,0,-1.221326501,4.404140091,-3.182814365
83.95,-64.99638121,0.05295507408,0.5959963776,0.317732476,0,-1.221326499,4.404140083,-3.182814362
83.96,-64.9963812,0.05295507413,0.595996375,0.3177324758,0,-1.221326496,4.404140075,-3.18281436
83.97,-64.99638119,0.05295507417,0.5959963724,0.3177324757,0,-1.221326494,4.404140068,-3.182814358
83.98,-64.99638118,0.05295507421,0.5959963699,0.3177324755,0,-1.221326492,4.40414006,-3.182814355
83.99,-64.99638118,0.05295507426,0.5959963673,0.3177324753,0,-1.221326489,4.404140052,-3.182814353
84,-64.99638117,0.0529550743,0.5959963648,0.3177324751,0,-1.221326487,4.404140045,-3.18281435
84.01,-64.99638116,0.05295507435,0.5959963622,0.3177324749,0,-1.221326485,4.404140037,-3.182814348
84.02,-64.99638115,0.05295507439,0.5959963597,0.3177324747,0,-1.221326482,4.404140029,-3.182814346
84.03,-64.99638114,0.05295507443,0.5959963571,0.3177324745,0,-1.22132648,4.404140022,-3.182814343
84.04,-64.99638114,0.05295507448,0.5959963546,0.3177324743,0,-1.221326478,4.404140014,-3.182814341
84.05,-64.99638113,0.05295507452,0.595996352,0.3177324741,0,-1.221326476,4.404140007,-3.182814338
84.06,-64.99638112,0.05295507457,0.5959963495,0.317732474,0,-1.221326474,4.40414,-3.182814336
84.07,-64.99638111,0.05295507461,0.5959963469,0.3177324738,0,-1.221326472,4.404139992,-3.182814334
84.08,-64.9963811,0.05295507466,0.5959963444,0.3177324736,0,-1.221326469,4.404139985,-3.182814331
84.09,-64.9963811,0.05295507471,0.5959963419,0.3177324734,0,-1.221326467,4.404139978,-3.182814329
84.1,-64.99638109,0.05295507475,0.5959963393,0.3177324732,0,-1.221326465,4.404139971,-3.182814326
84.11,-64.99638108,0.0529550748,0.5959963368,0.317732473,0,-1.221326463,4.404139963,-3.182814324
84.12,-64.99638107,0.05295507485,0.5959963343,0.3177324729,0,-1.221326461,4.404139956,-3.182814321
84.13,-64.99638106,0.05295507489,0.5959963318,0.3177324727,0,-1.221326459,4.404139949,-3.182814319
84.14,-64.99638105,0.05295507494,0.5959963292,0.3177324725,0,-1.221326457,4.404139942,-3.182814316
84.15,-64.99638105,0.05295507499,0.5959963267,0.3177324723,0,-1.221326455,4.404139935,-3.182814314
84.16,-64.99638104,0.05295507503,0.5959963242,0.3177324721,0,-1.221326453,4.404139928,-3.182814311
84.17,-64.99638103,0.05295507508,0.5959963217,0.3177324719,0,-1.221326451,4.404139921,-3.182814309
84.18,-64.99638102,0.05295507513,0.5959963192,0.3177324718,0,-1.221326449,4.404139914,-3.182814306
84.19,-64.99638101,0.05295507518,0.5959963167,0.3177324716,0,-1.221326447,4.404139908,-3.182814304
84.2,-64.996381,0.05295507523,0.5959963142,0.3177324714,0,-1.221326446,4.404139901,-3.182814301
84.21,-64.996381,0.05295507527,0.5959963117,0.3177324712,0,-1.221326444,4.404139894,-3.182814299
84.22,-64.99638099,0.05295507532,0.5959963092,0.3177324711,0,-1.221326442,4.404139887,-3.182814296
84.23,-64.99638098,0.05295507537,0.5959963067,0.3177324709,0,-1.22132644,4.404139881,-3.182814294
84.24,-64.99638097,0.05295507542,0.5959963042,0.3177324707,0,-1.221326438,4.404139874,-3.182814291
84.25,-64.99638096,0.05295507547,0.5959963017,0.3177324705,0,-1.221326436,4.404139867,-3.182814288
84.26,-64.99638095,0.05295507552,0.5959962992,0.3177324703,0,-1.221326435,4.404139861,-3.182814286
84.27,-64.99638094,0.05295507557,0.5959962967,0.3177324702,0,-1.221326433,4.404139854,-3.182814283
84.28,-64.99638094,0.05295507562,0.5959962942,0.31773247,0,-1.221326431,4.404139848,-3.182814281
84.29,-64.99638093,0.05295507567,0.5959962918,0.3177324698,0,-1.221326429,4.404139841,-3.182814278
84.3,-64.99638092,0.05295507572,0.5959962893,0.3177324697,0,-1.221326428,4.404139835,-3.182814276
84.31,-64.99638091,0.05295507577,0.5959962868,0.3177324695,0,-1.221326426,4.404139829,-3.182814273
84.32,-64.9963809,0.05295507582,0.5959962843,0.3177324693,0,-1.221326424,4.404139822,-3.18281427
84.33,-64.99638089,0.05295507587,0.5959962819,0.3177324691,0,-1.221326423,4.404139816,-3.182814268
84.34,-64.99638088,0.05295507592,0.5959962794,0.317732469,0,-1.221326421,4.40413981,-3.182814265
84.35,-64.99638087,0.05295507597,0.5959962769,0.3177324688,0,-1.221326419,4.404139804,-3.182814262
84.36,-64.99638087,0.05295507602,0.5959962745,0.3177324686,0,-1.221326418,4.404139797,-3.18281426
84.37,-64.99638086,0.05295507607,0.595996272,0.3177324685,0,-1.221326416,4.404139791,-3.182814257
84.38,-64.99638085,0.05295507612,0.5959962696,0.3177324683,0,-1.221326415,4.404139785,-3.182814254
84.39,-64.99638084,0.05295507617,0.5959962671,0.3177324681,0,-1.221326413,4.404139779,-3.182814252
84.4,-64.99638083,0.05295507623,0.5959962647,0.317732468,0,-1.221326411,4.404139773,-3.182814249
84.41,-64.99638082,0.05295507628,0.5959962622,0.3177324678,0,-1.22132641,4.404139767,-3.182814246
84.42,-64.99638081,0.05295507633,0.5959962598,0.3177324676,0,-1.221326408,4.404139761,-3.182814244
84.43,-64.9963808,0.05295507638,0.5959962573,0.3177324675,0,-1.221326407,4.404139755,-3.182814241
84.44,-64.99638079,0.05295507643,0.5959962549,0.3177324673,0,-1.221326405,4.404139749,-3.182814238
84.45,-64.99638079,0.05295507649,0.5959962524,0.3177324671,0,-1.221326404,4.404139744,-3.182814236
84.46,-64.99638078,0.05295507654,0.59599625,0.317732467,0,-1.221326402,4.404139738,-3.182814233
84.47,-64.99638077,0.05295507659,0.5959962476,0.3177324668,0,-1.221326401,4.404139732,-3.18281423
84.48,-64.99638076,0.05295507665,0.5959962451,0.3177324666,0,-1.2213264,4.404139726,-3.182814228
84.49,-64.99638075,0.0529550767,0.5959962427,0.3177324665,0,-1.221326398,4.404139721,-3.182814225
84.5,-64.99638074,0.05295507675,0.5959962403,0.3177324663,0,-1.221326397,4.404139715,-3.182814222
84.51,-64.99638073,0.0529550768,0.5959962378,0.3177324662,0,-1.221326395,4.404139709,-3.18281422
84.52,-64.99638072,0.05295507686,0.5959962354,0.317732466,0,-1.221326394,4.404139704,-3.182814217
84.53,-64.99638071,0.05295507691,0.595996233,0.3177324658,0,-1.221326393,4.404139698,-3.182814214
84.54,-64.9963807,0.05295507697,0.5959962306,0.3177324657,0,-1.221326391,4.404139693,-3.182814211
84.55,-64.9963807,0.05295507702,0.5959962282,0.3177324655,0,-1.22132639,4.404139687,-3.182814209
84.56,-64.99638069,0.05295507707,0.5959962258,0.3177324654,0,-1.221326389,4.404139682,-3.182814206
84.57,-64.99638068,0.05295507713,0.5959962233,0.3177324652,0,-1.221326387,4.404139676,-3.182814203
84.58,-64.99638067,0.05295507718,0.5959962209,0.317732465,0,-1.221326386,4.404139671,-3.1828142
84.59,-64.99638066,0.05295507724,0.5959962185,0.3177324649,0,-1.221326385,4.404139666,-3.182814198
84.6,-64.99638065,0.05295507729,0.5959962161,0.3177324647,0,-1.221326384,4.40413966,-3.182814195
84.61,-64.99638064,0.05295507734,0.5959962137,0.3177324646,0,-1.221326382,4.404139655,-3.182814192
84.62,-64.99638063,0.0529550774,0.5959962113,0.3177324644,0,-1.221326381,4.40413965,-3.182814189
84.63,-64.99638062,0.05295507745,0.5959962089,0.3177324643,0,-1.22132638,4.404139645,-3.182814187
84.64,-64.99638061,0.05295507751,0.5959962065,0.3177324641,0,-1.221326379,4.404139639,-3.182814184
84.65,-64.9963806,0.05295507756,0.5959962041,0.317732464,0,-1.221326378,4.404139634,-3.182814181
84.66,-64.99638059,0.05295507762,0.5959962018,0.3177324638,0,-1.221326376,4.404139629,-3.182814178
84.67,-64.99638059,0.05295507767,0.5959961994,0.3177324636,0,-1.221326375,4.404139624,-3.182814176
84.68,-64.99638058,0.05295507773,0.595996197,0.3177324635,0,-1.221326374,4.404139619,-3.182814173
84.69,-64.99638057,0.05295507779,0.5959961946,0.3177324633,0,-1.221326373,4.404139614,-3.18281417
84.7,-64.99638056,0.05295507784,0.5959961922,0.3177324632,0,-1.221326372,4.404139609,-3.182814167
84.71,-64.99638055,0.0529550779,0.5959961899,0.317732463,0,-1.221326371,4.404139604,-3.182814164
84.72,-64.99638054,0.05295507795,0.5959961875,0.3177324629,0,-1.22132637,4.404139599,-3.182814162
84.73,-64.99638053,0.05295507801,0.5959961851,0.3177324627,0,-1.221326368,4.404139595,-3.182814159
84.74,-64.99638052,0.05295507806,0.5959961827,0.3177324626,0,-1.221326367,4.40413959,-3.182814156
84.75,-64.99638051,0.05295507812,0.5959961804,0.3177324624,0,-1.221326366,4.404139585,-3.182814153
84.76,-64.9963805,0.05295507818,0.595996178,0.3177324623,0,-1.221326365,4.40413958,-3.18281415
84.77,-64.99638049,0.05295507823,0.5959961756,0.3177324622,0,-1.221326364,4.404139575,-3.182814148
84.78,-64.99638048,0.05295507829,0.5959961733,0.317732462,0,-1.221326363,4.404139571,-3.182814145
84.79,-64.99638047,0.05295507834,0.5959961709,0.3177324619,0,-1.221326362,4.404139566,-3.182814142
84.8,-64.99638046,0.0529550784,0.5959961686,0.3177324617,0,-1.221326361,4.404139561,-3.182814139
84.81,-64.99638045,0.05295507846,0.5959961662,0.3177324616,0,-1.22132636,4.404139557,-3.182814136
84.82,-64.99638045,0.05295507851,0.5959961639,0.3177324614,0,-1.221326359,4.404139552,-3.182814134
84.83,-64.99638044,0.05295507857,0.5959961615,0.3177324613,0,-1.221326358,4.404139548,-3.182814131
84.84,-64.99638043,0.05295507863,0.5959961592,0.3177324611,0,-1.221326357,4.404139543,-3.182814128
84.85,-64.99638042,0.05295507869,0.5959961568,0.317732461,0,-1.221326356,4.404139539,-3.182814125
84.86,-64.99638041,0.05295507874,0.5959961545,0.3177324608,0,-1.221326355,4.404139534,-3.182814122
84.87,-64.9963804,0.0529550788,0.5959961522,0.3177324607,0,-1.221326354,4.40413953,-3.182814119
84.88,-64.99638039,0.05295507886,0.5959961498,0.3177324606,0,-1.221326353,4.404139526,-3.182814117
84.89,-64.99638038,0.05295507891,0.5959961475,0.3177324604,0,-1.221326352,4.404139521,-3.182814114
84.9,-64.99638037,0.05295507897,0.5959961452,0.3177324603,0,-1.221326352,4.404139517,-3.182814111
84.91,-64.99638036,0.05295507903,0.5959961428,0.3177324601,0,-1.221326351,4.404139513,-3.182814108
84.92,-64.99638035,0.05295507909,0.5959961405,0.31773246,0,-1.22132635,4.404139508,-3.182814105
84.93,-64.99638034,0.05295507914,0.5959961382,0.3177324599,0,-1.221326349,4.404139504,-3.182814102
84.94,-64.99638033,0.0529550792,0.5959961359,0.3177324597,0,-1.221326348,4.4041395,-3.1828141
84.95,-64.99638032,0.05295507926,0.5959961335,0.3177324596,0,-1.221326347,4.404139496,-3.182814097
84.96,-64.99638031,0.05295507932,0.5959961312,0.3177324595,0,-1.221326346,4.404139492,-3.182814094
84.97,-64.9963803,0.05295507937,0.5959961289,0.3177324593,0,-1.221326345,4.404139488,-3.182814091
84.98,-64.99638029,0.05295507943,0.5959961266,0.3177324592,0,-1.221326345,4.404139484,-3.182814088
84.99,-64.99638028,0.05295507949,0.5959961243,0.317732459,0,-1.221326344,4.404139479,-3.182814085
85,-64.99638027,0.05295507955,0.595996122,0.3177324589,0,-1.221326343,4.404139475,-3.182814082
85.01,-64.99638027,0.05295507961,0.5959961197,0.3177324588,0,-1.221326342,4.404139472,-3.18281408
85.02,-64.99638026,0.05295507966,0.5959961174,0.3177324586,0,-1.221326341,4.404139468,-3.182814077
85.03,-64.99638025,0.05295507972,0.5959961151,0.3177324585,0,-1.221326341,4.404139464,-3.182814074
85.04,-64.99638024,0.05295507978,0.5959961128,0.3177324584,0,-1.22132634,4.40413946,-3.182814071
85.05,-64.99638023,0.05295507984,0.5959961105,0.3177324582,0,-1.221326339,4.404139456,-3.182814068
85.06,-64.99638022,0.0529550799,0.5959961082,0.3177324581,0,-1.221326338,4.404139452,-3.182814065
85.07,-64.99638021,0.05295507996,0.5959961059,0.317732458,0,-1.221326337,4.404139448,-3.182814062
85.08,-64.9963802,0.05295508001,0.5959961036,0.3177324578,0,-1.221326337,4.404139444,-3.18281406
85.09,-64.99638019,0.05295508007,0.5959961013,0.3177324577,0,-1.221326336,4.404139441,-3.182814057
85.1,-64.99638018,0.05295508013,0.595996099,0.3177324576,0,-1.221326335,4.404139437,-3.182814054
85.11,-64.99638017,0.05295508019,0.5959960967,0.3177324575,0,-1.221326334,4.404139433,-3.182814051
85.12,-64.99638016,0.05295508025,0.5959960945,0.3177324573,0,-1.221326334,4.40413943,-3.182814048
85.13,-64.99638015,0.05295508031,0.5959960922,0.3177324572,0,-1.221326333,4.404139426,-3.182814045
85.14,-64.99638014,0.05295508036,0.5959960899,0.3177324571,0,-1.221326332,4.404139422,-3.182814042
85.15,-64.99638013,0.05295508042,0.5959960876,0.3177324569,0,-1.221326332,4.404139419,-3.18281404
85.16,-64.99638012,0.05295508048,0.5959960854,0.3177324568,0,-1.221326331,4.404139415,-3.182814037
85.17,-64.99638011,0.05295508054,0.5959960831,0.3177324567,0,-1.22132633,4.404139412,-3.182814034
85.18,-64.9963801,0.0529550806,0.5959960808,0.3177324566,0,-1.22132633,4.404139408,-3.182814031
85.19,-64.99638009,0.05295508066,0.5959960786,0.3177324564,0,-1.221326329,4.404139405,-3.182814028
85.2,-64.99638008,0.05295508072,0.5959960763,0.3177324563,0,-1.221326328,4.404139401,-3.182814025
85.21,-64.99638008,0.05295508078,0.595996074,0.3177324562,0,-1.221326328,4.404139398,-3.182814023
85.22,-64.99638007,0.05295508083,0.5959960718,0.3177324561,0,-1.221326327,4.404139395,-3.18281402
85.23,-64.99638006,0.05295508089,0.5959960695,0.3177324559,0,-1.221326326,4.404139391,-3.182814017
85.24,-64.99638005,0.05295508095,0.5959960673,0.3177324558,0,-1.221326326,4.404139388,-3.182814014
85.25,-64.99638004,0.05295508101,0.595996065,0.3177324557,0,-1.221326325,4.404139385,-3.182814011
85.26,-64.99638003,0.05295508107,0.5959960628,0.3177324556,0,-1.221326324,4.404139381,-3.182814008
85.27,-64.99638002,0.05295508113,0.5959960605,0.3177324555,0,-1.221326324,4.404139378,-3.182814005
85.28,-64.99638001,0.05295508119,0.5959960583,0.3177324553,0,-1.221326323,4.404139375,-3.182814003
85.29,-64.99638,0.05295508125,0.595996056,0.3177324552,0,-1.221326322,4.404139372,-3.182814
85.3,-64.99637999,0.05295508131,0.5959960538,0.3177324551,0,-1.221326322,4.404139369,-3.182813997
85.31,-64.99637998,0.05295508137,0.5959960516,0.317732455,0,-1.221326321,4.404139365,-3.182813994
85.32,-64.99637997,0.05295508142,0.5959960493,0.3177324549,0,-1.221326321,4.404139362,-3.182813991
85.33,-64.99637996,0.05295508148,0.5959960471,0.3177324547,0,-1.22132632,4.404139359,-3.182813988
85.34,-64.99637995,0.05295508154,0.5959960449,0.3177324546,0,-1.22132632,4.404139356,-3.182813985
85.35,-64.99637994,0.0529550816,0.5959960426,0.3177324545,0,-1.221326319,4.404139353,-3.182813983
85.36,-64.99637993,0.05295508166,0.5959960404,0.3177324544,0,-1.221326318,4.40413935,-3.18281398
85.37,-64.99637992,0.05295508172,0.5959960382,0.3177324543,0,-1.221326318,4.404139347,-3.182813977
85.38,-64.99637991,0.05295508178,0.595996036,0.3177324541,0,-1.221326317,4.404139344,-3.182813974
85.39,-64.9963799,0.05295508184,0.5959960338,0.317732454,0,-1.221326317,4.404139341,-3.182813971
85.4,-64.99637989,0.0529550819,0.5959960315,0.3177324539,0,-1.221326316,4.404139338,-3.182813968
85.41,-64.99637989,0.05295508196,0.5959960293,0.3177324538,0,-1.221326316,4.404139335,-3.182813966
85.42,-64.99637988,0.05295508201,0.5959960271,0.3177324537,0,-1.221326315,4.404139332,-3.182813963
85.43,-64.99637987,0.05295508207,0.5959960249,0.3177324536,0,-1.221326314,4.40413933,-3.18281396
85.44,-64.99637986,0.05295508213,0.5959960227,0.3177324535,0,-1.221326314,4.404139327,-3.182813957
85.45,-64.99637985,0.05295508219,0.5959960205,0.3177324533,0,-1.221326313,4.404139324,-3.182813954
85.46,-64.99637984,0.05295508225,0.5959960183,0.3177324532,0,-1.221326313,4.404139321,-3.182813951
85.47,-64.99637983,0.05295508231,0.5959960161,0.3177324531,0,-1.221326312,4.404139318,-3.182813949
85.48,-64.99637982,0.05295508237,0.5959960139,0.317732453,0,-1.221326312,4.404139316,-3.182813946
85.49,-64.99637981,0.05295508243,0.5959960117,0.3177324529,0,-1.221326311,4.404139313,-3.182813943
85.5,-64.9963798,0.05295508249,0.5959960095,0.3177324528,0,-1.221326311,4.40413931,-3.18281394
85.51,-64.99637979,0.05295508255,0.5959960073,0.3177324527,0,-1.22132631,4.404139308,-3.182813937
85.52,-64.99637978,0.05295508261,0.5959960051,0.3177324526,0,-1.22132631,4.404139305,-3.182813934
85.53,-64.99637977,0.05295508266,0.5959960029,0.3177324525,0,-1.221326309,4.404139302,-3.182813932
85.54,-64.99637976,0.05295508272,0.5959960007,0.3177324524,0,-1.221326309,4.4041393,-3.182813929
85.55,-64.99637975,0.05295508278,0.5959959985,0.3177324522,0,-1.221326308,4.404139297,-3.182813926
85.56,-64.99637974,0.05295508284,0.5959959964,0.3177324521,0,-1.221326308,4.404139295,-3.182813923
85.57,-64.99637973,0.0529550829,0.5959959942,0.317732452,0,-1.221326307,4.404139292,-3.18281392
85.58,-64.99637973,0.05295508296,0.595995992,0.3177324519,0,-1.221326307,4.40413929,-3.182813918
85.59,-64.99637972,0.05295508302,0.5959959898,0.3177324518,0,-1.221326306,4.404139287,-3.182813915
85.6,-64.99637971,0.05295508308,0.5959959877,0.3177324517,0,-1.221326306,4.404139285,-3.182813912
85.61,-64.9963797,0.05295508314,0.5959959855,0.3177324516,0,-1.221326305,4.404139282,-3.182813909
85.62,-64.99637969,0.05295508319,0.5959959833,0.3177324515,0,-1.221326305,4.40413928,-3.182813906
85.63,-64.99637968,0.05295508325,0.5959959811,0.3177324514,0,-1.221326304,4.404139278,-3.182813904
85.64,-64.99637967,0.05295508331,0.595995979,0.3177324513,0,-1.221326304,4.404139275,-3.182813901
85.65,-64.99637966,0.05295508337,0.5959959768,0.3177324512,0,-1.221326303,4.404139273,-3.182813898
85.66,-64.99637965,0.05295508343,0.5959959747,0.3177324511,0,-1.221326303,4.404139271,-3.182813895
85.67,-64.99637964,0.05295508349,0.5959959725,0.317732451,0,-1.221326303,4.404139268,-3.182813892
85.68,-64.99637963,0.05295508355,0.5959959703,0.3177324509,0,-1.221326302,4.404139266,-3.18281389
85.69,-64.99637962,0.0529550836,0.5959959682,0.3177324508,0,-1.221326302,4.404139264,-3.182813887
85.7,-64.99637961,0.05295508366,0.595995966,0.3177324507,0,-1.221326301,4.404139262,-3.182813884
85.71,-64.9963796,0.05295508372,0.5959959639,0.3177324506,0,-1.221326301,4.404139259,-3.182813881
85.72,-64.9963796,0.05295508378,0.5959959617,0.3177324505,0,-1.2213263,4.404139257,-3.182813879
85.73,-64.99637959,0.05295508384,0.5959959596,0.3177324504,0,-1.2213263,4.404139255,-3.182813876
85.74,-64.99637958,0.0529550839,0.5959959575,0.3177324503,0,-1.221326299,4.404139253,-3.182813873
85.75,-64.99637957,0.05295508396,0.5959959553,0.3177324502,0,-1.221326299,4.404139251,-3.18281387
85.76,-64.99637956,0.05295508401,0.5959959532,0.3177324501,0,-1.221326298,4.404139249,-3.182813868
85.77,-64.99637955,0.05295508407,0.595995951,0.31773245,0,-1.221326298,4.404139246,-3.182813865
85.78,-64.99637954,0.05295508413,0.5959959489,0.3177324499,0,-1.221326298,4.404139244,-3.182813862
85.79,-64.99637953,0.05295508419,0.5959959468,0.3177324498,0,-1.221326297,4.404139242,-3.182813859
85.8,-64.99637952,0.05295508425,0.5959959446,0.3177324497,0,-1.221326297,4.40413924,-3.182813857
85.81,-64.99637951,0.0529550843,0.5959959425,0.3177324496,0,-1.221326296,4.404139238,-3.182813854
85.82,-64.9963795,0.05295508436,0.5959959404,0.3177324495,0,-1.221326296,4.404139236,-3.182813851
85.83,-64.99637949,0.05295508442,0.5959959383,0.3177324494,0,-1.221326295,4.404139234,-3.182813848
85.84,-64.99637949,0.05295508448,0.5959959361,0.3177324493,0,-1.221326295,4.404139232,-3.182813846
85.85,-64.99637948,0.05295508454,0.595995934,0.3177324492,0,-1.221326294,4.40413923,-3.182813843
85.86,-64.99637947,0.05295508459,0.5959959319,0.3177324491,0,-1.221326294,4.404139229,-3.18281384
85.87,-64.99637946,0.05295508465,0.5959959298,0.317732449,0,-1.221326294,4.404139227,-3.182813837
85.88,-64.99637945,0.05295508471,0.5959959277,0.3177324489,0,-1.221326293,4.404139225,-3.182813835
85.89,-64.99637944,0.05295508477,0.5959959256,0.3177324488,0,-1.221326293,4.404139223,-3.182813832
85.9,-64.99637943,0.05295508483,0.5959959235,0.3177324487,0,-1.221326292,4.404139221,-3.182813829
85.91,-64.99637942,0.05295508488,0.5959959213,0.3177324486,0,-1.221326292,4.404139219,-3.182813827
85.92,-64.99637941,0.05295508494,0.5959959192,0.3177324486,0,-1.221326291,4.404139218,-3.182813824
85.93,-64.9963794,0.052955085,0.5959959171,0.3177324485,0,-1.221326291,4.404139216,-3.182813821
85.94,-64.9963794,0.05295508506,0.595995915,0.3177324484,0,-1.221326291,4.404139214,-3.182813819
85.95,-64.99637939,0.05295508511,0.5959959129,0.3177324483,0,-1.22132629,4.404139212,-3.182813816
85.96,-64.99637938,0.05295508517,0.5959959108,0.3177324482,0,-1.22132629,4.404139211,-3.182813813
85.97,-64.99637937,0.05295508523,0.5959959088,0.3177324481,0,-1.221326289,4.404139209,-3.182813811
85.98,-64.99637936,0.05295508528,0.5959959067,0.317732448,0,-1.221326289,4.404139207,-3.182813808
85.99,-64.99637935,0.05295508534,0.5959959046,0.3177324479,0,-1.221326288,4.404139205,-3.182813805
86,-64.99637934,0.0529550854,0.5959959025,0.3177324478,0,-1.221326288,4.404139204,-3.182813803
86.01,-64.99637933,0.05295508545,0.5959959004,0.3177324477,0,-1.221326288,4.404139202,-3.1828138
86.02,-64.99637932,0.05295508551,0.5959958983,0.3177324477,0,-1.221326287,4.404139201,-3.182813797
86.03,-64.99637932,0.05295508557,0.5959958962,0.3177324476,0,-1.221326287,4.404139199,-3.182813795
86.04,-64.99637931,0.05295508563,0.5959958941,0.3177324475,0,-1.221326286,4.404139197,-3.182813792
86.05,-64.9963793,0.05295508568,0.5959958921,0.3177324474,0,-1.221326286,4.404139196,-3.182813789
86.06,-64.99637929,0.05295508574,0.59599589,0.3177324473,0,-1.221326285,4.404139194,-3.182813787
86.07,-64.99637928,0.0529550858,0.5959958879,0.3177324472,0,-1.221326285,4.404139193,-3.182813784
86.08,-64.99637927,0.05295508585,0.5959958858,0.3177324471,0,-1.221326285,4.404139191,-3.182813781
86.09,-64.99637926,0.05295508591,0.5959958838,0.3177324471,0,-1.221326284,4.40413919,-3.182813779
86.1,-64.99637925,0.05295508596,0.5959958817,0.317732447,0,-1.221326284,4.404139188,-3.182813776
86.11,-64.99637925,0.05295508602,0.5959958796,0.3177324469,0,-1.221326283,4.404139187,-3.182813774
86.12,-64.99637924,0.05295508608,0.5959958776,0.3177324468,0,-1.221326283,4.404139185,-3.182813771
86.13,-64.99637923,0.05295508613,0.5959958755,0.3177324467,0,-1.221326282,4.404139184,-3.182813768
86.14,-64.99637922,0.05295508619,0.5959958735,0.3177324466,0,-1.221326282,4.404139182,-3.182813766
86.15,-64.99637921,0.05295508624,0.5959958714,0.3177324466,0,-1.221326282,4.404139181,-3.182813763
86.16,-64.9963792,0.0529550863,0.5959958694,0.3177324465,0,-1.221326281,4.40413918,-3.182813761
86.17,-64.99637919,0.05295508636,0.5959958673,0.3177324464,0,-1.221326281,4.404139178,-3.182813758
86.18,-64.99637918,0.05295508641,0.5959958652,0.3177324463,0,-1.22132628,4.404139177,-3.182813755
86.19,-64.99637918,0.05295508647,0.5959958632,0.3177324462,0,-1.22132628,4.404139176,-3.182813753
86.2,-64.99637917,0.05295508652,0.5959958612,0.3177324461,0,-1.221326279,4.404139174,-3.18281375
86.21,-64.99637916,0.05295508658,0.5959958591,0.3177324461,0,-1.221326279,4.404139173,-3.182813748
86.22,-64.99637915,0.05295508663,0.5959958571,0.317732446,0,-1.221326278,4.404139172,-3.182813745
86.23,-64.99637914,0.05295508669,0.595995855,0.3177324459,0,-1.221326278,4.40413917,-3.182813743
86.24,-64.99637913,0.05295508674,0.595995853,0.3177324458,0,-1.221326277,4.404139169,-3.18281374
86.25,-64.99637912,0.0529550868,0.5959958509,0.3177324458,0,-1.221326277,4.404139168,-3.182813737
86.26,-64.99637912,0.05295508685,0.5959958489,0.3177324457,0,-1.221326277,4.404139167,-3.182813735
86.27,-64.99637911,0.05295508691,0.5959958469,0.3177324456,0,-1.221326276,4.404139165,-3.182813732
86.28,-64.9963791,0.05295508696,0.5959958449,0.3177324455,0,-1.221326276,4.404139164,-3.18281373
86.29,-64.99637909,0.05295508702,0.5959958428,0.3177324454,0,-1.221326275,4.404139163,-3.182813727
86.3,-64.99637908,0.05295508707,0.5959958408,0.3177324454,0,-1.221326275,4.404139162,-3.182813725
86.31,-64.99637907,0.05295508713,0.5959958388,0.3177324453,0,-1.221326274,4.404139161,-3.182813722
86.32,-64.99637907,0.05295508718,0.5959958367,0.3177324452,0,-1.221326274,4.404139159,-3.18281372
86.33,-64.99637906,0.05295508724,0.5959958347,0.3177324451,0,-1.221326273,4.404139158,-3.182813717
86.34,-64.99637905,0.05295508729,0.5959958327,0.3177324451,0,-1.221326273,4.404139157,-3.182813715
86.35,-64.99637904,0.05295508734,0.5959958307,0.317732445,0,-1.221326272,4.404139156,-3.182813712
86.36,-64.99637903,0.0529550874,0.5959958287,0.3177324449,0,-1.221326272,4.404139155,-3.18281371
86.37,-64.99637902,0.05295508745,0.5959958267,0.3177324448,0,-1.221326271,4.404139154,-3.182813707
86.38,-64.99637902,0.05295508751,0.5959958247,0.3177324448,0,-1.221326271,4.404139153,-3.182813705
86.39,-64.99637901,0.05295508756,0.5959958226,0.3177324447,0,-1.22132627,4.404139152,-3.182813702
86.4,-64.996379,0.05295508761,0.5959958206,0.3177324446,0,-1.22132627,4.404139151,-3.1828137
86.41,-64.99637899,0.05295508767,0.5959958186,0.3177324445,0,-1.221326269,4.40413915,-3.182813698
86.42,-64.99637898,0.05295508772,0.5959958166,0.3177324445,0,-1.221326269,4.404139149,-3.182813695
86.43,-64.99637898,0.05295508777,0.5959958146,0.3177324444,0,-1.221326268,4.404139148,-3.182813693
86.44,-64.99637897,0.05295508783,0.5959958126,0.3177324443,0,-1.221326268,4.404139147,-3.18281369
86.45,-64.99637896,0.05295508788,0.5959958106,0.3177324443,0,-1.221326267,4.404139146,-3.182813688
86.46,-64.99637895,0.05295508793,0.5959958086,0.3177324442,0,-1.221326267,4.404139145,-3.182813685
86.47,-64.99637894,0.05295508799,0.5959958067,0.3177324441,0,-1.221326266,4.404139144,-3.182813683
86.48,-64.99637894,0.05295508804,0.5959958047,0.317732444,0,-1.221326266,4.404139143,-3.182813681
86.49,-64.99637893,0.05295508809,0.5959958027,0.317732444,0,-1.221326265,4.404139142,-3.182813678
86.5,-64.99637892,0.05295508814,0.5959958007,0.3177324439,0,-1.221326265,4.404139141,-3.182813676
86.51,-64.99637891,0.0529550882,0.5959957987,0.3177324438,0,-1.221326264,4.40413914,-3.182813673
86.52,-64.9963789,0.05295508825,0.5959957967,0.3177324438,0,-1.221326264,4.404139139,-3.182813671
86.53,-64.9963789,0.0529550883,0.5959957947,0.3177324437,0,-1.221326263,4.404139138,-3.182813669
86.54,-64.99637889,0.05295508835,0.5959957928,0.3177324436,0,-1.221326263,4.404139137,-3.182813666
86.55,-64.99637888,0.0529550884,0.5959957908,0.3177324436,0,-1.221326262,4.404139137,-3.182813664
86.56,-64.99637887,0.05295508846,0.5959957888,0.3177324435,0,-1.221326262,4.404139136,-3.182813661
86.57,-64.99637886,0.05295508851,0.5959957868,0.3177324434,0,-1.221326261,4.404139135,-3.182813659
86.58,-64.99637886,0.05295508856,0.5959957849,0.3177324434,0,-1.221326261,4.404139134,-3.182813657
86.59,-64.99637885,0.05295508861,0.5959957829,0.3177324433,0,-1.22132626,4.404139133,-3.182813654
86.6,-64.99637884,0.05295508866,0.5959957809,0.3177324432,0,-1.22132626,4.404139133,-3.182813652
86.61,-64.99637883,0.05295508871,0.595995779,0.3177324432,0,-1.221326259,4.404139132,-3.18281365
86.62,-64.99637882,0.05295508877,0.595995777,0.3177324431,0,-1.221326258,4.404139131,-3.182813647
86.63,-64.99637882,0.05295508882,0.5959957751,0.317732443,0,-1.221326258,4.40413913,-3.182813645
86.64,-64.99637881,0.05295508887,0.5959957731,0.317732443,0,-1.221326257,4.404139129,-3.182813643
86.65,-64.9963788,0.05295508892,0.5959957711,0.3177324429,0,-1.221326257,4.404139129,-3.18281364
86.66,-64.99637879,0.05295508897,0.5959957692,0.3177324428,0,-1.221326256,4.404139128,-3.182813638
86.67,-64.99637879,0.05295508902,0.5959957672,0.3177324428,0,-1.221326256,4.404139127,-3.182813636
86.68,-64.99637878,0.05295508907,0.5959957653,0.3177324427,0,-1.221326255,4.404139127,-3.182813634
86.69,-64.99637877,0.05295508912,0.5959957633,0.3177324427,0,-1.221326254,4.404139126,-3.182813631
86.7,-64.99637876,0.05295508917,0.5959957614,0.3177324426,0,-1.221326254,4.404139125,-3.182813629
86.71,-64.99637876,0.05295508922,0.5959957594,0.3177324425,0,-1.221326253,4.404139124,-3.182813627
86.72,-64.99637875,0.05295508927,0.5959957575,0.3177324425,0,-1.221326253,4.404139124,-3.182813624
86.73,-64.99637874,0.05295508932,0.5959957556,0.3177324424,0,-1.221326252,4.404139123,-3.182813622
86.74,-64.99637873,0.05295508937,0.5959957536,0.3177324423,0,-1.221326251,4.404139122,-3.18281362
86.75,-64.99637873,0.05295508942,0.5959957517,0.3177324423,0,-1.221326251,4.404139122,-3.182813618
86.76,-64.99637872,0.05295508947,0.5959957498,0.3177324422,0,-1.22132625,4.404139121,-3.182813615
86.77,-64.99637871,0.05295508952,0.5959957478,0.3177324422,0,-1.22132625,4.404139121,-3.182813613
86.78,-64.9963787,0.05295508957,0.5959957459,0.3177324421,0,-1.221326249,4.40413912,-3.182813611
86.79,-64.9963787,0.05295508962,0.595995744,0.317732442,0,-1.221326248,4.404139119,-3.182813609
86.8,-64.99637869,0.05295508967,0.595995742,0.317732442,0,-1.221326248,4.404139119,-3.182813607
86.81,-64.99637868,0.05295508972,0.5959957401,0.3177324419,0,-1.221326247,4.404139118,-3.182813604
86.82,-64.99637867,0.05295508976,0.5959957382,0.3177324419,0,-1.221326246,4.404139118,-3.182813602
86.83,-64.99637867,0.05295508981,0.5959957363,0.3177324418,0,-1.221326246,4.404139117,-3.1828136
86.84,-64.99637866,0.05295508986,0.5959957344,0.3177324417,0,-1.221326245,4.404139116,-3.182813598
86.85,-64.99637865,0.05295508991,0.5959957324,0.3177324417,0,-1.221326244,4.404139116,-3.182813596
86.86,-64.99637864,0.05295508996,0.5959957305,0.3177324416,0,-1.221326244,4.404139115,-3.182813593
86.87,-64.99637864,0.05295509001,0.5959957286,0.3177324416,0,-1.221326243,4.404139115,-3.182813591
86.88,-64.99637863,0.05295509005,0.5959957267,0.3177324415,0,-1.221326242,4.404139114,-3.182813589
86.89,-64.99637862,0.0529550901,0.5959957248,0.3177324415,0,-1.221326242,4.404139114,-3.182813587
86.9,-64.99637862,0.05295509015,0.5959957229,0.3177324414,0,-1.221326241,4.404139113,-3.182813585
86.91,-64.99637861,0.0529550902,0.595995721,0.3177324413,0,-1.22132624,4.404139113,-3.182813583
86.92,-64.9963786,0.05295509024,0.5959957191,0.3177324413,0,-1.22132624,4.404139112,-3.182813581
86.93,-64.99637859,0.05295509029,0.5959957172,0.3177324412,0,-1.221326239,4.404139112,-3.182813578
86.94,-64.99637859,0.05295509034,0.5959957153,0.3177324412,0,-1.221326238,4.404139111,-3.182813576
86.95,-64.99637858,0.05295509039,0.5959957134,0.3177324411,0,-1.221326238,4.404139111,-3.182813574
86.96,-64.99637857,0.05295509043,0.5959957115,0.3177324411,0,-1.221326237,4.40413911,-3.182813572
86.97,-64.99637857,0.05295509048,0.5959957096,0.317732441,0,-1.221326236,4.40413911,-3.18281357
86.98,-64.99637856,0.05295509053,0.5959957077,0.317732441,0,-1.221326235,4.40413911,-3.182813568
86.99,-64.99637855,0.05295509057,0.5959957058,0.3177324409,0,-1.221326235,4.404139109,-3.182813566
87,-64.99637855,0.05295509062,0.5959957039,0.3177324409,0,-1.221326234,4.404139109,-3.182813564
87.01,-64.99637854,0.05295509067,0.595995702,0.3177324408,0,-1.221326233,4.404139108,-3.182813562
87.02,-64.99637853,0.05295509071,0.5959957001,0.3177324407,0,-1.221326232,4.404139108,-3.18281356
87.03,-64.99637853,0.05295509076,0.5959956983,0.3177324407,0,-1.221326232,4.404139107,-3.182813558
87.04,-64.99637852,0.0529550908,0.5959956964,0.3177324406,0,-1.221326231,4.404139107,-3.182813556
87.05,-64.99637851,0.05295509085,0.5959956945,0.3177324406,0,-1.22132623,4.404139107,-3.182813554
87.06,-64.99637851,0.05295509089,0.5959956926,0.3177324405,0,-1.221326229,4.404139106,-3.182813552
87.07,-64.9963785,0.05295509094,0.5959956908,0.3177324405,0,-1.221326229,4.404139106,-3.18281355
87.08,-64.99637849,0.05295509098,0.5959956889,0.3177324404,0,-1.221326228,4.404139106,-3.182813548
87.09,-64.99637849,0.05295509103,0.595995687,0.3177324404,0,-1.221326227,4.404139105,-3.182813546
87.1,-64.99637848,0.05295509107,0.5959956851,0.3177324403,0,-1.221326226,4.404139105,-3.182813544
87.11,-64.99637847,0.05295509112,0.5959956833,0.3177324403,0,-1.221326225,4.404139104,-3.182813542
87.12,-64.99637847,0.05295509116,0.5959956814,0.3177324402,0,-1.221326225,4.404139104,-3.18281354
87.13,-64.99637846,0.05295509121,0.5959956796,0.3177324402,0,-1.221326224,4.404139104,-3.182813538
87.14,-64.99637845,0.05295509125,0.5959956777,0.3177324401,0,-1.221326223,4.404139103,-3.182813536
87.15,-64.99637845,0.0529550913,0.5959956758,0.3177324401,0,-1.221326222,4.404139103,-3.182813534
87.16,-64.99637844,0.05295509134,0.595995674,0.31773244,0,-1.221326221,4.404139103,-3.182813532
87.17,-64.99637843,0.05295509139,0.5959956721,0.31773244,0,-1.221326221,4.404139102,-3.18281353
87.18,-64.99637843,0.05295509143,0.5959956703,0.3177324399,0,-1.22132622,4.404139102,-3.182813528
87.19,-64.99637842,0.05295509147,0.5959956684,0.3177324399,0,-1.221326219,4.404139102,-3.182813526
87.2,-64.99637841,0.05295509152,0.5959956666,0.3177324398,0,-1.221326218,4.404139102,-3.182813524
87.21,-64.99637841,0.05295509156,0.5959956647,0.3177324398,0,-1.221326217,4.404139101,-3.182813522
87.22,-64.9963784,0.0529550916,0.5959956629,0.3177324398,0,-1.221326216,4.404139101,-3.18281352
87.23,-64.99637839,0.05295509165,0.595995661,0.3177324397,0,-1.221326215,4.404139101,-3.182813518
87.24,-64.99637839,0.05295509169,0.5959956592,0.3177324397,0,-1.221326215,4.4041391,-3.182813516
87.25,-64.99637838,0.05295509173,0.5959956574,0.3177324396,0,-1.221326214,4.4041391,-3.182813514
87.26,-64.99637838,0.05295509177,0.5959956555,0.3177324396,0,-1.221326213,4.4041391,-3.182813513
87.27,-64.99637837,0.05295509182,0.5959956537,0.3177324395,0,-1.221326212,4.4041391,-3.182813511
87.28,-64.99637836,0.05295509186,0.5959956518,0.3177324395,0,-1.221326211,4.404139099,-3.182813509
87.29,-64.99637836,0.0529550919,0.59599565,0.3177324394,0,-1.22132621,4.404139099,-3.182813507
87.3,-64.99637835,0.05295509194,0.5959956482,0.3177324394,0,-1.221326209,4.404139099,-3.182813505
87.31,-64.99637834,0.05295509199,0.5959956464,0.3177324393,0,-1.221326208,4.404139099,-3.182813503
87.32,-64.99637834,0.05295509203,0.5959956445,0.3177324393,0,-1.221326207,4.404139098,-3.182813501
87.33,-64.99637833,0.05295509207,0.5959956427,0.3177324392,0,-1.221326206,4.404139098,-3.1828135
87.34,-64.99637833,0.05295509211,0.5959956409,0.3177324392,0,-1.221326206,4.404139098,-3.182813498
87.35,-64.99637832,0.05295509215,0.5959956391,0.3177324392,0,-1.221326205,4.404139098,-3.182813496
87.36,-64.99637831,0.05295509219,0.5959956372,0.3177324391,0,-1.221326204,4.404139098,-3.182813494
87.37,-64.99637831,0.05295509223,0.5959956354,0.3177324391,0,-1.221326203,4.404139097,-3.182813492
87.38,-64.9963783,0.05295509227,0.5959956336,0.317732439,0,-1.221326202,4.404139097,-3.182813491
87.39,-64.9963783,0.05295509232,0.5959956318,0.317732439,0,-1.221326201,4.404139097,-3.182813489
87.4,-64.99637829,0.05295509236,0.59599563,0.3177324389,0,-1.2213262,4.404139097,-3.182813487
87.41,-64.99637828,0.0529550924,0.5959956282,0.3177324389,0,-1.221326199,4.404139097,-3.182813485
87.42,-64.99637828,0.05295509244,0.5959956264,0.3177324389,0,-1.221326198,4.404139096,-3.182813483
87.43,-64.99637827,0.05295509248,0.5959956246,0.3177324388,0,-1.221326197,4.404139096,-3.182813482
87.44,-64.99637827,0.05295509252,0.5959956228,0.3177324388,0,-1.221326196,4.404139096,-3.18281348
87.45,-64.99637826,0.05295509256,0.595995621,0.3177324387,0,-1.221326195,4.404139096,-3.182813478
87.46,-64.99637826,0.0529550926,0.5959956192,0.3177324387,0,-1.221326194,4.404139096,-3.182813477
87.47,-64.99637825,0.05295509264,0.5959956174,0.3177324387,0,-1.221326193,4.404139095,-3.182813475
87.48,-64.99637824,0.05295509267,0.5959956156,0.3177324386,0,-1.221326192,4.404139095,-3.182813473
87.49,-64.99637824,0.05295509271,0.5959956138,0.3177324386,0,-1.221326191,4.404139095,-3.182813471
87.5,-64.99637823,0.05295509275,0.595995612,0.3177324385,0,-1.22132619,4.404139095,-3.18281347
87.51,-64.99637823,0.05295509279,0.5959956102,0.3177324385,0,-1.221326189,4.404139095,-3.182813468
87.52,-64.99637822,0.05295509283,0.5959956084,0.3177324385,0,-1.221326188,4.404139095,-3.182813466
87.53,-64.99637822,0.05295509287,0.5959956066,0.3177324384,0,-1.221326187,4.404139095,-3.182813465
87.54,-64.99637821,0.05295509291,0.5959956048,0.3177324384,0,-1.221326186,4.404139094,-3.182813463
87.55,-64.9963782,0.05295509295,0.595995603,0.3177324383,0,-1.221326185,4.404139094,-3.182813461
87.56,-64.9963782,0.05295509298,0.5959956013,0.3177324383,0,-1.221326183,4.404139094,-3.18281346
87.57,-64.99637819,0.05295509302,0.5959955995,0.3177324383,0,-1.221326182,4.404139094,-3.182813458
87.58,-64.99637819,0.05295509306,0.5959955977,0.3177324382,0,-1.221326181,4.404139094,-3.182813456
87.59,-64.99637818,0.0529550931,0.5959955959,0.3177324382,0,-1.22132618,4.404139094,-3.182813455
87.6,-64.99637818,0.05295509313,0.5959955942,0.3177324381,0,-1.221326179,4.404139094,-3.182813453
87.61,-64.99637817,0.05295509317,0.5959955924,0.3177324381,0,-1.221326178,4.404139093,-3.182813452
87.62,-64.99637817,0.05295509321,0.5959955906,0.3177324381,0,-1.221326177,4.404139093,-3.18281345
87.63,-64.99637816,0.05295509325,0.5959955888,0.317732438,0,-1.221326176,4.404139093,-3.182813448
87.64,-64.99637816,0.05295509328,0.5959955871,0.317732438,0,-1.221326175,4.404139093,-3.182813447
87.65,-64.99637815,0.05295509332,0.5959955853,0.317732438,0,-1.221326173,4.404139093,-3.182813445
87.66,-64.99637815,0.05295509336,0.5959955835,0.3177324379,0,-1.221326172,4.404139093,-3.182813444
87.67,-64.99637814,0.05295509339,0.5959955818,0.3177324379,0,-1.221326171,4.404139093,-3.182813442
87.68,-64.99637813,0.05295509343,0.59599558,0.3177324378,0,-1.22132617,4.404139093,-3.18281344
87.69,-64.99637813,0.05295509346,0.5959955783,0.3177324378,0,-1.221326169,4.404139093,-3.182813439
87.7,-64.99637812,0.0529550935,0.5959955765,0.3177324378,0,-1.221326168,4.404139092,-3.182813437
87.71,-64.99637812,0.05295509354,0.5959955748,0.3177324377,0,-1.221326166,4.404139092,-3.182813436
87.72,-64.99637811,0.05295509357,0.595995573,0.3177324377,0,-1.221326165,4.404139092,-3.182813434
87.73,-64.99637811,0.05295509361,0.5959955713,0.3177324377,0,-1.221326164,4.404139092,-3.182813433
87.74,-64.9963781,0.05295509364,0.5959955695,0.3177324376,0,-1.221326163,4.404139092,-3.182813431
87.75,-64.9963781,0.05295509368,0.5959955678,0.3177324376,0,-1.221326162,4.404139092,-3.18281343
87.76,-64.99637809,0.05295509371,0.595995566,0.3177324376,0,-1.22132616,4.404139092,-3.182813428
87.77,-64.99637809,0.05295509375,0.5959955643,0.3177324375,0,-1.221326159,4.404139092,-3.182813427
87.78,-64.99637808,0.05295509378,0.5959955625,0.3177324375,0,-1.221326158,4.404139092,-3.182813425
87.79,-64.99637808,0.05295509381,0.5959955608,0.3177324375,0,-1.221326157,4.404139092,-3.182813424
87.8,-64.99637807,0.05295509385,0.5959955591,0.3177324374,0,-1.221326156,4.404139092,-3.182813422
87.81,-64.99637807,0.05295509388,0.5959955573,0.3177324374,0,-1.221326154,4.404139091,-3.182813421
87.82,-64.99637806,0.05295509392,0.5959955556,0.3177324374,0,-1.221326153,4.404139091,-3.182813419
87.83,-64.99637806,0.05295509395,0.5959955539,0.3177324373,0,-1.221326152,4.404139091,-3.182813418
87.84,-64.99637806,0.05295509398,0.5959955521,0.3177324373,0,-1.221326151,4.404139091,-3.182813417
87.85,-64.99637805,0.05295509402,0.5959955504,0.3177324373,0,-1.221326149,4.404139091,-3.182813415
87.86,-64.99637805,0.05295509405,0.5959955487,0.3177324372,0,-1.221326148,4.404139091,-3.182813414
87.87,-64.99637804,0.05295509408,0.595995547,0.3177324372,0,-1.221326147,4.404139091,-3.182813412
87.88,-64.99637804,0.05295509412,0.5959955452,0.3177324372,0,-1.221326145,4.404139091,-3.182813411
87.89,-64.99637803,0.05295509415,0.5959955435,0.3177324371,0,-1.221326144,4.404139091,-3.18281341
87.9,-64.99637803,0.05295509418,0.5959955418,0.3177324371,0,-1.221326143,4.404139091,-3.182813408
87.91,-64.99637802,0.05295509422,0.5959955401,0.3177324371,0,-1.221326141,4.404139091,-3.182813407
87.92,-64.99637802,0.05295509425,0.5959955384,0.317732437,0,-1.22132614,4.404139091,-3.182813405
87.93,-64.99637801,0.05295509428,0.5959955367,0.317732437,0,-1.221326139,4.404139091,-3.182813404
87.94,-64.99637801,0.05295509431,0.5959955349,0.317732437,0,-1.221326137,4.40413909,-3.182813403
87.95,-64.996378,0.05295509434,0.5959955332,0.3177324369,0,-1.221326136,4.40413909,-3.182813401
87.96,-64.996378,0.05295509438,0.5959955315,0.3177324369,0,-1.221326135,4.40413909,-3.1828134
87.97,-64.996378,0.05295509441,0.5959955298,0.3177324369,0,-1.221326133,4.40413909,-3.182813399
87.98,-64.99637799,0.05295509444,0.5959955281,0.3177324368,0,-1.221326132,4.40413909,-3.182813397
87.99,-64.99637799,0.05295509447,0.5959955264,0.3177324368,0,-1.221326131,4.40413909,-3.182813396
88,-64.99637798,0.0529550945,0.5959955247,0.3177324368,0,-1.221326129,4.40413909,-3.182813395
88.01,-64.99637798,0.05295509453,0.595995523,0.3177324368,0,-1.221326128,4.40413909,-3.182813393
88.02,-64.99637797,0.05295509456,0.5959955213,0.3177324367,0,-1.221326126,4.40413909,-3.182813392
88.03,-64.99637797,0.05295509459,0.5959955196,0.3177324367,0,-1.221326125,4.40413909,-3.182813391
88.04,-64.99637797,0.05295509462,0.5959955179,0.3177324367,0,-1.221326124,4.40413909,-3.18281339
88.05,-64.99637796,0.05295509465,0.5959955162,0.3177324366,0,-1.221326122,4.40413909,-3.182813388
88.06,-64.99637796,0.05295509468,0.5959955145,0.3177324366,0,-1.221326121,4.40413909,-3.182813387
88.07,-64.99637795,0.05295509471,0.5959955129,0.3177324366,0,-1.221326119,4.40413909,-3.182813386
88.08,-64.99637795,0.05295509474,0.5959955112,0.3177324366,0,-1.221326118,4.404139089,-3.182813385
88.09,-64.99637794,0.05295509477,0.5959955095,0.3177324365,0,-1.221326116,4.404139089,-3.182813383
88.1,-64.99637794,0.0529550948,0.5959955078,0.3177324365,0,-1.221326115,4.404139089,-3.182813382
88.11,-64.99637794,0.05295509483,0.5959955061,0.3177324365,0,-1.221326114,4.404139089,-3.182813381
88.12,-64.99637793,0.05295509486,0.5959955044,0.3177324364,0,-1.221326112,4.404139089,-3.18281338
88.13,-64.99637793,0.05295509489,0.5959955028,0.3177324364,0,-1.221326111,4.404139089,-3.182813379
88.14,-64.99637792,0.05295509492,0.5959955011,0.3177324364,0,-1.221326109,4.404139089,-3.182813377
88.15,-64.99637792,0.05295509495,0.5959954994,0.3177324364,0,-1.221326108,4.404139089,-3.182813376
88.16,-64.99637792,0.05295509497,0.5959954978,0.3177324363,0,-1.221326106,4.404139089,-3.182813375
88.17,-64.99637791,0.052955095,0.5959954961,0.3177324363,0,-1.221326105,4.404139089,-3.182813374
88.18,-64.99637791,0.05295509503,0.5959954944,0.3177324363,0,-1.221326103,4.404139089,-3.182813373
88.19,-64.9963779,0.05295509506,0.5959954927,0.3177324363,0,-1.221326102,4.404139089,-3.182813371
88.2,-64.9963779,0.05295509509,0.5959954911,0.3177324362,0,-1.2213261,4.404139089,-3.18281337
88.21,-64.9963779,0.05295509511,0.5959954894,0.3177324362,0,-1.221326099,4.404139089,-3.182813369
88.22,-64.99637789,0.05295509514,0.5959954878,0.3177324362,0,-1.221326097,4.404139088,-3.182813368
88.23,-64.99637789,0.05295509517,0.5959954861,0.3177324361,0,-1.221326095,4.404139088,-3.182813367
88.24,-64.99637789,0.0529550952,0.5959954844,0.3177324361,0,-1.221326094,4.404139088,-3.182813366
88.25,-64.99637788,0.05295509522,0.5959954828,0.3177324361,0,-1.221326092,4.404139088,-3.182813365
88.26,-64.99637788,0.05295509525,0.5959954811,0.3177324361,0,-1.221326091,4.404139088,-3.182813364
88.27,-64.99637787,0.05295509528,0.5959954795,0.317732436,0,-1.221326089,4.404139088,-3.182813362
88.28,-64.99637787,0.0529550953,0.5959954778,0.317732436,0,-1.221326088,4.404139088,-3.182813361
88.29,-64.99637787,0.05295509533,0.5959954762,0.317732436,0,-1.221326086,4.404139088,-3.18281336
88.3,-64.99637786,0.05295509536,0.5959954745,0.317732436,0,-1.221326084,4.404139088,-3.182813359
88.31,-64.99637786,0.05295509538,0.5959954729,0.3177324359,0,-1.221326083,4.404139088,-3.182813358
88.32,-64.99637786,0.05295509541,0.5959954713,0.3177324359,0,-1.221326081,4.404139088,-3.182813357
88.33,-64.99637785,0.05295509543,0.5959954696,0.3177324359,0,-1.221326079,4.404139088,-3.182813356
88.34,-64.99637785,0.05295509546,0.595995468,0.3177324359,0,-1.221326078,4.404139087,-3.182813355
88.35,-64.99637785,0.05295509548,0.5959954663,0.3177324358,0,-1.221326076,4.404139087,-3.182813354
88.36,-64.99637784,0.05295509551,0.5959954647,0.3177324358,0,-1.221326075,4.404139087,-3.182813353
88.37,-64.99637784,0.05295509553,0.5959954631,0.3177324358,0,-1.221326073,4.404139087,-3.182813352
88.38,-64.99637784,0.05295509556,0.5959954614,0.3177324358,0,-1.221326071,4.404139087,-3.182813351
88.39,-64.99637783,0.05295509558,0.5959954598,0.3177324357,0,-1.22132607,4.404139087,-3.18281335
88.4,-64.99637783,0.05295509561,0.5959954582,0.3177324357,0,-1.221326068,4.404139087,-3.182813349
88.41,-64.99637783,0.05295509563,0.5959954566,0.3177324357,0,-1.221326066,4.404139087,-3.182813348
88.42,-64.99637782,0.05295509566,0.5959954549,0.3177324357,0,-1.221326065,4.404139087,-3.182813347
88.43,-64.99637782,0.05295509568,0.5959954533,0.3177324357,0,-1.221326063,4.404139086,-3.182813346
88.44,-64.99637782,0.0529550957,0.5959954517,0.3177324356,0,-1.221326061,4.404139086,-3.182813345
88.45,-64.99637781,0.05295509573,0.5959954501,0.3177324356,0,-1.221326059,4.404139086,-3.182813344
88.46,-64.99637781,0.05295509575,0.5959954484,0.3177324356,0,-1.221326058,4.404139086,-3.182813343
88.47,-64.99637781,0.05295509578,0.5959954468,0.3177324356,0,-1.221326056,4.404139086,-3.182813342
88.48,-64.9963778,0.0529550958,0.5959954452,0.3177324355,0,-1.221326054,4.404139086,-3.182813341
88.49,-64.9963778,0.05295509582,0.5959954436,0.3177324355,0,-1.221326053,4.404139086,-3.18281334
88.5,-64.9963778,0.05295509584,0.595995442,0.3177324355,0,-1.221326051,4.404139086,-3.182813339
88.51,-64.9963778,0.05295509587,0.5959954404,0.3177324355,0,-1.221326049,4.404139086,-3.182813339
88.52,-64.99637779,0.05295509589,0.5959954388,0.3177324354,0,-1.221326047,4.404139085,-3.182813338
88.53,-64.99637779,0.05295509591,0.5959954372,0.3177324354,0,-1.221326045,4.404139085,-3.182813337
88.54,-64.99637779,0.05295509593,0.5959954356,0.3177324354,0,-1.221326044,4.404139085,-3.182813336
88.55,-64.99637778,0.05295509596,0.595995434,0.3177324354,0,-1.221326042,4.404139085,-3.182813335
88.56,-64.99637778,0.05295509598,0.5959954324,0.3177324354,0,-1.22132604,4.404139085,-3.182813334
88.57,-64.99637778,0.052955096,0.5959954308,0.3177324353,0,-1.221326038,4.404139085,-3.182813333
88.58,-64.99637777,0.05295509602,0.5959954292,0.3177324353,0,-1.221326037,4.404139085,-3.182813332
88.59,-64.99637777,0.05295509604,0.5959954276,0.3177324353,0,-1.221326035,4.404139084,-3.182813332
88.6,-64.99637777,0.05295509606,0.595995426,0.3177324353,0,-1.221326033,4.404139084,-3.182813331
88.61,-64.99637777,0.05295509609,0.5959954244,0.3177324353,0,-1.221326031,4.404139084,-3.18281333
88.62,-64.99637776,0.05295509611,0.5959954228,0.3177324352,0,-1.221326029,4.404139084,-3.182813329
88.63,-64.99637776,0.05295509613,0.5959954212,0.3177324352,0,-1.221326027,4.404139084,-3.182813328
88.64,-64.99637776,0.05295509615,0.5959954196,0.3177324352,0,-1.221326026,4.404139084,-3.182813327
88.65,-64.99637776,0.05295509617,0.595995418,0.3177324352,0,-1.221326024,4.404139084,-3.182813327
88.66,-64.99637775,0.05295509619,0.5959954165,0.3177324351,0,-1.221326022,4.404139083,-3.182813326
88.67,-64.99637775,0.05295509621,0.5959954149,0.3177324351,0,-1.22132602,4.404139083,-3.182813325
88.68,-64.99637775,0.05295509623,0.5959954133,0.3177324351,0,-1.221326018,4.404139083,-3.182813324
88.69,-64.99637774,0.05295509625,0.5959954117,0.3177324351,0,-1.221326016,4.404139083,-3.182813323
88.7,-64.99637774,0.05295509627,0.5959954101,0.3177324351,0,-1.221326014,4.404139083,-3.182813323
88.71,-64.99637774,0.05295509629,0.5959954086,0.317732435,0,-1.221326012,4.404139082,-3.182813322
88.72,-64.99637774,0.05295509631,0.595995407,0.317732435,0,-1.22132601,4.404139082,-3.182813321
88.73,-64.99637773,0.05295509633,0.5959954054,0.317732435,0,-1.221326009,4.404139082,-3.18281332
88.74,-64.99637773,0.05295509635,0.5959954039,0.317732435,0,-1.221326007,4.404139082,-3.18281332
88.75,-64.99637773,0.05295509636,0.5959954023,0.317732435,0,-1.221326005,4.404139082,-3.182813319
88.76,-64.99637773,0.05295509638,0.5959954007,0.3177324349,0,-1.221326003,4.404139082,-3.182813318
88.77,-64.99637773,0.0529550964,0.5959953992,0.3177324349,0,-1.221326001,4.404139081,-3.182813318
88.78,-64.99637772,0.05295509642,0.5959953976,0.3177324349,0,-1.221325999,4.404139081,-3.182813317
88.79,-64.99637772,0.05295509644,0.595995396,0.3177324349,0,-1.221325997,4.404139081,-3.182813316
88.8,-64.99637772,0.05295509646,0.5959953945,0.3177324349,0,-1.221325995,4.404139081,-3.182813315
88.81,-64.99637772,0.05295509648,0.5959953929,0.3177324349,0,-1.221325993,4.40413908,-3.182813315
88.82,-64.99637771,0.05295509649,0.5959953914,0.3177324348,0,-1.221325991,4.40413908,-3.182813314
88.83,-64.99637771,0.05295509651,0.5959953898,0.3177324348,0,-1.221325989,4.40413908,-3.182813313
88.84,-64.99637771,0.05295509653,0.5959953883,0.3177324348,0,-1.221325987,4.40413908,-3.182813313
88.85,-64.99637771,0.05295509655,0.5959953867,0.3177324348,0,-1.221325985,4.40413908,-3.182813312
88.86,-64.9963777,0.05295509656,0.5959953852,0.3177324348,0,-1.221325983,4.404139079,-3.182813311
88.87,-64.9963777,0.05295509658,0.5959953836,0.3177324347,0,-1.221325981,4.404139079,-3.182813311
88.88,-64.9963777,0.0529550966,0.5959953821,0.3177324347,0,-1.221325979,4.404139079,-3.18281331
88.89,-64.9963777,0.05295509661,0.5959953805,0.3177324347,0,-1.221325977,4.404139079,-3.18281331
88.9,-64.9963777,0.05295509663,0.595995379,0.3177324347,0,-1.221325975,4.404139078,-3.182813309
88.91,-64.99637769,0.05295509665,0.5959953775,0.3177324347,0,-1.221325973,4.404139078,-3.182813308
88.92,-64.99637769,0.05295509666,0.5959953759,0.3177324346,0,-1.221325971,4.404139078,-3.182813308
88.93,-64.99637769,0.05295509668,0.5959953744,0.3177324346,0,-1.221325969,4.404139078,-3.182813307
88.94,-64.99637769,0.05295509669,0.5959953729,0.3177324346,0,-1.221325967,4.404139077,-3.182813306
88.95,-64.99637769,0.05295509671,0.5959953713,0.3177324346,0,-1.221325965,4.404139077,-3.182813306
88.96,-64.99637768,0.05295509673,0.5959953698,0.3177324346,0,-1.221325963,4.404139077,-3.182813305
88.97,-64.99637768,0.05295509674,0.5959953683,0.3177324346,0,-1.221325961,4.404139077,-3.182813305
88.98,-64.99637768,0.05295509676,0.5959953667,0.3177324345,0,-1.221325958,4.404139076,-3.182813304
88.99,-64.99637768,0.05295509677,0.5959953652,0.3177324345,0,-1.221325956,4.404139076,-3.182813304
89,-64.99637768,0.05295509679,0.5959953637,0.3177324345,0,-1.221325954,4.404139076,-3.182813303
89.01,-64.99637768,0.0529550968,0.5959953622,0.3177324345,0,-1.221325952,4.404139075,-3.182813303
89.02,-64.99637767,0.05295509682,0.5959953606,0.3177324345,0,-1.22132595,4.404139075,-3.182813302
89.03,-64.99637767,0.05295509683,0.5959953591,0.3177324345,0,-1.221325948,4.404139075,-3.182813301
89.04,-64.99637767,0.05295509685,0.5959953576,0.3177324344,0,-1.221325946,4.404139075,-3.182813301
89.05,-64.99637767,0.05295509686,0.5959953561,0.3177324344,0,-1.221325944,4.404139074,-3.1828133
89.06,-64.99637767,0.05295509687,0.5959953546,0.3177324344,0,-1.221325941,4.404139074,-3.1828133
89.07,-64.99637766,0.05295509689,0.5959953531,0.3177324344,0,-1.221325939,4.404139074,-3.182813299
89.08,-64.99637766,0.0529550969,0.5959953516,0.3177324344,0,-1.221325937,4.404139073,-3.182813299
89.09,-64.99637766,0.05295509692,0.5959953501,0.3177324344,0,-1.221325935,4.404139073,-3.182813298
89.1,-64.99637766,0.05295509693,0.5959953485,0.3177324343,0,-1.221325933,4.404139073,-3.182813298
89.11,-64.99637766,0.05295509694,0.595995347,0.3177324343,0,-1.221325931,4.404139072,-3.182813298
89.12,-64.99637766,0.05295509696,0.5959953455,0.3177324343,0,-1.221325929,4.404139072,-3.182813297
89.13,-64.99637766,0.05295509697,0.595995344,0.3177324343,0,-1.221325926,4.404139072,-3.182813297
89.14,-64.99637765,0.05295509698,0.5959953425,0.3177324343,0,-1.221325924,4.404139071,-3.182813296
89.15,-64.99637765,0.05295509699,0.595995341,0.3177324343,0,-1.221325922,4.404139071,-3.182813296
89.16,-64.99637765,0.05295509701,0.5959953395,0.3177324342,0,-1.22132592,4.404139071,-3.182813295
89.17,-64.99637765,0.05295509702,0.595995338,0.3177324342,0,-1.221325917,4.40413907,-3.182813295
89.18,-64.99637765,0.05295509703,0.5959953366,0.3177324342,0,-1.221325915,4.40413907,-3.182813294
89.19,-64.99637765,0.05295509704,0.5959953351,0.3177324342,0,-1.221325913,4.404139069,-3.182813294
89.2,-64.99637765,0.05295509706,0.5959953336,0.3177324342,0,-1.221325911,4.404139069,-3.182813294
89.21,-64.99637764,0.05295509707,0.5959953321,0.3177324342,0,-1.221325909,4.404139069,-3.182813293
89.22,-64.99637764,0.05295509708,0.5959953306,0.3177324341,0,-1.221325906,4.404139068,-3.182813293
89.23,-64.99637764,0.05295509709,0.5959953291,0.3177324341,0,-1.221325904,4.404139068,-3.182813292
89.24,-64.99637764,0.0529550971,0.5959953276,0.3177324341,0,-1.221325902,4.404139068,-3.182813292
89.25,-64.99637764,0.05295509711,0.5959953261,0.3177324341,0,-1.2213259,4.404139067,-3.182813292
89.26,-64.99637764,0.05295509713,0.5959953247,0.3177324341,0,-1.221325897,4.404139067,-3.182813291
89.27,-64.99637764,0.05295509714,0.5959953232,0.3177324341,0,-1.221325895,4.404139066,-3.182813291
89.28,-64.99637764,0.05295509715,0.5959953217,0.3177324341,0,-1.221325893,4.404139066,-3.182813291
89.29,-64.99637763,0.05295509716,0.5959953202,0.317732434,0,-1.22132589,4.404139066,-3.18281329
89.3,-64.99637763,0.05295509717,0.5959953188,0.317732434,0,-1.221325888,4.404139065,-3.18281329
89.31,-64.99637763,0.05295509718,0.5959953173,0.317732434,0,-1.221325886,4.404139065,-3.18281329
89.32,-64.99637763,0.05295509719,0.5959953158,0.317732434,0,-1.221325883,4.404139064,-3.182813289
89.33,-64.99637763,0.0529550972,0.5959953144,0.317732434,0,-1.221325881,4.404139064,-3.182813289
89.34,-64.99637763,0.05295509721,0.5959953129,0.317732434,0,-1.221325879,4.404139063,-3.182813289
89.35,-64.99637763,0.05295509722,0.5959953114,0.317732434,0,-1.221325877,4.404139063,-3.182813288
89.36,-64.99637763,0.05295509723,0.59599531,0.3177324339,0,-1.221325874,4.404139062,-3.182813288
89.37,-64.99637763,0.05295509724,0.5959953085,0.3177324339,0,-1.221325872,4.404139062,-3.182813288
89.38,-64.99637762,0.05295509725,0.595995307,0.3177324339,0,-1.221325869,4.404139062,-3.182813287
89.39,-64.99637762,0.05295509726,0.5959953056,0.3177324339,0,-1.221325867,4.404139061,-3.182813287
89.4,-64.99637762,0.05295509727,0.5959953041,0.3177324339,0,-1.221325865,4.404139061,-3.182813287
89.41,-64.99637762,0.05295509727,0.5959953027,0.3177324339,0,-1.221325862,4.40413906,-3.182813287
89.42,-64.99637762,0.05295509728,0.5959953012,0.3177324338,0,-1.22132586,4.40413906,-3.182813286
89.43,-64.99637762,0.05295509729,0.5959952998,0.3177324338,0,-1.221325858,4.404139059,-3.182813286
89.44,-64.99637762,0.0529550973,0.5959952983,0.3177324338,0,-1.221325855,4.404139059,-3.182813286
89.45,-64.99637762,0.05295509731,0.5959952969,0.3177324338,0,-1.221325853,4.404139058,-3.182813286
89.46,-64.99637762,0.05295509732,0.5959952954,0.3177324338,0,-1.22132585,4.404139058,-3.182813285
89.47,-64.99637762,0.05295509733,0.595995294,0.3177324338,0,-1.221325848,4.404139057,-3.182813285
89.48,-64.99637762,0.05295509733,0.5959952925,0.3177324338,0,-1.221325846,4.404139057,-3.182813285
89.49,-64.99637762,0.05295509734,0.5959952911,0.3177324337,0,-1.221325843,4.404139056,-3.182813285
89.5,-64.99637761,0.05295509735,0.5959952897,0.3177324337,0,-1.221325841,4.404139056,-3.182813284
89.51,-64.99637761,0.05295509736,0.5959952882,0.3177324337,0,-1.221325838,4.404139055,-3.182813284
89.52,-64.99637761,0.05295509736,0.5959952868,0.3177324337,0,-1.221325836,4.404139055,-3.182813284
89.53,-64.99637761,0.05295509737,0.5959952854,0.3177324337,0,-1.221325833,4.404139054,-3.182813284
89.54,-64.99637761,0.05295509738,0.5959952839,0.3177324337,0,-1.221325831,4.404139054,-3.182813284
89.55,-64.99637761,0.05295509739,0.5959952825,0.3177324337,0,-1.221325829,4.404139053,-3.182813283
89.56,-64.99637761,0.05295509739,0.5959952811,0.3177324337,0,-1.221325826,4.404139052,-3.182813283
89.57,-64.99637761,0.0529550974,0.5959952796,0.3177324336,0,-1.221325824,4.404139052,-3.182813283
89.58,-64.99637761,0.05295509741,0.5959952782,0.3177324336,0,-1.221325821,4.404139051,-3.182813283
89.59,-64.99637761,0.05295509741,0.5959952768,0.3177324336,0,-1.221325819,4.404139051,-3.182813283
89.6,-64.99637761,0.05295509742,0.5959952754,0.3177324336,0,-1.221325816,4.40413905,-3.182813283
89.61,-64.99637761,0.05295509742,0.5959952739,0.3177324336,0,-1.221325814,4.40413905,-3.182813282
89.62,-64.99637761,0.05295509743,0.5959952725,0.3177324336,0,-1.221325811,4.404139049,-3.182813282
89.63,-64.99637761,0.05295509744,0.5959952711,0.3177324336,0,-1.221325809,4.404139048,-3.182813282
89.64,-64.99637761,0.05295509744,0.5959952697,0.3177324335,0,-1.221325806,4.404139048,-3.182813282
89.65,-64.99637761,0.05295509745,0.5959952683,0.3177324335,0,-1.221325804,4.404139047,-3.182813282
89.66,-64.99637761,0.05295509745,0.5959952669,0.3177324335,0,-1.221325801,4.404139047,-3.182813282
89.67,-64.99637761,0.05295509746,0.5959952655,0.3177324335,0,-1.221325799,4.404139046,-3.182813282
89.68,-64.99637761,0.05295509746,0.595995264,0.3177324335,0,-1.221325796,4.404139045,-3.182813282
89.69,-64.99637761,0.05295509747,0.5959952626,0.3177324335,0,-1.221325794,4.404139045,-3.182813282
89.7,-64.9963776,0.05295509747,0.5959952612,0.3177324335,0,-1.221325791,4.404139044,-3.182813281
89.71,-64.9963776,0.05295509748,0.5959952598,0.3177324334,0,-1.221325789,4.404139043,-3.182813281
89.72,-64.9963776,0.05295509748,0.5959952584,0.3177324334,0,-1.221325786,4.404139043,-3.182813281
89.73,-64.9963776,0.05295509749,0.595995257,0.3177324334,0,-1.221325783,4.404139042,-3.182813281
89.74,-64.9963776,0.05295509749,0.5959952556,0.3177324334,0,-1.221325781,4.404139042,-3.182813281
89.75,-64.9963776,0.0529550975,0.5959952542,0.3177324334,0,-1.221325778,4.404139041,-3.182813281
89.76,-64.9963776,0.0529550975,0.5959952528,0.3177324334,0,-1.221325776,4.40413904,-3.182813281
89.77,-64.9963776,0.05295509751,0.5959952514,0.3177324334,0,-1.221325773,4.40413904,-3.182813281
89.78,-64.9963776,0.05295509751,0.59599525,0.3177324334,0,-1.221325771,4.404139039,-3.182813281
89.79,-64.9963776,0.05295509751,0.5959952486,0.3177324333,0,-1.221325768,4.404139038,-3.182813281
89.8,-64.9963776,0.05295509752,0.5959952473,0.3177324333,0,-1.221325765,4.404139038,-3.182813281
89.81,-64.9963776,0.05295509752,0.5959952459,0.3177324333,0,-1.221325763,4.404139037,-3.182813281
89.82,-64.9963776,0.05295509752,0.5959952445,0.3177324333,0,-1.22132576,4.404139036,-3.182813281
89.83,-64.9963776,0.05295509753,0.5959952431,0.3177324333,0,-1.221325758,4.404139035,-3.182813281
89.84,-64.9963776,0.05295509753,0.5959952417,0.3177324333,0,-1.221325755,4.404139035,-3.182813281
89.85,-64.9963776,0.05295509753,0.5959952403,0.3177324333,0,-1.221325752,4.404139034,-3.182813281
89.86,-64.9963776,0.05295509754,0.5959952389,0.3177324333,0,-1.22132575,4.404139033,-3.182813281
89.87,-64.9963776,0.05295509754,0.5959952376,0.3177324332,0,-1.221325747,4.404139033,-3.182813281
89.88,-64.9963776,0.05295509754,0.5959952362,0.3177324332,0,-1.221325744,4.404139032,-3.182813281
89.89,-64.9963776,0.05295509754,0.5959952348,0.3177324332,0,-1.221325742,4.404139031,-3.182813281
89.9,-64.9963776,0.05295509755,0.5959952334,0.3177324332,0,-1.221325739,4.40413903,-3.182813281
89.91,-64.9963776,0.05295509755,0.5959952321,0.3177324332,0,-1.221325736,4.40413903,-3.182813281
89.92,-64.9963776,0.05295509755,0.5959952307,0.3177324332,0,-1.221325734,4.404139029,-3.182813281
89.93,-64.9963776,0.05295509755,0.5959952293,0.3177324332,0,-1.221325731,4.404139028,-3.182813281
89.94,-64.9963776,0.05295509756,0.595995228,0.3177324332,0,-1.221325728,4.404139027,-3.182813281
89.95,-64.9963776,0.05295509756,0.5959952266,0.3177324331,0,-1.221325726,4.404139027,-3.182813281
89.96,-64.9963776,0.05295509756,0.5959952252,0.3177324331,0,-1.221325723,4.404139026,-3.182813281
89.97,-64.9963776,0.05295509756,0.5959952239,0.3177324331,0,-1.22132572,4.404139025,-3.182813281
89.98,-64.9963776,0.05295509756,0.5959952225,0.3177324331,0,-1.221325718,4.404139024,-3.182813281
89.99,-64.9963776,0.05295509756,0.5959952212,0.3177324331,0,-1.221325715,4.404139023,-3.182813281
90,-64.99637761,0.05295509756,0.5959952198,0.3177324331,0,-1.221325712,4.404139023,-3.182813282
90.01,-64.99637761,0.05295509757,0.5959952184,0.3177324331,0,-1.22132571,4.404139022,-3.182813282
90.02,-64.99637761,0.05295509757,0.5959952171,0.3177324331,0,-1.221325707,4.404139021,-3.182813282
90.03,-64.99637761,0.05295509757,0.5959952157,0.317732433,0,-1.221325704,4.40413902,-3.182813282
90.04,-64.99637761,0.05295509757,0.5959952144,0.317732433,0,-1.221325702,4.404139019,-3.182813282
90.05,-64.99637761,0.05295509757,0.595995213,0.317732433,0,-1.221325699,4.404139019,-3.182813282
90.06,-64.99637761,0.05295509757,0.5959952117,0.317732433,0,-1.221325696,4.404139018,-3.182813282
90.07,-64.99637761,0.05295509757,0.5959952103,0.317732433,0,-1.221325693,4.404139017,-3.182813282
90.08,-64.99637761,0.05295509757,0.595995209,0.317732433,0,-1.221325691,4.404139016,-3.182813282
90.09,-64.99637761,0.05295509757,0.5959952076,0.317732433,0,-1.221325688,4.404139015,-3.182813283
90.1,-64.99637761,0.05295509757,0.5959952063,0.317732433,0,-1.221325685,4.404139014,-3.182813283
90.11,-64.99637761,0.05295509757,0.595995205,0.3177324329,0,-1.221325682,4.404139013,-3.182813283
90.12,-64.99637761,0.05295509757,0.5959952036,0.3177324329,0,-1.22132568,4.404139013,-3.182813283
90.13,-64.99637761,0.05295509757,0.5959952023,0.3177324329,0,-1.221325677,4.404139012,-3.182813283
90.14,-64.99637761,0.05295509757,0.595995201,0.3177324329,0,-1.221325674,4.404139011,-3.182813283
90.15,-64.99637761,0.05295509757,0.5959951996,0.3177324329,0,-1.221325671,4.40413901,-3.182813283
90.16,-64.99637761,0.05295509757,0.5959951983,0.3177324329,0,-1.221325669,4.404139009,-3.182813284
90.17,-64.99637761,0.05295509757,0.595995197,0.3177324329,0,-1.221325666,4.404139008,-3.182813284
90.18,-64.99637761,0.05295509756,0.5959951956,0.3177324329,0,-1.221325663,4.404139007,-3.182813284
90.19,-64.99637761,0.05295509756,0.5959951943,0.3177324328,0,-1.22132566,4.404139006,-3.182813284
90.2,-64.99637761,0.05295509756,0.595995193,0.3177324328,0,-1.221325657,4.404139005,-3.182813284
90.21,-64.99637762,0.05295509756,0.5959951917,0.3177324328,0,-1.221325655,4.404139004,-3.182813285
90.22,-64.99637762,0.05295509756,0.5959951903,0.3177324328,0,-1.221325652,4.404139004,-3.182813285
90.23,-64.99637762,0.05295509756,0.595995189,0.3177324328,0,-1.221325649,4.404139003,-3.182813285
90.24,-64.99637762,0.05295509756,0.5959951877,0.3177324328,0,-1.221325646,4.404139002,-3.182813285
90.25,-64.99637762,0.05295509755,0.5959951864,0.3177324328,0,-1.221325643,4.404139001,-3.182813285
90.26,-64.99637762,0.05295509755,0.5959951851,0.3177324328,0,-1.221325641,4.404139,-3.182813286
90.27,-64.99637762,0.05295509755,0.5959951837,0.3177324327,0,-1.221325638,4.404138999,-3.182813286
90.28,-64.99637762,0.05295509755,0.5959951824,0.3177324327,0,-1.221325635,4.404138998,-3.182813286
90.29,-64.99637762,0.05295509755,0.5959951811,0.3177324327,0,-1.221325632,4.404138997,-3.182813286
90.3,-64.99637762,0.05295509754,0.5959951798,0.3177324327,0,-1.221325629,4.404138996,-3.182813286
90.31,-64.99637762,0.05295509754,0.5959951785,0.3177324327,0,-1.221325626,4.404138995,-3.182813287
90.32,-64.99637762,0.05295509754,0.5959951772,0.3177324327,0,-1.221325624,4.404138994,-3.182813287
90.33,-64.99637762,0.05295509754,0.5959951759,0.3177324327,0,-1.221325621,4.404138993,-3.182813287
90.34,-64.99637762,0.05295509753,0.5959951746,0.3177324327,0,-1.221325618,4.404138992,-3.182813287
90.35,-64.99637763,0.05295509753,0.5959951733,0.3177324326,0,-1.221325615,4.404138991,-3.182813288
90.36,-64.99637763,0.05295509753,0.595995172,0.3177324326,0,-1.221325612,4.40413899,-3.182813288
90.37,-64.99637763,0.05295509752,0.5959951707,0.3177324326,0,-1.221325609,4.404138989,-3.182813288
90.38,-64.99637763,0.05295509752,0.5959951694,0.3177324326,0,-1.221325606,4.404138988,-3.182813289
90.39,-64.99637763,0.05295509752,0.5959951681,0.3177324326,0,-1.221325603,4.404138987,-3.182813289
90.4,-64.99637763,0.05295509751,0.5959951668,0.3177324326,0,-1.221325601,4.404138986,-3.182813289
90.41,-64.99637763,0.05295509751,0.5959951655,0.3177324326,0,-1.221325598,4.404138985,-3.182813289
90.42,-64.99637763,0.05295509751,0.5959951642,0.3177324326,0,-1.221325595,4.404138984,-3.18281329
90.43,-64.99637763,0.0529550975,0.5959951629,0.3177324325,0,-1.221325592,4.404138983,-3.18281329
90.44,-64.99637763,0.0529550975,0.5959951616,0.3177324325,0,-1.221325589,4.404138982,-3.18281329
90.45,-64.99637764,0.0529550975,0.5959951603,0.3177324325,0,-1.221325586,4.404138981,-3.182813291
90.46,-64.99637764,0.05295509749,0.5959951591,0.3177324325,0,-1.221325583,4.404138979,-3.182813291
90.47,-64.99637764,0.05295509749,0.5959951578,0.3177324325,0,-1.22132558,4.404138978,-3.182813291
90.48,-64.99637764,0.05295509748,0.5959951565,0.3177324325,0,-1.221325577,4.404138977,-3.182813292
90.49,-64.99637764,0.05295509748,0.5959951552,0.3177324325,0,-1.221325575,4.404138976,-3.182813292
90.5,-64.99637764,0.05295509747,0.5959951539,0.3177324325,0,-1.221325572,4.404138975,-3.182813292
90.51,-64.99637764,0.05295509747,0.5959951527,0.3177324324,0,-1.221325569,4.404138974,-3.182813293
90.52,-64.99637764,0.05295509747,0.5959951514,0.3177324324,0,-1.221325566,4.404138973,-3.182813293
90.53,-64.99637764,0.05295509746,0.5959951501,0.3177324324,0,-1.221325563,4.404138972,-3.182813293
90.54,-64.99637765,0.05295509746,0.5959951488,0.3177324324,0,-1.22132556,4.404138971,-3.182813294
90.55,-64.99637765,0.05295509745,0.5959951476,0.3177324324,0,-1.221325557,4.40413897,-3.182813294
90.56,-64.99637765,0.05295509745,0.5959951463,0.3177324324,0,-1.221325554,4.404138968,-3.182813294
90.57,-64.99637765,0.05295509744,0.595995145,0.3177324324,0,-1.221325551,4.404138967,-3.182813295
90.58,-64.99637765,0.05295509743,0.5959951438,0.3177324324,0,-1.221325548,4.404138966,-3.182813295
90.59,-64.99637765,0.05295509743,0.5959951425,0.3177324323,0,-1.221325545,4.404138965,-3.182813295
90.6,-64.99637765,0.05295509742,0.5959951412,0.3177324323,0,-1.221325542,4.404138964,-3.182813296
90.61,-64.99637765,0.05295509742,0.59599514,0.3177324323,0,-1.221325539,4.404138963,-3.182813296
90.62,-64.99637766,0.05295509741,0.5959951387,0.3177324323,0,-1.221325536,4.404138962,-3.182813297
90.63,-64.99637766,0.05295509741,0.5959951375,0.3177324323,0,-1.221325533,4.40413896,-3.182813297
90.64,-64.99637766,0.0529550974,0.5959951362,0.3177324323,0,-1.22132553,4.404138959,-3.182813297
90.65,-64.99637766,0.0529550974,0.5959951349,0.3177324323,0,-1.221325527,4.404138958,-3.182813298
90.66,-64.99637766,0.05295509739,0.5959951337,0.3177324323,0,-1.221325524,4.404138957,-3.182813298
90.67,-64.99637766,0.05295509738,0.5959951324,0.3177324322,0,-1.221325521,4.404138956,-3.182813299
90.68,-64.99637766,0.05295509738,0.5959951312,0.3177324322,0,-1.221325518,4.404138954,-3.182813299
90.69,-64.99637766,0.05295509737,0.5959951299,0.3177324322,0,-1.221325515,4.404138953,-3.182813299
90.7,-64.99637767,0.05295509736,0.5959951287,0.3177324322,0,-1.221325512,4.404138952,-3.1828133
90.71,-64.99637767,0.05295509736,0.5959951274,0.3177324322,0,-1.221325509,4.404138951,-3.1828133
90.72,-64.99637767,0.05295509735,0.5959951262,0.3177324322,0,-1.221325506,4.40413895,-3.182813301
90.73,-64.99637767,0.05295509734,0.5959951249,0.3177324322,0,-1.221325503,4.404138948,-3.182813301
90.74,-64.99637767,0.05295509734,0.5959951237,0.3177324322,0,-1.2213255,4.404138947,-3.182813301
90.75,-64.99637767,0.05295509733,0.5959951225,0.3177324321,0,-1.221325497,4.404138946,-3.182813302
90.76,-64.99637767,0.05295509732,0.5959951212,0.3177324321,0,-1.221325494,4.404138945,-3.182813302
90.77,-64.99637768,0.05295509732,0.59599512,0.3177324321,0,-1.221325491,4.404138943,-3.182813303
90.78,-64.99637768,0.05295509731,0.5959951188,0.3177324321,0,-1.221325488,4.404138942,-3.182813303
90.79,-64.99637768,0.0529550973,0.5959951175,0.3177324321,0,-1.221325485,4.404138941,-3.182813304
90.8,-64.99637768,0.05295509729,0.5959951163,0.3177324321,0,-1.221325482,4.40413894,-3.182813304
90.81,-64.99637768,0.05295509729,0.5959951151,0.3177324321,0,-1.221325479,4.404138938,-3.182813305
90.82,-64.99637768,0.05295509728,0.5959951138,0.3177324321,0,-1.221325476,4.404138937,-3.182813305
90.83,-64.99637769,0.05295509727,0.5959951126,0.317732432,0,-1.221325473,4.404138936,-3.182813306
90.84,-64.99637769,0.05295509726,0.5959951114,0.317732432,0,-1.22132547,4.404138934,-3.182813306
90.85,-64.99637769,0.05295509726,0.5959951101,0.317732432,0,-1.221325467,4.404138933,-3.182813307
90.86,-64.99637769,0.05295509725,0.5959951089,0.317732432,0,-1.221325464,4.404138932,-3.182813307
90.87,-64.99637769,0.05295509724,0.5959951077,0.317732432,0,-1.221325461,4.40413893,-3.182813307
90.88,-64.99637769,0.05295509723,0.5959951065,0.317732432,0,-1.221325458,4.404138929,-3.182813308
90.89,-64.99637769,0.05295509722,0.5959951053,0.317732432,0,-1.221325455,4.404138928,-3.182813308
90.9,-64.9963777,0.05295509722,0.595995104,0.3177324319,0,-1.221325452,4.404138927,-3.182813309
90.91,-64.9963777,0.05295509721,0.5959951028,0.3177324319,0,-1.221325449,4.404138925,-3.182813309
90.92,-64.9963777,0.0529550972,0.5959951016,0.3177324319,0,-1.221325446,4.404138924,-3.18281331
90.93,-64.9963777,0.05295509719,0.5959951004,0.3177324319,0,-1.221325443,4.404138922,-3.18281331
90.94,-64.9963777,0.05295509718,0.5959950992,0.3177324319,0,-1.22132544,4.404138921,-3.182813311
90.95,-64.9963777,0.05295509717,0.595995098,0.3177324319,0,-1.221325437,4.40413892,-3.182813311
90.96,-64.99637771,0.05295509716,0.5959950968,0.3177324319,0,-1.221325434,4.404138918,-3.182813312
90.97,-64.99637771,0.05295509716,0.5959950956,0.3177324319,0,-1.221325431,4.404138917,-3.182813313
90.98,-64.99637771,0.05295509715,0.5959950944,0.3177324318,0,-1.221325428,4.404138916,-3.182813313
90.99,-64.99637771,0.05295509714,0.5959950931,0.3177324318,0,-1.221325424,4.404138914,-3.182813314
91,-64.99637771,0.05295509713,0.5959950919,0.3177324318,0,-1.221325421,4.404138913,-3.182813314
91.01,-64.99637772,0.05295509712,0.5959950907,0.3177324318,0,-1.221325418,4.404138912,-3.182813315
91.02,-64.99637772,0.05295509711,0.5959950895,0.3177324318,0,-1.221325415,4.40413891,-3.182813315
91.03,-64.99637772,0.0529550971,0.5959950883,0.3177324318,0,-1.221325412,4.404138909,-3.182813316
91.04,-64.99637772,0.05295509709,0.5959950871,0.3177324318,0,-1.221325409,4.404138907,-3.182813316
91.05,-64.99637772,0.05295509708,0.595995086,0.3177324317,0,-1.221325406,4.404138906,-3.182813317
91.06,-64.99637772,0.05295509707,0.5959950848,0.3177324317,0,-1.221325403,4.404138904,-3.182813317
91.07,-64.99637773,0.05295509706,0.5959950836,0.3177324317,0,-1.2213254,4.404138903,-3.182813318
91.08,-64.99637773,0.05295509705,0.5959950824,0.3177324317,0,-1.221325397,4.404138902,-3.182813318
91.09,-64.99637773,0.05295509704,0.5959950812,0.3177324317,0,-1.221325394,4.4041389,-3.182813319
91.1,-64.99637773,0.05295509703,0.59599508,0.3177324317,0,-1.221325391,4.404138899,-3.18281332
91.11,-64.99637773,0.05295509702,0.5959950788,0.3177324317,0,-1.221325387,4.404138897,-3.18281332
91.12,-64.99637774,0.05295509701,0.5959950776,0.3177324317,0,-1.221325384,4.404138896,-3.182813321
91.13,-64.99637774,0.052955097,0.5959950764,0.3177324316,0,-1.221325381,4.404138894,-3.182813321
91.14,-64.99637774,0.05295509699,0.5959950753,0.3177324316,0,-1.221325378,4.404138893,-3.182813322
91.15,-64.99637774,0.05295509698,0.5959950741,0.3177324316,0,-1.221325375,4.404138891,-3.182813322
91.16,-64.99637774,0.05295509697,0.5959950729,0.3177324316,0,-1.221325372,4.40413889,-3.182813323
91.17,-64.99637775,0.05295509696,0.5959950717,0.3177324316,0,-1.221325369,4.404138888,-3.182813324
91.18,-64.99637775,0.05295509695,0.5959950705,0.3177324316,0,-1.221325366,4.404138887,-3.182813324
91.19,-64.99637775,0.05295509694,0.5959950694,0.3177324316,0,-1.221325363,4.404138886,-3.182813325
91.2,-64.99637775,0.05295509693,0.5959950682,0.3177324315,0,-1.221325359,4.404138884,-3.182813325
91.21,-64.99637775,0.05295509692,0.595995067,0.3177324315,0,-1.221325356,4.404138883,-3.182813326
91.22,-64.99637776,0.05295509691,0.5959950659,0.3177324315,0,-1.221325353,4.404138881,-3.182813327
91.23,-64.99637776,0.0529550969,0.5959950647,0.3177324315,0,-1.22132535,4.404138879,-3.182813327
91.24,-64.99637776,0.05295509689,0.5959950635,0.3177324315,0,-1.221325347,4.404138878,-3.182813328
91.25,-64.99637776,0.05295509688,0.5959950623,0.3177324315,0,-1.221325344,4.404138876,-3.182813328
91.26,-64.99637776,0.05295509686,0.5959950612,0.3177324315,0,-1.221325341,4.404138875,-3.182813329
91.27,-64.99637777,0.05295509685,0.59599506,0.3177324314,0,-1.221325337,4.404138873,-3.18281333
91.28,-64.99637777,0.05295509684,0.5959950589,0.3177324314,0,-1.221325334,4.404138872,-3.18281333
91.29,-64.99637777,0.05295509683,0.5959950577,0.3177324314,0,-1.221325331,4.40413887,-3.182813331
91.3,-64.99637777,0.05295509682,0.5959950565,0.3177324314,0,-1.221325328,4.404138869,-3.182813332
91.31,-64.99637777,0.05295509681,0.5959950554,0.3177324314,0,-1.221325325,4.404138867,-3.182813332
91.32,-64.99637778,0.0529550968,0.5959950542,0.3177324314,0,-1.221325322,4.404138866,-3.182813333
91.33,-64.99637778,0.05295509678,0.5959950531,0.3177324314,0,-1.221325319,4.404138864,-3.182813333
91.34,-64.99637778,0.05295509677,0.5959950519,0.3177324313,0,-1.221325316,4.404138862,-3.182813334
91.35,-64.99637778,0.05295509676,0.5959950508,0.3177324313,0,-1.221325312,4.404138861,-3.182813335
91.36,-64.99637778,0.05295509675,0.5959950496,0.3177324313,0,-1.221325309,4.404138859,-3.182813335
91.37,-64.99637779,0.05295509674,0.5959950485,0.3177324313,0,-1.221325306,4.404138858,-3.182813336
91.38,-64.99637779,0.05295509673,0.5959950473,0.3177324313,0,-1.221325303,4.404138856,-3.182813337
91.39,-64.99637779,0.05295509671,0.5959950462,0.3177324313,0,-1.2213253,4.404138855,-3.182813337
91.4,-64.99637779,0.0529550967,0.595995045,0.3177324313,0,-1.221325297,4.404138853,-3.182813338
91.41,-64.9963778,0.05295509669,0.5959950439,0.3177324312,0,-1.221325293,4.404138851,-3.182813339
91.42,-64.9963778,0.05295509668,0.5959950427,0.3177324312,0,-1.22132529,4.40413885,-3.182813339
91.43,-64.9963778,0.05295509667,0.5959950416,0.3177324312,0,-1.221325287,4.404138848,-3.18281334
91.44,-64.9963778,0.05295509665,0.5959950405,0.3177324312,0,-1.221325284,4.404138846,-3.182813341
91.45,-64.9963778,0.05295509664,0.5959950393,0.3177324312,0,-1.221325281,4.404138845,-3.182813341
91.46,-64.99637781,0.05295509663,0.5959950382,0.3177324312,0,-1.221325278,4.404138843,-3.182813342
91.47,-64.99637781,0.05295509662,0.5959950371,0.3177324312,0,-1.221325274,4.404138842,-3.182813343
91.48,-64.99637781,0.0529550966,0.5959950359,0.3177324311,0,-1.221325271,4.40413884,-3.182813343
91.49,-64.99637781,0.05295509659,0.5959950348,0.3177324311,0,-1.221325268,4.404138838,-3.182813344
91.5,-64.99637782,0.05295509658,0.5959950337,0.3177324311,0,-1.221325265,4.404138837,-3.182813345
91.51,-64.99637782,0.05295509657,0.5959950325,0.3177324311,0,-1.221325262,4.404138835,-3.182813345
91.52,-64.99637782,0.05295509655,0.5959950314,0.3177324311,0,-1.221325259,4.404138833,-3.182813346
91.53,-64.99637782,0.05295509654,0.5959950303,0.3177324311,0,-1.221325255,4.404138832,-3.182813347
91.54,-64.99637782,0.05295509653,0.5959950292,0.3177324311,0,-1.221325252,4.40413883,-3.182813347
91.55,-64.99637783,0.05295509651,0.595995028,0.317732431,0,-1.221325249,4.404138828,-3.182813348
91.56,-64.99637783,0.0529550965,0.5959950269,0.317732431,0,-1.221325246,4.404138827,-3.182813349
91.57,-64.99637783,0.05295509649,0.5959950258,0.317732431,0,-1.221325243,4.404138825,-3.182813349
91.58,-64.99637783,0.05295509647,0.5959950247,0.317732431,0,-1.22132524,4.404138823,-3.18281335
91.59,-64.99637784,0.05295509646,0.5959950236,0.317732431,0,-1.221325236,4.404138821,-3.182813351
91.6,-64.99637784,0.05295509645,0.5959950224,0.317732431,0,-1.221325233,4.40413882,-3.182813352
91.61,-64.99637784,0.05295509643,0.5959950213,0.3177324309,0,-1.22132523,4.404138818,-3.182813352
91.62,-64.99637784,0.05295509642,0.5959950202,0.3177324309,0,-1.221325227,4.404138816,-3.182813353
91.63,-64.99637785,0.05295509641,0.5959950191,0.3177324309,0,-1.221325224,4.404138815,-3.182813354
91.64,-64.99637785,0.05295509639,0.595995018,0.3177324309,0,-1.22132522,4.404138813,-3.182813354
91.65,-64.99637785,0.05295509638,0.5959950169,0.3177324309,0,-1.221325217,4.404138811,-3.182813355
91.66,-64.99637785,0.05295509637,0.5959950158,0.3177324309,0,-1.221325214,4.404138809,-3.182813356
91.67,-64.99637786,0.05295509635,0.5959950147,0.3177324309,0,-1.221325211,4.404138808,-3.182813357
91.68,-64.99637786,0.05295509634,0.5959950136,0.3177324308,0,-1.221325208,4.404138806,-3.182813357
91.69,-64.99637786,0.05295509633,0.5959950125,0.3177324308,0,-1.221325205,4.404138804,-3.182813358
91.7,-64.99637786,0.05295509631,0.5959950114,0.3177324308,0,-1.221325201,4.404138802,-3.182813359
91.71,-64.99637786,0.0529550963,0.5959950103,0.3177324308,0,-1.221325198,4.404138801,-3.182813359
91.72,-64.99637787,0.05295509628,0.5959950092,0.3177324308,0,-1.221325195,4.404138799,-3.18281336
91.73,-64.99637787,0.05295509627,0.5959950081,0.3177324308,0,-1.221325192,4.404138797,-3.182813361
91.74,-64.99637787,0.05295509626,0.595995007,0.3177324307,0,-1.221325189,4.404138795,-3.182813362
91.75,-64.99637787,0.05295509624,0.5959950059,0.3177324307,0,-1.221325185,4.404138794,-3.182813362
91.76,-64.99637788,0.05295509623,0.5959950048,0.3177324307,0,-1.221325182,4.404138792,-3.182813363
91.77,-64.99637788,0.05295509621,0.5959950037,0.3177324307,0,-1.221325179,4.40413879,-3.182813364
91.78,-64.99637788,0.0529550962,0.5959950026,0.3177324307,0,-1.221325176,4.404138788,-3.182813365
91.79,-64.99637788,0.05295509618,0.5959950015,0.3177324307,0,-1.221325173,4.404138786,-3.182813365
91.8,-64.99637789,0.05295509617,0.5959950004,0.3177324306,0,-1.221325169,4.404138785,-3.182813366
91.81,-64.99637789,0.05295509616,0.5959949993,0.3177324306,0,-1.221325166,4.404138783,-3.182813367
91.82,-64.99637789,0.05295509614,0.5959949982,0.3177324306,0,-1.221325163,4.404138781,-3.182813368
91.83,-64.99637789,0.05295509613,0.5959949971,0.3177324306,0,-1.22132516,4.404138779,-3.182813368
91.84,-64.9963779,0.05295509611,0.5959949961,0.3177324306,0,-1.221325157,4.404138777,-3.182813369
91.85,-64.9963779,0.0529550961,0.595994995,0.3177324306,0,-1.221325153,4.404138776,-3.18281337
91.86,-64.9963779,0.05295509608,0.5959949939,0.3177324306,0,-1.22132515,4.404138774,-3.182813371
91.87,-64.9963779,0.05295509607,0.5959949928,0.3177324305,0,-1.221325147,4.404138772,-3.182813371
91.88,-64.99637791,0.05295509605,0.5959949917,0.3177324305,0,-1.221325144,4.40413877,-3.182813372
91.89,-64.99637791,0.05295509604,0.5959949907,0.3177324305,0,-1.221325141,4.404138768,-3.182813373
91.9,-64.99637791,0.05295509602,0.5959949896,0.3177324305,0,-1.221325137,4.404138766,-3.182813374
91.91,-64.99637791,0.05295509601,0.5959949885,0.3177324305,0,-1.221325134,4.404138765,-3.182813374
91.92,-64.99637792,0.05295509599,0.5959949875,0.3177324305,0,-1.221325131,4.404138763,-3.182813375
91.93,-64.99637792,0.05295509598,0.5959949864,0.3177324304,0,-1.221325128,4.404138761,-3.182813376
91.94,-64.99637792,0.05295509596,0.5959949853,0.3177324304,0,-1.221325125,4.404138759,-3.182813377
91.95,-64.99637793,0.05295509595,0.5959949842,0.3177324304,0,-1.221325121,4.404138757,-3.182813378
91.96,-64.99637793,0.05295509593,0.5959949832,0.3177324304,0,-1.221325118,4.404138755,-3.182813378
91.97,-64.99637793,0.05295509592,0.5959949821,0.3177324304,0,-1.221325115,4.404138753,-3.182813379
91.98,-64.99637793,0.0529550959,0.5959949811,0.3177324304,0,-1.221325112,4.404138751,-3.18281338
91.99,-64.99637794,0.05295509589,0.59599498,0.3177324303,0,-1.221325109,4.40413875,-3.182813381
92,-64.99637794,0.05295509587,0.5959949789,0.3177324303,0,-1.221325105,4.404138748,-3.182813381
92.01,-64.99637794,0.05295509586,0.5959949779,0.3177324303,0,-1.221325102,4.404138746,-3.182813382
92.02,-64.99637794,0.05295509584,0.5959949768,0.3177324303,0,-1.221325099,4.404138744,-3.182813383
92.03,-64.99637795,0.05295509583,0.5959949758,0.3177324303,0,-1.221325096,4.404138742,-3.182813384
92.04,-64.99637795,0.05295509581,0.5959949747,0.3177324303,0,-1.221325093,4.40413874,-3.182813385
92.05,-64.99637795,0.0529550958,0.5959949736,0.3177324302,0,-1.221325089,4.404138738,-3.182813385
92.06,-64.99637795,0.05295509578,0.5959949726,0.3177324302,0,-1.221325086,4.404138736,-3.182813386
92.07,-64.99637796,0.05295509577,0.5959949715,0.3177324302,0,-1.221325083,4.404138734,-3.182813387
92.08,-64.99637796,0.05295509575,0.5959949705,0.3177324302,0,-1.22132508,4.404138732,-3.182813388
92.09,-64.99637796,0.05295509573,0.5959949694,0.3177324302,0,-1.221325077,4.40413873,-3.182813389
92.1,-64.99637796,0.05295509572,0.5959949684,0.3177324301,0,-1.221325073,4.404138729,-3.182813389
92.11,-64.99637797,0.0529550957,0.5959949673,0.3177324301,0,-1.22132507,4.404138727,-3.18281339
92.12,-64.99637797,0.05295509569,0.5959949663,0.3177324301,0,-1.221325067,4.404138725,-3.182813391
92.13,-64.99637797,0.05295509567,0.5959949653,0.3177324301,0,-1.221325064,4.404138723,-3.182813392
92.14,-64.99637798,0.05295509566,0.5959949642,0.3177324301,0,-1.221325061,4.404138721,-3.182813393
92.15,-64.99637798,0.05295509564,0.5959949632,0.3177324301,0,-1.221325057,4.404138719,-3.182813393
92.16,-64.99637798,0.05295509562,0.5959949621,0.31773243,0,-1.221325054,4.404138717,-3.182813394
92.17,-64.99637798,0.05295509561,0.5959949611,0.31773243,0,-1.221325051,4.404138715,-3.182813395
92.18,-64.99637799,0.05295509559,0.5959949601,0.31773243,0,-1.221325048,4.404138713,-3.182813396
92.19,-64.99637799,0.05295509558,0.595994959,0.31773243,0,-1.221325044,4.404138711,-3.182813397
92.2,-64.99637799,0.05295509556,0.595994958,0.31773243,0,-1.221325041,4.404138709,-3.182813397
92.21,-64.99637799,0.05295509554,0.595994957,0.31773243,0,-1.221325038,4.404138707,-3.182813398
92.22,-64.996378,0.05295509553,0.5959949559,0.3177324299,0,-1.221325035,4.404138705,-3.182813399
92.23,-64.996378,0.05295509551,0.5959949549,0.3177324299,0,-1.221325032,4.404138703,-3.1828134
92.24,-64.996378,0.0529550955,0.5959949539,0.3177324299,0,-1.221325028,4.404138701,-3.182813401
92.25,-64.996378,0.05295509548,0.5959949528,0.3177324299,0,-1.221325025,4.404138699,-3.182813401
92.26,-64.99637801,0.05295509546,0.5959949518,0.3177324299,0,-1.221325022,4.404138697,-3.182813402
92.27,-64.99637801,0.05295509545,0.5959949508,0.3177324298,0,-1.221325019,4.404138695,-3.182813403
92.28,-64.99637801,0.05295509543,0.5959949498,0.3177324298,0,-1.221325016,4.404138693,-3.182813404
92.29,-64.99637802,0.05295509541,0.5959949487,0.3177324298,0,-1.221325013,4.404138691,-3.182813405
92.3,-64.99637802,0.0529550954,0.5959949477,0.3177324298,0,-1.221325009,4.404138689,-3.182813406
92.31,-64.99637802,0.05295509538,0.5959949467,0.3177324298,0,-1.221325006,4.404138687,-3.182813406
92.32,-64.99637802,0.05295509536,0.5959949457,0.3177324298,0,-1.221325003,4.404138685,-3.182813407
92.33,-64.99637803,0.05295509535,0.5959949447,0.3177324297,0,-1.221325,4.404138683,-3.182813408
92.34,-64.99637803,0.05295509533,0.5959949437,0.3177324297,0,-1.221324997,4.404138681,-3.182813409
92.35,-64.99637803,0.05295509532,0.5959949426,0.3177324297,0,-1.221324993,4.404138679,-3.18281341
92.36,-64.99637803,0.0529550953,0.5959949416,0.3177324297,0,-1.22132499,4.404138677,-3.18281341
92.37,-64.99637804,0.05295509528,0.5959949406,0.3177324297,0,-1.221324987,4.404138675,-3.182813411
92.38,-64.99637804,0.05295509527,0.5959949396,0.3177324296,0,-1.221324984,4.404138673,-3.182813412
92.39,-64.99637804,0.05295509525,0.5959949386,0.3177324296,0,-1.221324981,4.404138671,-3.182813413
92.4,-64.99637805,0.05295509523,0.5959949376,0.3177324296,0,-1.221324977,4.404138669,-3.182813414
92.41,-64.99637805,0.05295509522,0.5959949366,0.3177324296,0,-1.221324974,4.404138667,-3.182813415
92.42,-64.99637805,0.0529550952,0.5959949356,0.3177324296,0,-1.221324971,4.404138665,-3.182813415
92.43,-64.99637805,0.05295509518,0.5959949346,0.3177324296,0,-1.221324968,4.404138663,-3.182813416
92.44,-64.99637806,0.05295509517,0.5959949336,0.3177324295,0,-1.221324965,4.404138661,-3.182813417
92.45,-64.99637806,0.05295509515,0.5959949326,0.3177324295,0,-1.221324961,4.404138658,-3.182813418
92.46,-64.99637806,0.05295509513,0.5959949316,0.3177324295,0,-1.221324958,4.404138656,-3.182813419
92.47,-64.99637807,0.05295509511,0.5959949306,0.3177324295,0,-1.221324955,4.404138654,-3.18281342
92.48,-64.99637807,0.0529550951,0.5959949296,0.3177324295,0,-1.221324952,4.404138652,-3.18281342
92.49,-64.99637807,0.05295509508,0.5959949286,0.3177324294,0,-1.221324949,4.40413865,-3.182813421
92.5,-64.99637807,0.05295509506,0.5959949276,0.3177324294,0,-1.221324946,4.404138648,-3.182813422
92.51,-64.99637808,0.05295509505,0.5959949266,0.3177324294,0,-1.221324942,4.404138646,-3.182813423
92.52,-64.99637808,0.05295509503,0.5959949256,0.3177324294,0,-1.221324939,4.404138644,-3.182813424
92.53,-64.99637808,0.05295509501,0.5959949246,0.3177324294,0,-1.221324936,4.404138642,-3.182813425
92.54,-64.99637809,0.052955095,0.5959949236,0.3177324293,0,-1.221324933,4.40413864,-3.182813426
92.55,-64.99637809,0.05295509498,0.5959949226,0.3177324293,0,-1.22132493,4.404138638,-3.182813426
92.56,-64.99637809,0.05295509496,0.5959949216,0.3177324293,0,-1.221324926,4.404138635,-3.182813427
92.57,-64.99637809,0.05295509494,0.5959949206,0.3177324293,0,-1.221324923,4.404138633,-3.182813428
92.58,-64.9963781,0.05295509493,0.5959949197,0.3177324293,0,-1.22132492,4.404138631,-3.182813429
92.59,-64.9963781,0.05295509491,0.5959949187,0.3177324292,0,-1.221324917,4.404138629,-3.18281343
92.6,-64.9963781,0.05295509489,0.5959949177,0.3177324292,0,-1.221324914,4.404138627,-3.182813431
92.61,-64.9963781,0.05295509488,0.5959949167,0.3177324292,0,-1.221324911,4.404138625,-3.182813431
92.62,-64.99637811,0.05295509486,0.5959949157,0.3177324292,0,-1.221324907,4.404138623,-3.182813432
92.63,-64.99637811,0.05295509484,0.5959949148,0.3177324292,0,-1.221324904,4.404138621,-3.182813433
92.64,-64.99637811,0.05295509482,0.5959949138,0.3177324292,0,-1.221324901,4.404138619,-3.182813434
92.65,-64.99637812,0.05295509481,0.5959949128,0.3177324291,0,-1.221324898,4.404138616,-3.182813435
92.66,-64.99637812,0.05295509479,0.5959949118,0.3177324291,0,-1.221324895,4.404138614,-3.182813436
92.67,-64.99637812,0.05295509477,0.5959949109,0.3177324291,0,-1.221324892,4.404138612,-3.182813437
92.68,-64.99637812,0.05295509476,0.5959949099,0.3177324291,0,-1.221324888,4.40413861,-3.182813437
92.69,-64.99637813,0.05295509474,0.5959949089,0.3177324291,0,-1.221324885,4.404138608,-3.182813438
92.7,-64.99637813,0.05295509472,0.5959949079,0.317732429,0,-1.221324882,4.404138606,-3.182813439
92.71,-64.99637813,0.0529550947,0.595994907,0.317732429,0,-1.221324879,4.404138604,-3.18281344
92.72,-64.99637814,0.05295509469,0.595994906,0.317732429,0,-1.221324876,4.404138601,-3.182813441
92.73,-64.99637814,0.05295509467,0.595994905,0.317732429,0,-1.221324873,4.404138599,-3.182813442
92.74,-64.99637814,0.05295509465,0.5959949041,0.317732429,0,-1.22132487,4.404138597,-3.182813443
92.75,-64.99637814,0.05295509463,0.5959949031,0.3177324289,0,-1.221324866,4.404138595,-3.182813443
92.76,-64.99637815,0.05295509462,0.5959949022,0.3177324289,0,-1.221324863,4.404138593,-3.182813444
92.77,-64.99637815,0.0529550946,0.5959949012,0.3177324289,0,-1.22132486,4.404138591,-3.182813445
92.78,-64.99637815,0.05295509458,0.5959949002,0.3177324289,0,-1.221324857,4.404138588,-3.182813446
92.79,-64.99637816,0.05295509456,0.5959948993,0.3177324289,0,-1.221324854,4.404138586,-3.182813447
92.8,-64.99637816,0.05295509455,0.5959948983,0.3177324288,0,-1.221324851,4.404138584,-3.182813448
92.81,-64.99637816,0.05295509453,0.5959948974,0.3177324288,0,-1.221324848,4.404138582,-3.182813449
92.82,-64.99637816,0.05295509451,0.5959948964,0.3177324288,0,-1.221324844,4.40413858,-3.182813449
92.83,-64.99637817,0.05295509449,0.5959948955,0.3177324288,0,-1.221324841,4.404138578,-3.18281345
92.84,-64.99637817,0.05295509448,0.5959948945,0.3177324287,0,-1.221324838,4.404138575,-3.182813451
92.85,-64.99637817,0.05295509446,0.5959948935,0.3177324287,0,-1.221324835,4.404138573,-3.182813452
92.86,-64.99637818,0.05295509444,0.5959948926,0.3177324287,0,-1.221324832,4.404138571,-3.182813453
92.87,-64.99637818,0.05295509442,0.5959948916,0.3177324287,0,-1.221324829,4.404138569,-3.182813454
92.88,-64.99637818,0.05295509441,0.5959948907,0.3177324287,0,-1.221324826,4.404138567,-3.182813455
92.89,-64.99637818,0.05295509439,0.5959948898,0.3177324286,0,-1.221324822,4.404138564,-3.182813455
92.9,-64.99637819,0.05295509437,0.5959948888,0.3177324286,0,-1.221324819,4.404138562,-3.182813456
92.91,-64.99637819,0.05295509435,0.5959948879,0.3177324286,0,-1.221324816,4.40413856,-3.182813457
92.92,-64.99637819,0.05295509434,0.5959948869,0.3177324286,0,-1.221324813,4.404138558,-3.182813458
92.93,-64.9963782,0.05295509432,0.595994886,0.3177324286,0,-1.22132481,4.404138556,-3.182813459
92.94,-64.9963782,0.0529550943,0.595994885,0.3177324285,0,-1.221324807,4.404138553,-3.18281346
92.95,-64.9963782,0.05295509428,0.5959948841,0.3177324285,0,-1.221324804,4.404138551,-3.182813461
92.96,-64.9963782,0.05295509426,0.5959948832,0.3177324285,0,-1.221324801,4.404138549,-3.182813461
92.97,-64.99637821,0.05295509425,0.5959948822,0.3177324285,0,-1.221324798,4.404138547,-3.182813462
92.98,-64.99637821,0.05295509423,0.5959948813,0.3177324285,0,-1.221324794,4.404138544,-3.182813463
92.99,-64.99637821,0.05295509421,0.5959948804,0.3177324284,0,-1.221324791,4.404138542,-3.182813464
93,-64.99637822,0.05295509419,0.5959948794,0.3177324284,0,-1.221324788,4.40413854,-3.182813465
93.01,-64.99637822,0.05295509418,0.5959948785,0.3177324284,0,-1.221324785,4.404138538,-3.182813466
93.02,-64.99637822,0.05295509416,0.5959948776,0.3177324284,0,-1.221324782,4.404138536,-3.182813467
93.03,-64.99637822,0.05295509414,0.5959948766,0.3177324284,0,-1.221324779,4.404138533,-3.182813467
93.04,-64.99637823,0.05295509412,0.5959948757,0.3177324283,0,-1.221324776,4.404138531,-3.182813468
93.05,-64.99637823,0.05295509411,0.5959948748,0.3177324283,0,-1.221324773,4.404138529,-3.182813469
93.06,-64.99637823,0.05295509409,0.5959948739,0.3177324283,0,-1.22132477,4.404138527,-3.18281347
93.07,-64.99637824,0.05295509407,0.5959948729,0.3177324283,0,-1.221324767,4.404138524,-3.182813471
93.08,-64.99637824,0.05295509405,0.595994872,0.3177324282,0,-1.221324763,4.404138522,-3.182813472
93.09,-64.99637824,0.05295509403,0.5959948711,0.3177324282,0,-1.22132476,4.40413852,-3.182813473
93.1,-64.99637824,0.05295509402,0.5959948702,0.3177324282,0,-1.221324757,4.404138518,-3.182813473
93.11,-64.99637825,0.052955094,0.5959948693,0.3177324282,0,-1.221324754,4.404138515,-3.182813474
93.12,-64.99637825,0.05295509398,0.5959948683,0.3177324282,0,-1.221324751,4.404138513,-3.182813475
93.13,-64.99637825,0.05295509396,0.5959948674,0.3177324281,0,-1.221324748,4.404138511,-3.182813476
93.14,-64.99637826,0.05295509395,0.5959948665,0.3177324281,0,-1.221324745,4.404138509,-3.182813477
93.15,-64.99637826,0.05295509393,0.5959948656,0.3177324281,0,-1.221324742,4.404138506,-3.182813478
93.16,-64.99637826,0.05295509391,0.5959948647,0.3177324281,0,-1.221324739,4.404138504,-3.182813479
93.17,-64.99637827,0.05295509389,0.5959948638,0.317732428,0,-1.221324736,4.404138502,-3.18281348
93.18,-64.99637827,0.05295509387,0.5959948628,0.317732428,0,-1.221324733,4.4041385,-3.18281348
93.19,-64.99637827,0.05295509386,0.5959948619,0.317732428,0,-1.22132473,4.404138497,-3.182813481
93.2,-64.99637827,0.05295509384,0.595994861,0.317732428,0,-1.221324727,4.404138495,-3.182813482
93.21,-64.99637828,0.05295509382,0.5959948601,0.317732428,0,-1.221324723,4.404138493,-3.182813483
93.22,-64.99637828,0.0529550938,0.5959948592,0.3177324279,0,-1.22132472,4.40413849,-3.182813484
93.23,-64.99637828,0.05295509378,0.5959948583,0.3177324279,0,-1.221324717,4.404138488,-3.182813485
93.24,-64.99637829,0.05295509377,0.5959948574,0.3177324279,0,-1.221324714,4.404138486,-3.182813486
93.25,-64.99637829,0.05295509375,0.5959948565,0.3177324279,0,-1.221324711,4.404138484,-3.182813486
93.26,-64.99637829,0.05295509373,0.5959948556,0.3177324279,0,-1.221324708,4.404138481,-3.182813487
93.27,-64.99637829,0.05295509371,0.5959948547,0.3177324278,0,-1.221324705,4.404138479,-3.182813488
93.28,-64.9963783,0.0529550937,0.5959948538,0.3177324278,0,-1.221324702,4.404138477,-3.182813489
93.29,-64.9963783,0.05295509368,0.5959948529,0.3177324278,0,-1.221324699,4.404138475,-3.18281349
93.3,-64.9963783,0.05295509366,0.595994852,0.3177324278,0,-1.221324696,4.404138472,-3.182813491
93.31,-64.99637831,0.05295509364,0.5959948511,0.3177324277,0,-1.221324693,4.40413847,-3.182813492
93.32,-64.99637831,0.05295509362,0.5959948502,0.3177324277,0,-1.22132469,4.404138468,-3.182813492
93.33,-64.99637831,0.05295509361,0.5959948493,0.3177324277,0,-1.221324687,4.404138465,-3.182813493
93.34,-64.99637831,0.05295509359,0.5959948484,0.3177324277,0,-1.221324684,4.404138463,-3.182813494
93.35,-64.99637832,0.05295509357,0.5959948475,0.3177324276,0,-1.221324681,4.404138461,-3.182813495
93.36,-64.99637832,0.05295509355,0.5959948467,0.3177324276,0,-1.221324678,4.404138458,-3.182813496
93.37,-64.99637832,0.05295509354,0.5959948458,0.3177324276,0,-1.221324675,4.404138456,-3.182813497
93.38,-64.99637833,0.05295509352,0.5959948449,0.3177324276,0,-1.221324672,4.404138454,-3.182813498
93.39,-64.99637833,0.0529550935,0.595994844,0.3177324276,0,-1.221324669,4.404138452,-3.182813498
93.4,-64.99637833,0.05295509348,0.5959948431,0.3177324275,0,-1.221324666,4.404138449,-3.182813499
93.41,-64.99637833,0.05295509346,0.5959948422,0.3177324275,0,-1.221324663,4.404138447,-3.1828135
93.42,-64.99637834,0.05295509345,0.5959948413,0.3177324275,0,-1.22132466,4.404138445,-3.182813501
93.43,-64.99637834,0.05295509343,0.5959948405,0.3177324275,0,-1.221324657,4.404138442,-3.182813502
93.44,-64.99637834,0.05295509341,0.5959948396,0.3177324274,0,-1.221324654,4.40413844,-3.182813503
93.45,-64.99637834,0.05295509339,0.5959948387,0.3177324274,0,-1.221324651,4.404138438,-3.182813503
93.46,-64.99637835,0.05295509337,0.5959948378,0.3177324274,0,-1.221324648,4.404138435,-3.182813504
93.47,-64.99637835,0.05295509336,0.5959948369,0.3177324274,0,-1.221324645,4.404138433,-3.182813505
93.48,-64.99637835,0.05295509334,0.5959948361,0.3177324274,0,-1.221324642,4.404138431,-3.182813506
93.49,-64.99637836,0.05295509332,0.5959948352,0.3177324273,0,-1.221324639,4.404138428,-3.182813507
93.5,-64.99637836,0.0529550933,0.5959948343,0.3177324273,0,-1.221324636,4.404138426,-3.182813508
93.51,-64.99637836,0.05295509329,0.5959948334,0.3177324273,0,-1.221324633,4.404138424,-3.182813509
93.52,-64.99637836,0.05295509327,0.5959948326,0.3177324273,0,-1.22132463,4.404138421,-3.182813509
93.53,-64.99637837,0.05295509325,0.5959948317,0.3177324272,0,-1.221324627,4.404138419,-3.18281351
93.54,-64.99637837,0.05295509323,0.5959948308,0.3177324272,0,-1.221324624,4.404138417,-3.182813511
93.55,-64.99637837,0.05295509321,0.59599483,0.3177324272,0,-1.221324621,4.404138414,-3.182813512
93.56,-64.99637838,0.0529550932,0.5959948291,0.3177324272,0,-1.221324618,4.404138412,-3.182813513
93.57,-64.99637838,0.05295509318,0.5959948282,0.3177324271,0,-1.221324615,4.40413841,-3.182813514
93.58,-64.99637838,0.05295509316,0.5959948274,0.3177324271,0,-1.221324612,4.404138407,-3.182813514
93.59,-64.99637838,0.05295509314,0.5959948265,0.3177324271,0,-1.221324609,4.404138405,-3.182813515
93.6,-64.99637839,0.05295509313,0.5959948256,0.3177324271,0,-1.221324606,4.404138403,-3.182813516
93.61,-64.99637839,0.05295509311,0.5959948248,0.317732427,0,-1.221324603,4.4041384,-3.182813517
93.62,-64.99637839,0.05295509309,0.5959948239,0.317732427,0,-1.2213246,4.404138398,-3.182813518
93.63,-64.9963784,0.05295509307,0.5959948231,0.317732427,0,-1.221324597,4.404138396,-3.182813519
93.64,-64.9963784,0.05295509306,0.5959948222,0.317732427,0,-1.221324594,4.404138393,-3.18281352
93.65,-64.9963784,0.05295509304,0.5959948213,0.317732427,0,-1.221324591,4.404138391,-3.18281352
93.66,-64.9963784,0.05295509302,0.5959948205,0.3177324269,0,-1.221324588,4.404138389,-3.182813521
93.67,-64.99637841,0.052955093,0.5959948196,0.3177324269,0,-1.221324585,4.404138386,-3.182813522
93.68,-64.99637841,0.05295509298,0.5959948188,0.3177324269,0,-1.221324582,4.404138384,-3.182813523
93.69,-64.99637841,0.05295509297,0.5959948179,0.3177324269,0,-1.221324579,4.404138382,-3.182813524
93.7,-64.99637842,0.05295509295,0.5959948171,0.3177324268,0,-1.221324576,4.404138379,-3.182813525
93.71,-64.99637842,0.05295509293,0.5959948162,0.3177324268,0,-1.221324573,4.404138377,-3.182813525
93.72,-64.99637842,0.05295509291,0.5959948154,0.3177324268,0,-1.221324571,4.404138375,-3.182813526
93.73,-64.99637842,0.0529550929,0.5959948145,0.3177324268,0,-1.221324568,4.404138372,-3.182813527
93.74,-64.99637843,0.05295509288,0.5959948137,0.3177324267,0,-1.221324565,4.40413837,-3.182813528
93.75,-64.99637843,0.05295509286,0.5959948128,0.3177324267,0,-1.221324562,4.404138368,-3.182813529
93.76,-64.99637843,0.05295509284,0.595994812,0.3177324267,0,-1.221324559,4.404138365,-3.18281353
93.77,-64.99637843,0.05295509283,0.5959948112,0.3177324267,0,-1.221324556,4.404138363,-3.18281353
93.78,-64.99637844,0.05295509281,0.5959948103,0.3177324266,0,-1.221324553,4.404138361,-3.182813531
93.79,-64.99637844,0.05295509279,0.5959948095,0.3177324266,0,-1.22132455,4.404138358,-3.182813532
93.8,-64.99637844,0.05295509277,0.5959948086,0.3177324266,0,-1.221324547,4.404138356,-3.182813533
93.81,-64.99637845,0.05295509276,0.5959948078,0.3177324266,0,-1.221324544,4.404138354,-3.182813534
93.82,-64.99637845,0.05295509274,0.5959948069,0.3177324265,0,-1.221324541,4.404138351,-3.182813535
93.83,-64.99637845,0.05295509272,0.5959948061,0.3177324265,0,-1.221324539,4.404138349,-3.182813535
93.84,-64.99637845,0.0529550927,0.5959948053,0.3177324265,0,-1.221324536,4.404138346,-3.182813536
93.85,-64.99637846,0.05295509269,0.5959948044,0.3177324265,0,-1.221324533,4.404138344,-3.182813537
93.86,-64.99637846,0.05295509267,0.5959948036,0.3177324264,0,-1.22132453,4.404138342,-3.182813538
93.87,-64.99637846,0.05295509265,0.5959948028,0.3177324264,0,-1.221324527,4.404138339,-3.182813539
93.88,-64.99637846,0.05295509263,0.5959948019,0.3177324264,0,-1.221324524,4.404138337,-3.182813539
93.89,-64.99637847,0.05295509262,0.5959948011,0.3177324264,0,-1.221324521,4.404138335,-3.18281354
93.9,-64.99637847,0.0529550926,0.5959948003,0.3177324264,0,-1.221324518,4.404138332,-3.182813541
93.91,-64.99637847,0.05295509258,0.5959947995,0.3177324263,0,-1.221324516,4.40413833,-3.182813542
93.92,-64.99637848,0.05295509256,0.5959947986,0.3177324263,0,-1.221324513,4.404138328,-3.182813543
93.93,-64.99637848,0.05295509255,0.5959947978,0.3177324263,0,-1.22132451,4.404138325,-3.182813544
93.94,-64.99637848,0.05295509253,0.595994797,0.3177324263,0,-1.221324507,4.404138323,-3.182813544
93.95,-64.99637848,0.05295509251,0.5959947962,0.3177324262,0,-1.221324504,4.40413832,-3.182813545
93.96,-64.99637849,0.0529550925,0.5959947953,0.3177324262,0,-1.221324501,4.404138318,-3.182813546
93.97,-64.99637849,0.05295509248,0.5959947945,0.3177324262,0,-1.221324498,4.404138316,-3.182813547
93.98,-64.99637849,0.05295509246,0.5959947937,0.3177324262,0,-1.221324496,4.404138313,-3.182813548
93.99,-64.99637849,0.05295509244,0.5959947929,0.3177324261,0,-1.221324493,4.404138311,-3.182813548
94,-64.9963785,0.05295509243,0.5959947921,0.3177324261,0,-1.22132449,4.404138309,-3.182813549
94.01,-64.9963785,0.05295509241,0.5959947912,0.3177324261,0,-1.221324487,4.404138306,-3.18281355
94.02,-64.9963785,0.05295509239,0.5959947904,0.3177324261,0,-1.221324484,4.404138304,-3.182813551
94.03,-64.99637851,0.05295509237,0.5959947896,0.317732426,0,-1.221324481,4.404138302,-3.182813552
94.04,-64.99637851,0.05295509236,0.5959947888,0.317732426,0,-1.221324478,4.404138299,-3.182813552
94.05,-64.99637851,0.05295509234,0.595994788,0.317732426,0,-1.221324476,4.404138297,-3.182813553
94.06,-64.99637851,0.05295509232,0.5959947872,0.317732426,0,-1.221324473,4.404138294,-3.182813554
94.07,-64.99637852,0.05295509231,0.5959947864,0.3177324259,0,-1.22132447,4.404138292,-3.182813555
94.08,-64.99637852,0.05295509229,0.5959947855,0.3177324259,0,-1.221324467,4.40413829,-3.182813556
94.09,-64.99637852,0.05295509227,0.5959947847,0.3177324259,0,-1.221324464,4.404138287,-3.182813556
94.1,-64.99637852,0.05295509225,0.5959947839,0.3177324259,0,-1.221324462,4.404138285,-3.182813557
94.11,-64.99637853,0.05295509224,0.5959947831,0.3177324258,0,-1.221324459,4.404138283,-3.182813558
94.12,-64.99637853,0.05295509222,0.5959947823,0.3177324258,0,-1.221324456,4.40413828,-3.182813559
94.13,-64.99637853,0.0529550922,0.5959947815,0.3177324258,0,-1.221324453,4.404138278,-3.18281356
94.14,-64.99637853,0.05295509219,0.5959947807,0.3177324258,0,-1.22132445,4.404138275,-3.18281356
94.15,-64.99637854,0.05295509217,0.5959947799,0.3177324257,0,-1.221324448,4.404138273,-3.182813561
94.16,-64.99637854,0.05295509215,0.5959947791,0.3177324257,0,-1.221324445,4.404138271,-3.182813562
94.17,-64.99637854,0.05295509214,0.5959947783,0.3177324257,0,-1.221324442,4.404138268,-3.182813563
94.18,-64.99637855,0.05295509212,0.5959947775,0.3177324257,0,-1.221324439,4.404138266,-3.182813564
94.19,-64.99637855,0.0529550921,0.5959947767,0.3177324256,0,-1.221324436,4.404138264,-3.182813564
94.2,-64.99637855,0.05295509209,0.5959947759,0.3177324256,0,-1.221324434,4.404138261,-3.182813565
94.21,-64.99637855,0.05295509207,0.5959947751,0.3177324256,0,-1.221324431,4.404138259,-3.182813566
94.22,-64.99637856,0.05295509205,0.5959947743,0.3177324256,0,-1.221324428,4.404138257,-3.182813567
94.23,-64.99637856,0.05295509203,0.5959947735,0.3177324255,0,-1.221324425,4.404138254,-3.182813568
94.24,-64.99637856,0.05295509202,0.5959947727,0.3177324255,0,-1.221324423,4.404138252,-3.182813568
94.25,-64.99637856,0.052955092,0.5959947719,0.3177324255,0,-1.22132442,4.404138249,-3.182813569
94.26,-64.99637857,0.05295509198,0.5959947711,0.3177324254,0,-1.221324417,4.404138247,-3.18281357
94.27,-64.99637857,0.05295509197,0.5959947704,0.3177324254,0,-1.221324414,4.404138245,-3.182813571
94.28,-64.99637857,0.05295509195,0.5959947696,0.3177324254,0,-1.221324412,4.404138242,-3.182813571
94.29,-64.99637857,0.05295509193,0.5959947688,0.3177324254,0,-1.221324409,4.40413824,-3.182813572
94.3,-64.99637858,0.05295509192,0.595994768,0.3177324253,0,-1.221324406,4.404138238,-3.182813573
94.31,-64.99637858,0.0529550919,0.5959947672,0.3177324253,0,-1.221324403,4.404138235,-3.182813574
94.32,-64.99637858,0.05295509188,0.5959947664,0.3177324253,0,-1.221324401,4.404138233,-3.182813575
94.33,-64.99637858,0.05295509187,0.5959947656,0.3177324253,0,-1.221324398,4.40413823,-3.182813575
94.34,-64.99637859,0.05295509185,0.5959947649,0.3177324252,0,-1.221324395,4.404138228,-3.182813576
94.35,-64.99637859,0.05295509183,0.5959947641,0.3177324252,0,-1.221324393,4.404138226,-3.182813577
94.36,-64.99637859,0.05295509182,0.5959947633,0.3177324252,0,-1.22132439,4.404138223,-3.182813578
94.37,-64.99637859,0.0529550918,0.5959947625,0.3177324252,0,-1.221324387,4.404138221,-3.182813578
94.38,-64.9963786,0.05295509179,0.5959947617,0.3177324251,0,-1.221324384,4.404138219,-3.182813579
94.39,-64.9963786,0.05295509177,0.595994761,0.3177324251,0,-1.221324382,4.404138216,-3.18281358
94.4,-64.9963786,0.05295509175,0.5959947602,0.3177324251,0,-1.221324379,4.404138214,-3.182813581
94.41,-64.9963786,0.05295509174,0.5959947594,0.3177324251,0,-1.221324376,4.404138211,-3.182813581
94.42,-64.99637861,0.05295509172,0.5959947586,0.317732425,0,-1.221324374,4.404138209,-3.182813582
94.43,-64.99637861,0.0529550917,0.5959947579,0.317732425,0,-1.221324371,4.404138207,-3.182813583
94.44,-64.99637861,0.05295509169,0.5959947571,0.317732425,0,-1.221324368,4.404138204,-3.182813584
94.45,-64.99637861,0.05295509167,0.5959947563,0.317732425,0,-1.221324366,4.404138202,-3.182813584
94.46,-64.99637862,0.05295509165,0.5959947555,0.3177324249,0,-1.221324363,4.4041382,-3.182813585
94.47,-64.99637862,0.05295509164,0.5959947548,0.3177324249,0,-1.22132436,4.404138197,-3.182813586
94.48,-64.99637862,0.05295509162,0.595994754,0.3177324249,0,-1.221324358,4.404138195,-3.182813587
94.49,-64.99637863,0.05295509161,0.5959947532,0.3177324249,0,-1.221324355,4.404138193,-3.182813588
94.5,-64.99637863,0.05295509159,0.5959947525,0.3177324248,0,-1.221324352,4.40413819,-3.182813588
94.51,-64.99637863,0.05295509157,0.5959947517,0.3177324248,0,-1.22132435,4.404138188,-3.182813589
94.52,-64.99637863,0.05295509156,0.5959947509,0.3177324248,0,-1.221324347,4.404138185,-3.18281359
94.53,-64.99637864,0.05295509154,0.5959947502,0.3177324247,0,-1.221324344,4.404138183,-3.182813591
94.54,-64.99637864,0.05295509152,0.5959947494,0.3177324247,0,-1.221324342,4.404138181,-3.182813591
94.55,-64.99637864,0.05295509151,0.5959947487,0.3177324247,0,-1.221324339,4.404138178,-3.182813592
94.56,-64.99637864,0.05295509149,0.5959947479,0.3177324247,0,-1.221324336,4.404138176,-3.182813593
94.57,-64.99637864,0.05295509148,0.5959947471,0.3177324246,0,-1.221324334,4.404138174,-3.182813593
94.58,-64.99637865,0.05295509146,0.5959947464,0.3177324246,0,-1.221324331,4.404138171,-3.182813594
94.59,-64.99637865,0.05295509144,0.5959947456,0.3177324246,0,-1.221324328,4.404138169,-3.182813595
94.6,-64.99637865,0.05295509143,0.5959947449,0.3177324246,0,-1.221324326,4.404138166,-3.182813596
94.61,-64.99637865,0.05295509141,0.5959947441,0.3177324245,0,-1.221324323,4.404138164,-3.182813596
94.62,-64.99637866,0.0529550914,0.5959947433,0.3177324245,0,-1.221324321,4.404138162,-3.182813597
94.63,-64.99637866,0.05295509138,0.5959947426,0.3177324245,0,-1.221324318,4.404138159,-3.182813598
94.64,-64.99637866,0.05295509137,0.5959947418,0.3177324245,0,-1.221324315,4.404138157,-3.182813599
94.65,-64.99637866,0.05295509135,0.5959947411,0.3177324244,0,-1.221324313,4.404138155,-3.182813599
94.66,-64.99637867,0.05295509133,0.5959947403,0.3177324244,0,-1.22132431,4.404138152,-3.1828136
94.67,-64.99637867,0.05295509132,0.5959947396,0.3177324244,0,-1.221324307,4.40413815,-3.182813601
94.68,-64.99637867,0.0529550913,0.5959947388,0.3177324244,0,-1.221324305,4.404138148,-3.182813602
94.69,-64.99637867,0.05295509129,0.5959947381,0.3177324243,0,-1.221324302,4.404138145,-3.182813602
94.7,-64.99637868,0.05295509127,0.5959947373,0.3177324243,0,-1.2213243,4.404138143,-3.182813603
94.71,-64.99637868,0.05295509126,0.5959947366,0.3177324243,0,-1.221324297,4.404138141,-3.182813604
94.72,-64.99637868,0.05295509124,0.5959947359,0.3177324242,0,-1.221324295,4.404138138,-3.182813604
94.73,-64.99637868,0.05295509122,0.5959947351,0.3177324242,0,-1.221324292,4.404138136,-3.182813605
94.74,-64.99637869,0.05295509121,0.5959947344,0.3177324242,0,-1.221324289,4.404138133,-3.182813606
94.75,-64.99637869,0.05295509119,0.5959947336,0.3177324242,0,-1.221324287,4.404138131,-3.182813607
94.76,-64.99637869,0.05295509118,0.5959947329,0.3177324241,0,-1.221324284,4.404138129,-3.182813607
94.77,-64.99637869,0.05295509116,0.5959947321,0.3177324241,0,-1.221324282,4.404138126,-3.182813608
94.78,-64.9963787,0.05295509115,0.5959947314,0.3177324241,0,-1.221324279,4.404138124,-3.182813609
94.79,-64.9963787,0.05295509113,0.5959947307,0.3177324241,0,-1.221324277,4.404138122,-3.182813609
94.8,-64.9963787,0.05295509112,0.5959947299,0.317732424,0,-1.221324274,4.404138119,-3.18281361
94.81,-64.9963787,0.0529550911,0.5959947292,0.317732424,0,-1.221324271,4.404138117,-3.182813611
94.82,-64.99637871,0.05295509109,0.5959947285,0.317732424,0,-1.221324269,4.404138115,-3.182813612
94.83,-64.99637871,0.05295509107,0.5959947277,0.317732424,0,-1.221324266,4.404138112,-3.182813612
94.84,-64.99637871,0.05295509105,0.595994727,0.3177324239,0,-1.221324264,4.40413811,-3.182813613
94.85,-64.99637871,0.05295509104,0.5959947263,0.3177324239,0,-1.221324261,4.404138108,-3.182813614
94.86,-64.99637871,0.05295509102,0.5959947255,0.3177324239,0,-1.221324259,4.404138105,-3.182813614
94.87,-64.99637872,0.05295509101,0.5959947248,0.3177324238,0,-1.221324256,4.404138103,-3.182813615
94.88,-64.99637872,0.05295509099,0.5959947241,0.3177324238,0,-1.221324254,4.404138101,-3.182813616
94.89,-64.99637872,0.05295509098,0.5959947233,0.3177324238,0,-1.221324251,4.404138098,-3.182813616
94.9,-64.99637872,0.05295509096,0.5959947226,0.3177324238,0,-1.221324249,4.404138096,-3.182813617
94.91,-64.99637873,0.05295509095,0.5959947219,0.3177324237,0,-1.221324246,4.404138094,-3.182813618
94.92,-64.99637873,0.05295509093,0.5959947212,0.3177324237,0,-1.221324244,4.404138091,-3.182813618
94.93,-64.99637873,0.05295509092,0.5959947204,0.3177324237,0,-1.221324241,4.404138089,-3.182813619
94.94,-64.99637873,0.0529550909,0.5959947197,0.3177324237,0,-1.221324239,4.404138087,-3.18281362
94.95,-64.99637874,0.05295509089,0.595994719,0.3177324236,0,-1.221324236,4.404138084,-3.182813621
94.96,-64.99637874,0.05295509087,0.5959947183,0.3177324236,0,-1.221324234,4.404138082,-3.182813621
94.97,-64.99637874,0.05295509086,0.5959947175,0.3177324236,0,-1.221324231,4.40413808,-3.182813622
94.98,-64.99637874,0.05295509084,0.5959947168,0.3177324235,0,-1.221324229,4.404138077,-3.182813623
94.99,-64.99637874,0.05295509083,0.5959947161,0.3177324235,0,-1.221324226,4.404138075,-3.182813623
95,-64.99637875,0.05295509081,0.5959947154,0.3177324235,0,-1.221324224,4.404138073,-3.182813624
95.01,-64.99637875,0.0529550908,0.5959947147,0.3177324235,0,-1.221324221,4.40413807,-3.182813625
95.02,-64.99637875,0.05295509078,0.595994714,0.3177324234,0,-1.221324219,4.404138068,-3.182813625
95.03,-64.99637875,0.05295509077,0.5959947132,0.3177324234,0,-1.221324216,4.404138066,-3.182813626
95.04,-64.99637876,0.05295509076,0.5959947125,0.3177324234,0,-1.221324214,4.404138063,-3.182813627
95.05,-64.99637876,0.05295509074,0.5959947118,0.3177324234,0,-1.221324212,4.404138061,-3.182813627
95.06,-64.99637876,0.05295509073,0.5959947111,0.3177324233,0,-1.221324209,4.404138059,-3.182813628
95.07,-64.99637876,0.05295509071,0.5959947104,0.3177324233,0,-1.221324207,4.404138056,-3.182813629
95.08,-64.99637876,0.0529550907,0.5959947097,0.3177324233,0,-1.221324204,4.404138054,-3.182813629
95.09,-64.99637877,0.05295509068,0.595994709,0.3177324233,0,-1.221324202,4.404138052,-3.18281363
95.1,-64.99637877,0.05295509067,0.5959947083,0.3177324232,0,-1.221324199,4.404138049,-3.182813631
95.11,-64.99637877,0.05295509065,0.5959947076,0.3177324232,0,-1.221324197,4.404138047,-3.182813631
95.12,-64.99637877,0.05295509064,0.5959947068,0.3177324232,0,-1.221324195,4.404138045,-3.182813632
95.13,-64.99637878,0.05295509062,0.5959947061,0.3177324231,0,-1.221324192,4.404138043,-3.182813633
95.14,-64.99637878,0.05295509061,0.5959947054,0.3177324231,0,-1.22132419,4.40413804,-3.182813633
95.15,-64.99637878,0.0529550906,0.5959947047,0.3177324231,0,-1.221324187,4.404138038,-3.182813634
95.16,-64.99637878,0.05295509058,0.595994704,0.3177324231,0,-1.221324185,4.404138036,-3.182813634
95.17,-64.99637878,0.05295509057,0.5959947033,0.317732423,0,-1.221324182,4.404138033,-3.182813635
95.18,-64.99637879,0.05295509055,0.5959947026,0.317732423,0,-1.22132418,4.404138031,-3.182813636
95.19,-64.99637879,0.05295509054,0.5959947019,0.317732423,0,-1.221324178,4.404138029,-3.182813636
95.2,-64.99637879,0.05295509053,0.5959947012,0.317732423,0,-1.221324175,4.404138026,-3.182813637
95.21,-64.99637879,0.05295509051,0.5959947005,0.3177324229,0,-1.221324173,4.404138024,-3.182813638
95.22,-64.99637879,0.0529550905,0.5959946998,0.3177324229,0,-1.221324171,4.404138022,-3.182813638
95.23,-64.9963788,0.05295509048,0.5959946991,0.3177324229,0,-1.221324168,4.40413802,-3.182813639
95.24,-64.9963788,0.05295509047,0.5959946984,0.3177324228,0,-1.221324166,4.404138017,-3.18281364
95.25,-64.9963788,0.05295509045,0.5959946977,0.3177324228,0,-1.221324163,4.404138015,-3.18281364
95.26,-64.9963788,0.05295509044,0.595994697,0.3177324228,0,-1.221324161,4.404138013,-3.182813641
95.27,-64.99637881,0.05295509043,0.5959946964,0.3177324228,0,-1.221324159,4.40413801,-3.182813642
95.28,-64.99637881,0.05295509041,0.5959946957,0.3177324227,0,-1.221324156,4.404138008,-3.182813642
95.29,-64.99637881,0.0529550904,0.595994695,0.3177324227,0,-1.221324154,4.404138006,-3.182813643
95.3,-64.99637881,0.05295509039,0.5959946943,0.3177324227,0,-1.221324152,4.404138004,-3.182813643
95.31,-64.99637881,0.05295509037,0.5959946936,0.3177324226,0,-1.221324149,4.404138001,-3.182813644
95.32,-64.99637882,0.05295509036,0.5959946929,0.3177324226,0,-1.221324147,4.404137999,-3.182813645
95.33,-64.99637882,0.05295509034,0.5959946922,0.3177324226,0,-1.221324145,4.404137997,-3.182813645
95.34,-64.99637882,0.05295509033,0.5959946915,0.3177324226,0,-1.221324142,4.404137994,-3.182813646
95.35,-64.99637882,0.05295509032,0.5959946908,0.3177324225,0,-1.22132414,4.404137992,-3.182813647
95.36,-64.99637882,0.0529550903,0.5959946902,0.3177324225,0,-1.221324138,4.40413799,-3.182813647
95.37,-64.99637883,0.05295509029,0.5959946895,0.3177324225,0,-1.221324135,4.404137988,-3.182813648
95.38,-64.99637883,0.05295509028,0.5959946888,0.3177324225,0,-1.221324133,4.404137985,-3.182813648
95.39,-64.99637883,0.05295509026,0.5959946881,0.3177324224,0,-1.221324131,4.404137983,-3.182813649
95.4,-64.99637883,0.05295509025,0.5959946874,0.3177324224,0,-1.221324128,4.404137981,-3.18281365
95.41,-64.99637883,0.05295509024,0.5959946867,0.3177324224,0,-1.221324126,4.404137978,-3.18281365
95.42,-64.99637884,0.05295509022,0.5959946861,0.3177324223,0,-1.221324124,4.404137976,-3.182813651
95.43,-64.99637884,0.05295509021,0.5959946854,0.3177324223,0,-1.221324121,4.404137974,-3.182813651
95.44,-64.99637884,0.0529550902,0.5959946847,0.3177324223,0,-1.221324119,4.404137972,-3.182813652
95.45,-64.99637884,0.05295509018,0.595994684,0.3177324223,0,-1.221324117,4.404137969,-3.182813653
95.46,-64.99637884,0.05295509017,0.5959946833,0.3177324222,0,-1.221324115,4.404137967,-3.182813653
95.47,-64.99637885,0.05295509016,0.5959946827,0.3177324222,0,-1.221324112,4.404137965,-3.182813654
95.48,-64.99637885,0.05295509014,0.595994682,0.3177324222,0,-1.22132411,4.404137963,-3.182813654
95.49,-64.99637885,0.05295509013,0.5959946813,0.3177324222,0,-1.221324108,4.40413796,-3.182813655
95.5,-64.99637885,0.05295509012,0.5959946807,0.3177324221,0,-1.221324105,4.404137958,-3.182813656
95.51,-64.99637885,0.0529550901,0.59599468,0.3177324221,0,-1.221324103,4.404137956,-3.182813656
95.52,-64.99637886,0.05295509009,0.5959946793,0.3177324221,0,-1.221324101,4.404137954,-3.182813657
95.53,-64.99637886,0.05295509008,0.5959946786,0.317732422,0,-1.221324099,4.404137951,-3.182813657
95.54,-64.99637886,0.05295509006,0.595994678,0.317732422,0,-1.221324096,4.404137949,-3.182813658
95.55,-64.99637886,0.05295509005,0.5959946773,0.317732422,0,-1.221324094,4.404137947,-3.182813659
95.56,-64.99637886,0.05295509004,0.5959946766,0.317732422,0,-1.221324092,4.404137945,-3.182813659
95.57,-64.99637887,0.05295509003,0.595994676,0.3177324219,0,-1.22132409,4.404137942,-3.18281366
95.58,-64.99637887,0.05295509001,0.5959946753,0.3177324219,0,-1.221324087,4.40413794,-3.18281366
95.59,-64.99637887,0.05295509,0.5959946746,0.3177324219,0,-1.221324085,4.404137938,-3.182813661
95.6,-64.99637887,0.05295508999,0.595994674,0.3177324219,0,-1.221324083,4.404137936,-3.182813661
95.61,-64.99637887,0.05295508997,0.5959946733,0.3177324218,0,-1.221324081,4.404137934,-3.182813662
95.62,-64.99637888,0.05295508996,0.5959946726,0.3177324218,0,-1.221324079,4.404137931,-3.182813663
95.63,-64.99637888,0.05295508995,0.595994672,0.3177324218,0,-1.221324076,4.404137929,-3.182813663
95.64,-64.99637888,0.05295508994,0.5959946713,0.3177324217,0,-1.221324074,4.404137927,-3.182813664
95.65,-64.99637888,0.05295508992,0.5959946707,0.3177324217,0,-1.221324072,4.404137925,-3.182813664
95.66,-64.99637888,0.05295508991,0.59599467,0.3177324217,0,-1.22132407,4.404137922,-3.182813665
95.67,-64.99637888,0.0529550899,0.5959946693,0.3177324217,0,-1.221324068,4.40413792,-3.182813665
95.68,-64.99637889,0.05295508989,0.5959946687,0.3177324216,0,-1.221324065,4.404137918,-3.182813666
95.69,-64.99637889,0.05295508987,0.595994668,0.3177324216,0,-1.221324063,4.404137916,-3.182813667
95.7,-64.99637889,0.05295508986,0.5959946674,0.3177324216,0,-1.221324061,4.404137914,-3.182813667
95.71,-64.99637889,0.05295508985,0.5959946667,0.3177324215,0,-1.221324059,4.404137911,-3.182813668
95.72,-64.99637889,0.05295508984,0.5959946661,0.3177324215,0,-1.221324057,4.404137909,-3.182813668
95.73,-64.9963789,0.05295508982,0.5959946654,0.3177324215,0,-1.221324054,4.404137907,-3.182813669
95.74,-64.9963789,0.05295508981,0.5959946648,0.3177324215,0,-1.221324052,4.404137905,-3.182813669
95.75,-64.9963789,0.0529550898,0.5959946641,0.3177324214,0,-1.22132405,4.404137903,-3.18281367
95.76,-64.9963789,0.05295508979,0.5959946635,0.3177324214,0,-1.221324048,4.4041379,-3.18281367
95.77,-64.9963789,0.05295508977,0.5959946628,0.3177324214,0,-1.221324046,4.404137898,-3.182813671
95.78,-64.9963789,0.05295508976,0.5959946622,0.3177324214,0,-1.221324044,4.404137896,-3.182813671
95.79,-64.99637891,0.05295508975,0.5959946615,0.3177324213,0,-1.221324042,4.404137894,-3.182813672
95.8,-64.99637891,0.05295508974,0.5959946609,0.3177324213,0,-1.221324039,4.404137892,-3.182813673
95.81,-64.99637891,0.05295508973,0.5959946602,0.3177324213,0,-1.221324037,4.404137889,-3.182813673
95.82,-64.99637891,0.05295508971,0.5959946596,0.3177324212,0,-1.221324035,4.404137887,-3.182813674
95.83,-64.99637891,0.0529550897,0.5959946589,0.3177324212,0,-1.221324033,4.404137885,-3.182813674
95.84,-64.99637892,0.05295508969,0.5959946583,0.3177324212,0,-1.221324031,4.404137883,-3.182813675
95.85,-64.99637892,0.05295508968,0.5959946576,0.3177324212,0,-1.221324029,4.404137881,-3.182813675
95.86,-64.99637892,0.05295508967,0.595994657,0.3177324211,0,-1.221324027,4.404137878,-3.182813676
95.87,-64.99637892,0.05295508965,0.5959946564,0.3177324211,0,-1.221324024,4.404137876,-3.182813676
95.88,-64.99637892,0.05295508964,0.5959946557,0.3177324211,0,-1.221324022,4.404137874,-3.182813677
95.89,-64.99637892,0.05295508963,0.5959946551,0.3177324211,0,-1.22132402,4.404137872,-3.182813677
95.9,-64.99637893,0.05295508962,0.5959946544,0.317732421,0,-1.221324018,4.40413787,-3.182813678
95.91,-64.99637893,0.05295508961,0.5959946538,0.317732421,0,-1.221324016,4.404137868,-3.182813678
95.92,-64.99637893,0.0529550896,0.5959946532,0.317732421,0,-1.221324014,4.404137865,-3.182813679
95.93,-64.99637893,0.05295508958,0.5959946525,0.3177324209,0,-1.221324012,4.404137863,-3.182813679
95.94,-64.99637893,0.05295508957,0.5959946519,0.3177324209,0,-1.22132401,4.404137861,-3.18281368
95.95,-64.99637893,0.05295508956,0.5959946513,0.3177324209,0,-1.221324008,4.404137859,-3.18281368
95.96,-64.99637894,0.05295508955,0.5959946506,0.3177324209,0,-1.221324006,4.404137857,-3.182813681
95.97,-64.99637894,0.05295508954,0.59599465,0.3177324208,0,-1.221324004,4.404137855,-3.182813681
95.98,-64.99637894,0.05295508953,0.5959946494,0.3177324208,0,-1.221324001,4.404137853,-3.182813682
95.99,-64.99637894,0.05295508952,0.5959946487,0.3177324208,0,-1.221323999,4.40413785,-3.182813682
96,-64.99637894,0.0529550895,0.5959946481,0.3177324207,0,-1.221323997,4.404137848,-3.182813683
96.01,-64.99637894,0.05295508949,0.5959946475,0.3177324207,0,-1.221323995,4.404137846,-3.182813683
96.02,-64.99637895,0.05295508948,0.5959946468,0.3177324207,0,-1.221323993,4.404137844,-3.182813684
96.03,-64.99637895,0.05295508947,0.5959946462,0.3177324207,0,-1.221323991,4.404137842,-3.182813684
96.04,-64.99637895,0.05295508946,0.5959946456,0.3177324206,0,-1.221323989,4.40413784,-3.182813685
96.05,-64.99637895,0.05295508945,0.5959946449,0.3177324206,0,-1.221323987,4.404137838,-3.182813685
96.06,-64.99637895,0.05295508944,0.5959946443,0.3177324206,0,-1.221323985,4.404137835,-3.182813686
96.07,-64.99637895,0.05295508943,0.5959946437,0.3177324206,0,-1.221323983,4.404137833,-3.182813686
96.08,-64.99637896,0.05295508941,0.5959946431,0.3177324205,0,-1.221323981,4.404137831,-3.182813687
96.09,-64.99637896,0.0529550894,0.5959946424,0.3177324205,0,-1.221323979,4.404137829,-3.182813687
96.1,-64.99637896,0.05295508939,0.5959946418,0.3177324205,0,-1.221323977,4.404137827,-3.182813688
96.11,-64.99637896,0.05295508938,0.5959946412,0.3177324204,0,-1.221323975,4.404137825,-3.182813688
96.12,-64.99637896,0.05295508937,0.5959946406,0.3177324204,0,-1.221323973,4.404137823,-3.182813689
96.13,-64.99637896,0.05295508936,0.59599464,0.3177324204,0,-1.221323971,4.404137821,-3.182813689
96.14,-64.99637897,0.05295508935,0.5959946393,0.3177324204,0,-1.221323969,4.404137818,-3.18281369
96.15,-64.99637897,0.05295508934,0.5959946387,0.3177324203,0,-1.221323967,4.404137816,-3.18281369
96.16,-64.99637897,0.05295508933,0.5959946381,0.3177324203,0,-1.221323965,4.404137814,-3.182813691
96.17,-64.99637897,0.05295508932,0.5959946375,0.3177324203,0,-1.221323963,4.404137812,-3.182813691
96.18,-64.99637897,0.05295508931,0.5959946369,0.3177324203,0,-1.221323961,4.40413781,-3.182813692
96.19,-64.99637897,0.0529550893,0.5959946363,0.3177324202,0,-1.221323959,4.404137808,-3.182813692
96.2,-64.99637898,0.05295508928,0.5959946356,0.3177324202,0,-1.221323957,4.404137806,-3.182813693
96.21,-64.99637898,0.05295508927,0.595994635,0.3177324202,0,-1.221323955,4.404137804,-3.182813693
96.22,-64.99637898,0.05295508926,0.5959946344,0.3177324201,0,-1.221323953,4.404137802,-3.182813694
96.23,-64.99637898,0.05295508925,0.5959946338,0.3177324201,0,-1.221323951,4.4041378,-3.182813694
96.24,-64.99637898,0.05295508924,0.5959946332,0.3177324201,0,-1.221323949,4.404137797,-3.182813695
96.25,-64.99637898,0.05295508923,0.5959946326,0.3177324201,0,-1.221323947,4.404137795,-3.182813695
96.26,-64.99637898,0.05295508922,0.595994632,0.31773242,0,-1.221323945,4.404137793,-3.182813695
96.27,-64.99637899,0.05295508921,0.5959946314,0.31773242,0,-1.221323943,4.404137791,-3.182813696
96.28,-64.99637899,0.0529550892,0.5959946307,0.31773242,0,-1.221323941,4.404137789,-3.182813696
96.29,-64.99637899,0.05295508919,0.5959946301,0.31773242,0,-1.221323939,4.404137787,-3.182813697
96.3,-64.99637899,0.05295508918,0.5959946295,0.3177324199,0,-1.221323937,4.404137785,-3.182813697
96.31,-64.99637899,0.05295508917,0.5959946289,0.3177324199,0,-1.221323935,4.404137783,-3.182813698
96.32,-64.99637899,0.05295508916,0.5959946283,0.3177324199,0,-1.221323934,4.404137781,-3.182813698
96.33,-64.996379,0.05295508915,0.5959946277,0.3177324198,0,-1.221323932,4.404137779,-3.182813699
96.34,-64.996379,0.05295508914,0.5959946271,0.3177324198,0,-1.22132393,4.404137777,-3.182813699
96.35,-64.996379,0.05295508913,0.5959946265,0.3177324198,0,-1.221323928,4.404137775,-3.1828137
96.36,-64.996379,0.05295508912,0.5959946259,0.3177324198,0,-1.221323926,4.404137773,-3.1828137
96.37,-64.996379,0.05295508911,0.5959946253,0.3177324197,0,-1.221323924,4.404137771,-3.1828137
96.38,-64.996379,0.0529550891,0.5959946247,0.3177324197,0,-1.221323922,4.404137769,-3.182813701
96.39,-64.996379,0.05295508909,0.5959946241,0.3177324197,0,-1.22132392,4.404137766,-3.182813701
96.4,-64.99637901,0.05295508908,0.5959946235,0.3177324197,0,-1.221323918,4.404137764,-3.182813702
96.41,-64.99637901,0.05295508907,0.5959946229,0.3177324196,0,-1.221323916,4.404137762,-3.182813702
96.42,-64.99637901,0.05295508906,0.5959946223,0.3177324196,0,-1.221323914,4.40413776,-3.182813703
96.43,-64.99637901,0.05295508905,0.5959946217,0.3177324196,0,-1.221323913,4.404137758,-3.182813703
96.44,-64.99637901,0.05295508904,0.5959946211,0.3177324195,0,-1.221323911,4.404137756,-3.182813703
96.45,-64.99637901,0.05295508903,0.5959946205,0.3177324195,0,-1.221323909,4.404137754,-3.182813704
96.46,-64.99637901,0.05295508902,0.5959946199,0.3177324195,0,-1.221323907,4.404137752,-3.182813704
96.47,-64.99637902,0.05295508901,0.5959946193,0.3177324195,0,-1.221323905,4.40413775,-3.182813705
96.48,-64.99637902,0.052955089,0.5959946187,0.3177324194,0,-1.221323903,4.404137748,-3.182813705
96.49,-64.99637902,0.05295508899,0.5959946181,0.3177324194,0,-1.221323901,4.404137746,-3.182813706
96.5,-64.99637902,0.05295508898,0.5959946176,0.3177324194,0,-1.2213239,4.404137744,-3.182813706
96.51,-64.99637902,0.05295508897,0.595994617,0.3177324194,0,-1.221323898,4.404137742,-3.182813706
96.52,-64.99637902,0.05295508896,0.5959946164,0.3177324193,0,-1.221323896,4.40413774,-3.182813707
96.53,-64.99637902,0.05295508895,0.5959946158,0.3177324193,0,-1.221323894,4.404137738,-3.182813707
96.54,-64.99637903,0.05295508894,0.5959946152,0.3177324193,0,-1.221323892,4.404137736,-3.182813708
96.55,-64.99637903,0.05295508894,0.5959946146,0.3177324192,0,-1.22132389,4.404137734,-3.182813708
96.56,-64.99637903,0.05295508893,0.595994614,0.3177324192,0,-1.221323888,4.404137732,-3.182813708
96.57,-64.99637903,0.05295508892,0.5959946134,0.3177324192,0,-1.221323887,4.40413773,-3.182813709
96.58,-64.99637903,0.05295508891,0.5959946128,0.3177324192,0,-1.221323885,4.404137728,-3.182813709
96.59,-64.99637903,0.0529550889,0.5959946123,0.3177324191,0,-1.221323883,4.404137726,-3.18281371
96.6,-64.99637903,0.05295508889,0.5959946117,0.3177324191,0,-1.221323881,4.404137724,-3.18281371
96.61,-64.99637903,0.05295508888,0.5959946111,0.3177324191,0,-1.221323879,4.404137722,-3.18281371
96.62,-64.99637904,0.05295508887,0.5959946105,0.3177324191,0,-1.221323878,4.40413772,-3.182813711
96.63,-64.99637904,0.05295508886,0.5959946099,0.317732419,0,-1.221323876,4.404137718,-3.182813711
96.64,-64.99637904,0.05295508885,0.5959946093,0.317732419,0,-1.221323874,4.404137716,-3.182813712
96.65,-64.99637904,0.05295508884,0.5959946088,0.317732419,0,-1.221323872,4.404137714,-3.182813712
96.66,-64.99637904,0.05295508883,0.5959946082,0.3177324189,0,-1.22132387,4.404137712,-3.182813712
96.67,-64.99637904,0.05295508883,0.5959946076,0.3177324189,0,-1.221323869,4.40413771,-3.182813713
96.68,-64.99637904,0.05295508882,0.595994607,0.3177324189,0,-1.221323867,4.404137708,-3.182813713
96.69,-64.99637905,0.05295508881,0.5959946064,0.3177324189,0,-1.221323865,4.404137706,-3.182813714
96.7,-64.99637905,0.0529550888,0.5959946059,0.3177324188,0,-1.221323863,4.404137704,-3.182813714
96.71,-64.99637905,0.05295508879,0.5959946053,0.3177324188,0,-1.221323861,4.404137702,-3.182813714
96.72,-64.99637905,0.05295508878,0.5959946047,0.3177324188,0,-1.22132386,4.4041377,-3.182813715
96.73,-64.99637905,0.05295508877,0.5959946041,0.3177324188,0,-1.221323858,4.404137698,-3.182813715
96.74,-64.99637905,0.05295508876,0.5959946036,0.3177324187,0,-1.221323856,4.404137697,-3.182813715
96.75,-64.99637905,0.05295508876,0.595994603,0.3177324187,0,-1.221323854,4.404137695,-3.182813716
96.76,-64.99637905,0.05295508875,0.5959946024,0.3177324187,0,-1.221323853,4.404137693,-3.182813716
96.77,-64.99637906,0.05295508874,0.5959946019,0.3177324186,0,-1.221323851,4.404137691,-3.182813717
96.78,-64.99637906,0.05295508873,0.5959946013,0.3177324186,0,-1.221323849,4.404137689,-3.182813717
96.79,-64.99637906,0.05295508872,0.5959946007,0.3177324186,0,-1.221323847,4.404137687,-3.182813717
96.8,-64.99637906,0.05295508871,0.5959946001,0.3177324186,0,-1.221323846,4.404137685,-3.182813718
96.81,-64.99637906,0.0529550887,0.5959945996,0.3177324185,0,-1.221323844,4.404137683,-3.182813718
96.82,-64.99637906,0.0529550887,0.595994599,0.3177324185,0,-1.221323842,4.404137681,-3.182813718
96.83,-64.99637906,0.05295508869,0.5959945984,0.3177324185,0,-1.22132384,4.404137679,-3.182813719
96.84,-64.99637906,0.05295508868,0.5959945979,0.3177324185,0,-1.221323839,4.404137677,-3.182813719
96.85,-64.99637906,0.05295508867,0.5959945973,0.3177324184,0,-1.221323837,4.404137675,-3.182813719
96.86,-64.99637907,0.05295508866,0.5959945967,0.3177324184,0,-1.221323835,4.404137673,-3.18281372
96.87,-64.99637907,0.05295508865,0.5959945962,0.3177324184,0,-1.221323834,4.404137671,-3.18281372
96.88,-64.99637907,0.05295508865,0.5959945956,0.3177324184,0,-1.221323832,4.40413767,-3.182813721
96.89,-64.99637907,0.05295508864,0.595994595,0.3177324183,0,-1.22132383,4.404137668,-3.182813721
96.9,-64.99637907,0.05295508863,0.5959945945,0.3177324183,0,-1.221323828,4.404137666,-3.182813721
96.91,-64.99637907,0.05295508862,0.5959945939,0.3177324183,0,-1.221323827,4.404137664,-3.182813722
96.92,-64.99637907,0.05295508861,0.5959945934,0.3177324182,0,-1.221323825,4.404137662,-3.182813722
96.93,-64.99637907,0.05295508861,0.5959945928,0.3177324182,0,-1.221323823,4.40413766,-3.182813722
96.94,-64.99637908,0.0529550886,0.5959945922,0.3177324182,0,-1.221323822,4.404137658,-3.182813723
96.95,-64.99637908,0.05295508859,0.5959945917,0.3177324182,0,-1.22132382,4.404137656,-3.182813723
96.96,-64.99637908,0.05295508858,0.5959945911,0.3177324181,0,-1.221323818,4.404137654,-3.182813723
96.97,-64.99637908,0.05295508857,0.5959945906,0.3177324181,0,-1.221323817,4.404137652,-3.182813724
96.98,-64.99637908,0.05295508857,0.59599459,0.3177324181,0,-1.221323815,4.404137651,-3.182813724
96.99,-64.99637908,0.05295508856,0.5959945895,0.3177324181,0,-1.221323813,4.404137649,-3.182813724
97,-64.99637908,0.05295508855,0.5959945889,0.317732418,0,-1.221323812,4.404137647,-3.182813725
97.01,-64.99637908,0.05295508854,0.5959945883,0.317732418,0,-1.22132381,4.404137645,-3.182813725
97.02,-64.99637908,0.05295508854,0.5959945878,0.317732418,0,-1.221323808,4.404137643,-3.182813725
97.03,-64.99637909,0.05295508853,0.5959945872,0.317732418,0,-1.221323807,4.404137641,-3.182813726
97.04,-64.99637909,0.05295508852,0.5959945867,0.3177324179,0,-1.221323805,4.404137639,-3.182813726
97.05,-64.99637909,0.05295508851,0.5959945861,0.3177324179,0,-1.221323803,4.404137637,-3.182813726
97.06,-64.99637909,0.05295508851,0.5959945856,0.3177324179,0,-1.221323802,4.404137636,-3.182813727
97.07,-64.99637909,0.0529550885,0.595994585,0.3177324179,0,-1.2213238,4.404137634,-3.182813727
97.08,-64.99637909,0.05295508849,0.5959945845,0.3177324178,0,-1.221323798,4.404137632,-3.182813727
97.09,-64.99637909,0.05295508848,0.5959945839,0.3177324178,0,-1.221323797,4.40413763,-3.182813728
97.1,-64.99637909,0.05295508848,0.5959945834,0.3177324178,0,-1.221323795,4.404137628,-3.182813728
97.11,-64.99637909,0.05295508847,0.5959945828,0.3177324177,0,-1.221323794,4.404137626,-3.182813728
97.12,-64.99637909,0.05295508846,0.5959945823,0.3177324177,0,-1.221323792,4.404137625,-3.182813728
97.13,-64.9963791,0.05295508845,0.5959945817,0.3177324177,0,-1.22132379,4.404137623,-3.182813729
97.14,-64.9963791,0.05295508845,0.5959945812,0.3177324177,0,-1.221323789,4.404137621,-3.182813729
97.15,-64.9963791,0.05295508844,0.5959945806,0.3177324176,0,-1.221323787,4.404137619,-3.182813729
97.16,-64.9963791,0.05295508843,0.5959945801,0.3177324176,0,-1.221323786,4.404137617,-3.18281373
97.17,-64.9963791,0.05295508843,0.5959945796,0.3177324176,0,-1.221323784,4.404137615,-3.18281373
97.18,-64.9963791,0.05295508842,0.595994579,0.3177324176,0,-1.221323782,4.404137614,-3.18281373
97.19,-64.9963791,0.05295508841,0.5959945785,0.3177324175,0,-1.221323781,4.404137612,-3.182813731
97.2,-64.9963791,0.0529550884,0.5959945779,0.3177324175,0,-1.221323779,4.40413761,-3.182813731
97.21,-64.9963791,0.0529550884,0.5959945774,0.3177324175,0,-1.221323778,4.404137608,-3.182813731
97.22,-64.99637911,0.05295508839,0.5959945768,0.3177324175,0,-1.221323776,4.404137606,-3.182813732
97.23,-64.99637911,0.05295508838,0.5959945763,0.3177324174,0,-1.221323774,4.404137604,-3.182813732
97.24,-64.99637911,0.05295508838,0.5959945758,0.3177324174,0,-1.221323773,4.404137603,-3.182813732
97.25,-64.99637911,0.05295508837,0.5959945752,0.3177324174,0,-1.221323771,4.404137601,-3.182813732
97.26,-64.99637911,0.05295508836,0.5959945747,0.3177324174,0,-1.22132377,4.404137599,-3.182813733
97.27,-64.99637911,0.05295508836,0.5959945742,0.3177324173,0,-1.221323768,4.404137597,-3.182813733
97.28,-64.99637911,0.05295508835,0.5959945736,0.3177324173,0,-1.221323767,4.404137596,-3.182813733
97.29,-64.99637911,0.05295508834,0.5959945731,0.3177324173,0,-1.221323765,4.404137594,-3.182813734
97.3,-64.99637911,0.05295508834,0.5959945725,0.3177324172,0,-1.221323763,4.404137592,-3.182813734
97.31,-64.99637911,0.05295508833,0.595994572,0.3177324172,0,-1.221323762,4.40413759,-3.182813734
97.32,-64.99637911,0.05295508832,0.5959945715,0.3177324172,0,-1.22132376,4.404137588,-3.182813734
97.33,-64.99637912,0.05295508832,0.5959945709,0.3177324172,0,-1.221323759,4.404137587,-3.182813735
97.34,-64.99637912,0.05295508831,0.5959945704,0.3177324171,0,-1.221323757,4.404137585,-3.182813735
97.35,-64.99637912,0.0529550883,0.5959945699,0.3177324171,0,-1.221323756,4.404137583,-3.182813735
97.36,-64.99637912,0.0529550883,0.5959945693,0.3177324171,0,-1.221323754,4.404137581,-3.182813736
97.37,-64.99637912,0.05295508829,0.5959945688,0.3177324171,0,-1.221323753,4.40413758,-3.182813736
97.38,-64.99637912,0.05295508828,0.5959945683,0.317732417,0,-1.221323751,4.404137578,-3.182813736
97.39,-64.99637912,0.05295508828,0.5959945678,0.317732417,0,-1.22132375,4.404137576,-3.182813736
97.4,-64.99637912,0.05295508827,0.5959945672,0.317732417,0,-1.221323748,4.404137574,-3.182813737
97.41,-64.99637912,0.05295508826,0.5959945667,0.317732417,0,-1.221323747,4.404137572,-3.182813737
97.42,-64.99637912,0.05295508826,0.5959945662,0.3177324169,0,-1.221323745,4.404137571,-3.182813737
97.43,-64.99637912,0.05295508825,0.5959945656,0.3177324169,0,-1.221323744,4.404137569,-3.182813737
97.44,-64.99637913,0.05295508824,0.5959945651,0.3177324169,0,-1.221323742,4.404137567,-3.182813738
97.45,-64.99637913,0.05295508824,0.5959945646,0.3177324169,0,-1.221323741,4.404137566,-3.182813738
97.46,-64.99637913,0.05295508823,0.5959945641,0.3177324168,0,-1.221323739,4.404137564,-3.182813738
97.47,-64.99637913,0.05295508823,0.5959945635,0.3177324168,0,-1.221323738,4.404137562,-3.182813738
97.48,-64.99637913,0.05295508822,0.595994563,0.3177324168,0,-1.221323736,4.40413756,-3.182813739
97.49,-64.99637913,0.05295508821,0.5959945625,0.3177324168,0,-1.221323735,4.404137559,-3.182813739
97.5,-64.99637913,0.05295508821,0.595994562,0.3177324167,0,-1.221323733,4.404137557,-3.182813739
97.51,-64.99637913,0.0529550882,0.5959945615,0.3177324167,0,-1.221323732,4.404137555,-3.182813739
97.52,-64.99637913,0.0529550882,0.5959945609,0.3177324167,0,-1.22132373,4.404137553,-3.18281374
97.53,-64.99637913,0.05295508819,0.5959945604,0.3177324167,0,-1.221323729,4.404137552,-3.18281374
97.54,-64.99637913,0.05295508818,0.5959945599,0.3177324166,0,-1.221323727,4.40413755,-3.18281374
97.55,-64.99637913,0.05295508818,0.5959945594,0.3177324166,0,-1.221323726,4.404137548,-3.18281374
97.56,-64.99637914,0.05295508817,0.5959945589,0.3177324166,0,-1.221323724,4.404137547,-3.182813741
97.57,-64.99637914,0.05295508817,0.5959945583,0.3177324166,0,-1.221323723,4.404137545,-3.182813741
97.58,-64.99637914,0.05295508816,0.5959945578,0.3177324165,0,-1.221323721,4.404137543,-3.182813741
97.59,-64.99637914,0.05295508815,0.5959945573,0.3177324165,0,-1.22132372,4.404137542,-3.182813741
97.6,-64.99637914,0.05295508815,0.5959945568,0.3177324165,0,-1.221323719,4.40413754,-3.182813742
97.61,-64.99637914,0.05295508814,0.5959945563,0.3177324165,0,-1.221323717,4.404137538,-3.182813742
97.62,-64.99637914,0.05295508814,0.5959945558,0.3177324164,0,-1.221323716,4.404137536,-3.182813742
97.63,-64.99637914,0.05295508813,0.5959945553,0.3177324164,0,-1.221323714,4.404137535,-3.182813742
97.64,-64.99637914,0.05295508813,0.5959945547,0.3177324164,0,-1.221323713,4.404137533,-3.182813743
97.65,-64.99637914,0.05295508812,0.5959945542,0.3177324164,0,-1.221323711,4.404137531,-3.182813743
97.66,-64.99637914,0.05295508812,0.5959945537,0.3177324163,0,-1.22132371,4.40413753,-3.182813743
97.67,-64.99637914,0.05295508811,0.5959945532,0.3177324163,0,-1.221323709,4.404137528,-3.182813743
97.68,-64.99637915,0.0529550881,0.5959945527,0.3177324163,0,-1.221323707,4.404137526,-3.182813744
97.69,-64.99637915,0.0529550881,0.5959945522,0.3177324163,0,-1.221323706,4.404137525,-3.182813744
97.7,-64.99637915,0.05295508809,0.5959945517,0.3177324162,0,-1.221323704,4.404137523,-3.182813744
97.71,-64.99637915,0.05295508809,0.5959945512,0.3177324162,0,-1.221323703,4.404137521,-3.182813744
97.72,-64.99637915,0.05295508808,0.5959945507,0.3177324162,0,-1.221323702,4.40413752,-3.182813744
97.73,-64.99637915,0.05295508808,0.5959945502,0.3177324162,0,-1.2213237,4.404137518,-3.182813745
97.74,-64.99637915,0.05295508807,0.5959945496,0.3177324161,0,-1.221323699,4.404137516,-3.182813745
97.75,-64.99637915,0.05295508807,0.5959945491,0.3177324161,0,-1.221323697,4.404137515,-3.182813745
97.76,-64.99637915,0.05295508806,0.5959945486,0.3177324161,0,-1.221323696,4.404137513,-3.182813745
97.77,-64.99637915,0.05295508806,0.5959945481,0.3177324161,0,-1.221323695,4.404137512,-3.182813746
97.78,-64.99637915,0.05295508805,0.5959945476,0.317732416,0,-1.221323693,4.40413751,-3.182813746
97.79,-64.99637915,0.05295508805,0.5959945471,0.317732416,0,-1.221323692,4.404137508,-3.182813746
97.8,-64.99637915,0.05295508804,0.5959945466,0.317732416,0,-1.22132369,4.404137507,-3.182813746
97.81,-64.99637915,0.05295508804,0.5959945461,0.317732416,0,-1.221323689,4.404137505,-3.182813746
97.82,-64.99637916,0.05295508803,0.5959945456,0.3177324159,0,-1.221323688,4.404137503,-3.182813747
97.83,-64.99637916,0.05295508803,0.5959945451,0.3177324159,0,-1.221323686,4.404137502,-3.182813747
97.84,-64.99637916,0.05295508802,0.5959945446,0.3177324159,0,-1.221323685,4.4041375,-3.182813747
97.85,-64.99637916,0.05295508802,0.5959945441,0.3177324159,0,-1.221323684,4.404137499,-3.182813747
97.86,-64.99637916,0.05295508801,0.5959945436,0.3177324158,0,-1.221323682,4.404137497,-3.182813747
97.87,-64.99637916,0.05295508801,0.5959945431,0.3177324158,0,-1.221323681,4.404137495,-3.182813748
97.88,-64.99637916,0.052955088,0.5959945426,0.3177324158,0,-1.22132368,4.404137494,-3.182813748
97.89,-64.99637916,0.052955088,0.5959945421,0.3177324158,0,-1.221323678,4.404137492,-3.182813748
97.9,-64.99637916,0.05295508799,0.5959945416,0.3177324157,0,-1.221323677,4.40413749,-3.182813748
97.91,-64.99637916,0.05295508799,0.5959945411,0.3177324157,0,-1.221323675,4.404137489,-3.182813748
97.92,-64.99637916,0.05295508798,0.5959945406,0.3177324157,0,-1.221323674,4.404137487,-3.182813749
97.93,-64.99637916,0.05295508798,0.5959945401,0.3177324157,0,-1.221323673,4.404137486,-3.182813749
97.94,-64.99637916,0.05295508797,0.5959945396,0.3177324156,0,-1.221323671,4.404137484,-3.182813749
97.95,-64.99637916,0.05295508797,0.5959945391,0.3177324156,0,-1.22132367,4.404137483,-3.182813749
97.96,-64.99637916,0.05295508796,0.5959945387,0.3177324156,0,-1.221323669,4.404137481,-3.182813749
97.97,-64.99637917,0.05295508796,0.5959945382,0.3177324156,0,-1.221323668,4.404137479,-3.18281375
97.98,-64.99637917,0.05295508795,0.5959945377,0.3177324155,0,-1.221323666,4.404137478,-3.18281375
97.99,-64.99637917,0.05295508795,0.5959945372,0.3177324155,0,-1.221323665,4.404137476,-3.18281375
98,-64.99637917,0.05295508794,0.5959945367,0.3177324155,0,-1.221323664,4.404137475,-3.18281375
98.01,-64.99637917,0.05295508794,0.5959945362,0.3177324155,0,-1.221323662,4.404137473,-3.18281375
98.02,-64.99637917,0.05295508794,0.5959945357,0.3177324154,0,-1.221323661,4.404137472,-3.18281375
98.03,-64.99637917,0.05295508793,0.5959945352,0.3177324154,0,-1.22132366,4.40413747,-3.182813751
98.04,-64.99637917,0.05295508793,0.5959945347,0.3177324154,0,-1.221323658,4.404137468,-3.182813751
98.05,-64.99637917,0.05295508792,0.5959945342,0.3177324154,0,-1.221323657,4.404137467,-3.182813751
98.06,-64.99637917,0.05295508792,0.5959945338,0.3177324153,0,-1.221323656,4.404137465,-3.182813751
98.07,-64.99637917,0.05295508791,0.5959945333,0.3177324153,0,-1.221323654,4.404137464,-3.182813751
98.08,-64.99637917,0.05295508791,0.5959945328,0.3177324153,0,-1.221323653,4.404137462,-3.182813752
98.09,-64.99637917,0.05295508791,0.5959945323,0.3177324153,0,-1.221323652,4.404137461,-3.182813752
98.1,-64.99637917,0.0529550879,0.5959945318,0.3177324153,0,-1.221323651,4.404137459,-3.182813752
98.11,-64.99637917,0.0529550879,0.5959945313,0.3177324152,0,-1.221323649,4.404137458,-3.182813752
98.12,-64.99637917,0.05295508789,0.5959945308,0.3177324152,0,-1.221323648,4.404137456,-3.182813752
98.13,-64.99637917,0.05295508789,0.5959945304,0.3177324152,0,-1.221323647,4.404137455,-3.182813752
98.14,-64.99637918,0.05295508788,0.5959945299,0.3177324152,0,-1.221323646,4.404137453,-3.182813753
98.15,-64.99637918,0.05295508788,0.5959945294,0.3177324151,0,-1.221323644,4.404137452,-3.182813753
98.16,-64.99637918,0.05295508788,0.5959945289,0.3177324151,0,-1.221323643,4.40413745,-3.182813753
98.17,-64.99637918,0.05295508787,0.5959945284,0.3177324151,0,-1.221323642,4.404137448,-3.182813753
98.18,-64.99637918,0.05295508787,0.595994528,0.3177324151,0,-1.221323641,4.404137447,-3.182813753
98.19,-64.99637918,0.05295508786,0.5959945275,0.317732415,0,-1.221323639,4.404137445,-3.182813753
98.2,-64.99637918,0.05295508786,0.595994527,0.317732415,0,-1.221323638,4.404137444,-3.182813753
98.21,-64.99637918,0.05295508786,0.5959945265,0.317732415,0,-1.221323637,4.404137442,-3.182813754
98.22,-64.99637918,0.05295508785,0.595994526,0.317732415,0,-1.221323636,4.404137441,-3.182813754
98.23,-64.99637918,0.05295508785,0.5959945256,0.3177324149,0,-1.221323634,4.404137439,-3.182813754
98.24,-64.99637918,0.05295508785,0.5959945251,0.3177324149,0,-1.221323633,4.404137438,-3.182813754
98.25,-64.99637918,0.05295508784,0.5959945246,0.3177324149,0,-1.221323632,4.404137436,-3.182813754
98.26,-64.99637918,0.05295508784,0.5959945241,0.3177324149,0,-1.221323631,4.404137435,-3.182813754
98.27,-64.99637918,0.05295508783,0.5959945237,0.3177324148,0,-1.221323629,4.404137434,-3.182813755
98.28,-64.99637918,0.05295508783,0.5959945232,0.3177324148,0,-1.221323628,4.404137432,-3.182813755
98.29,-64.99637918,0.05295508783,0.5959945227,0.3177324148,0,-1.221323627,4.404137431,-3.182813755
98.3,-64.99637918,0.05295508782,0.5959945222,0.3177324148,0,-1.221323626,4.404137429,-3.182813755
98.31,-64.99637918,0.05295508782,0.5959945218,0.3177324148,0,-1.221323624,4.404137428,-3.182813755
98.32,-64.99637918,0.05295508782,0.5959945213,0.3177324147,0,-1.221323623,4.404137426,-3.182813755
98.33,-64.99637918,0.05295508781,0.5959945208,0.3177324147,0,-1.221323622,4.404137425,-3.182813755
98.34,-64.99637919,0.05295508781,0.5959945204,0.3177324147,0,-1.221323621,4.404137423,-3.182813756
98.35,-64.99637919,0.0529550878,0.5959945199,0.3177324147,0,-1.22132362,4.404137422,-3.182813756
98.36,-64.99637919,0.0529550878,0.5959945194,0.3177324146,0,-1.221323618,4.40413742,-3.182813756
98.37,-64.99637919,0.0529550878,0.5959945189,0.3177324146,0,-1.221323617,4.404137419,-3.182813756
98.38,-64.99637919,0.05295508779,0.5959945185,0.3177324146,0,-1.221323616,4.404137417,-3.182813756
98.39,-64.99637919,0.05295508779,0.595994518,0.3177324146,0,-1.221323615,4.404137416,-3.182813756
98.4,-64.99637919,0.05295508779,0.5959945175,0.3177324145,0,-1.221323614,4.404137415,-3.182813756
98.41,-64.99637919,0.05295508778,0.5959945171,0.3177324145,0,-1.221323612,4.404137413,-3.182813757
98.42,-64.99637919,0.05295508778,0.5959945166,0.3177324145,0,-1.221323611,4.404137412,-3.182813757
98.43,-64.99637919,0.05295508778,0.5959945161,0.3177324145,0,-1.22132361,4.40413741,-3.182813757
98.44,-64.99637919,0.05295508777,0.5959945157,0.3177324145,0,-1.221323609,4.404137409,-3.182813757
98.45,-64.99637919,0.05295508777,0.5959945152,0.3177324144,0,-1.221323608,4.404137407,-3.182813757
98.46,-64.99637919,0.05295508777,0.5959945147,0.3177324144,0,-1.221323607,4.404137406,-3.182813757
98.47,-64.99637919,0.05295508776,0.5959945143,0.3177324144,0,-1.221323605,4.404137404,-3.182813757
98.48,-64.99637919,0.05295508776,0.5959945138,0.3177324144,0,-1.221323604,4.404137403,-3.182813757
98.49,-64.99637919,0.05295508776,0.5959945134,0.3177324143,0,-1.221323603,4.404137402,-3.182813758
98.5,-64.99637919,0.05295508775,0.5959945129,0.3177324143,0,-1.221323602,4.4041374,-3.182813758
98.51,-64.99637919,0.05295508775,0.5959945124,0.3177324143,0,-1.221323601,4.404137399,-3.182813758
98.52,-64.99637919,0.05295508775,0.595994512,0.3177324143,0,-1.2213236,4.404137397,-3.182813758
98.53,-64.99637919,0.05295508775,0.5959945115,0.3177324142,0,-1.221323598,4.404137396,-3.182813758
98.54,-64.99637919,0.05295508774,0.5959945111,0.3177324142,0,-1.221323597,4.404137395,-3.182813758
98.55,-64.99637919,0.05295508774,0.5959945106,0.3177324142,0,-1.221323596,4.404137393,-3.182813758
98.56,-64.99637919,0.05295508774,0.5959945101,0.3177324142,0,-1.221323595,4.404137392,-3.182813758
98.57,-64.9963792,0.05295508773,0.5959945097,0.3177324142,0,-1.221323594,4.40413739,-3.182813759
98.58,-64.9963792,0.05295508773,0.5959945092,0.3177324141,0,-1.221323593,4.404137389,-3.182813759
98.59,-64.9963792,0.05295508773,0.5959945088,0.3177324141,0,-1.221323592,4.404137388,-3.182813759
98.6,-64.9963792,0.05295508772,0.5959945083,0.3177324141,0,-1.22132359,4.404137386,-3.182813759
98.61,-64.9963792,0.05295508772,0.5959945079,0.3177324141,0,-1.221323589,4.404137385,-3.182813759
98.62,-64.9963792,0.05295508772,0.5959945074,0.317732414,0,-1.221323588,4.404137384,-3.182813759
98.63,-64.9963792,0.05295508772,0.5959945069,0.317732414,0,-1.221323587,4.404137382,-3.182813759
98.64,-64.9963792,0.05295508771,0.5959945065,0.317732414,0,-1.221323586,4.404137381,-3.182813759
98.65,-64.9963792,0.05295508771,0.595994506,0.317732414,0,-1.221323585,4.404137379,-3.182813759
98.66,-64.9963792,0.05295508771,0.5959945056,0.317732414,0,-1.221323584,4.404137378,-3.182813759
98.67,-64.9963792,0.05295508771,0.5959945051,0.3177324139,0,-1.221323583,4.404137377,-3.18281376
98.68,-64.9963792,0.0529550877,0.5959945047,0.3177324139,0,-1.221323582,4.404137375,-3.18281376
98.69,-64.9963792,0.0529550877,0.5959945042,0.3177324139,0,-1.22132358,4.404137374,-3.18281376
98.7,-64.9963792,0.0529550877,0.5959945038,0.3177324139,0,-1.221323579,4.404137373,-3.18281376
98.71,-64.9963792,0.05295508769,0.5959945033,0.3177324138,0,-1.221323578,4.404137371,-3.18281376
98.72,-64.9963792,0.05295508769,0.5959945029,0.3177324138,0,-1.221323577,4.40413737,-3.18281376
98.73,-64.9963792,0.05295508769,0.5959945024,0.3177324138,0,-1.221323576,4.404137369,-3.18281376
98.74,-64.9963792,0.05295508769,0.595994502,0.3177324138,0,-1.221323575,4.404137367,-3.18281376
98.75,-64.9963792,0.05295508768,0.5959945015,0.3177324138,0,-1.221323574,4.404137366,-3.18281376
98.76,-64.9963792,0.05295508768,0.5959945011,0.3177324137,0,-1.221323573,4.404137365,-3.18281376
98.77,-64.9963792,0.05295508768,0.5959945006,0.3177324137,0,-1.221323572,4.404137363,-3.182813761
98.78,-64.9963792,0.05295508768,0.5959945002,0.3177324137,0,-1.221323571,4.404137362,-3.182813761
98.79,-64.9963792,0.05295508767,0.5959944997,0.3177324137,0,-1.22132357,4.404137361,-3.182813761
98.8,-64.9963792,0.05295508767,0.5959944993,0.3177324136,0,-1.221323568,4.404137359,-3.182813761
98.81,-64.9963792,0.05295508767,0.5959944989,0.3177324136,0,-1.221323567,4.404137358,-3.182813761
98.82,-64.9963792,0.05295508767,0.5959944984,0.3177324136,0,-1.221323566,4.404137357,-3.182813761
98.83,-64.9963792,0.05295508766,0.595994498,0.3177324136,0,-1.221323565,4.404137355,-3.182813761
98.84,-64.9963792,0.05295508766,0.5959944975,0.3177324136,0,-1.221323564,4.404137354,-3.182813761
98.85,-64.9963792,0.05295508766,0.5959944971,0.3177324135,0,-1.221323563,4.404137353,-3.182813761
98.86,-64.9963792,0.05295508766,0.5959944966,0.3177324135,0,-1.221323562,4.404137351,-3.182813761
98.87,-64.9963792,0.05295508766,0.5959944962,0.3177324135,0,-1.221323561,4.40413735,-3.182813761
98.88,-64.99637921,0.05295508765,0.5959944958,0.3177324135,0,-1.22132356,4.404137349,-3.182813762
98.89,-64.99637921,0.05295508765,0.5959944953,0.3177324135,0,-1.221323559,4.404137347,-3.182813762
98.9,-64.99637921,0.05295508765,0.5959944949,0.3177324134,0,-1.221323558,4.404137346,-3.182813762
98.91,-64.99637921,0.05295508765,0.5959944944,0.3177324134,0,-1.221323557,4.404137345,-3.182813762
98.92,-64.99637921,0.05295508764,0.595994494,0.3177324134,0,-1.221323556,4.404137344,-3.182813762
98.93,-64.99637921,0.05295508764,0.5959944936,0.3177324134,0,-1.221323555,4.404137342,-3.182813762
98.94,-64.99637921,0.05295508764,0.5959944931,0.3177324133,0,-1.221323554,4.404137341,-3.182813762
98.95,-64.99637921,0.05295508764,0.5959944927,0.3177324133,0,-1.221323553,4.40413734,-3.182813762
98.96,-64.99637921,0.05295508764,0.5959944922,0.3177324133,0,-1.221323552,4.404137339,-3.182813762
98.97,-64.99637921,0.05295508763,0.5959944918,0.3177324133,0,-1.221323551,4.404137337,-3.182813762
98.98,-64.99637921,0.05295508763,0.5959944914,0.3177324133,0,-1.221323549,4.404137336,-3.182813762
98.99,-64.99637921,0.05295508763,0.5959944909,0.3177324132,0,-1.221323548,4.404137335,-3.182813762
99,-64.99637921,0.05295508763,0.5959944905,0.3177324132,0,-1.221323547,4.404137333,-3.182813762
99.01,-64.99637921,0.05295508763,0.5959944901,0.3177324132,0,-1.221323546,4.404137332,-3.182813763
99.02,-64.99637921,0.05295508762,0.5959944896,0.3177324132,0,-1.221323545,4.404137331,-3.182813763
99.03,-64.99637921,0.05295508762,0.5959944892,0.3177324132,0,-1.221323544,4.40413733,-3.182813763
99.04,-64.99637921,0.05295508762,0.5959944888,0.3177324131,0,-1.221323543,4.404137328,-3.182813763
99.05,-64.99637921,0.05295508762,0.5959944883,0.3177324131,0,-1.221323542,4.404137327,-3.182813763
99.06,-64.99637921,0.05295508762,0.5959944879,0.3177324131,0,-1.221323541,4.404137326,-3.182813763
99.07,-64.99637921,0.05295508761,0.5959944875,0.3177324131,0,-1.22132354,4.404137325,-3.182813763
99.08,-64.99637921,0.05295508761,0.595994487,0.317732413,0,-1.221323539,4.404137323,-3.182813763
99.09,-64.99637921,0.05295508761,0.5959944866,0.317732413,0,-1.221323538,4.404137322,-3.182813763
99.1,-64.99637921,0.05295508761,0.5959944862,0.317732413,0,-1.221323537,4.404137321,-3.182813763
99.11,-64.99637921,0.05295508761,0.5959944858,0.317732413,0,-1.221323536,4.40413732,-3.182813763
99.12,-64.99637921,0.05295508761,0.5959944853,0.317732413,0,-1.221323535,4.404137319,-3.182813763
99.13,-64.99637921,0.0529550876,0.5959944849,0.3177324129,0,-1.221323534,4.404137317,-3.182813763
99.14,-64.99637921,0.0529550876,0.5959944845,0.3177324129,0,-1.221323533,4.404137316,-3.182813763
99.15,-64.99637921,0.0529550876,0.595994484,0.3177324129,0,-1.221323532,4.404137315,-3.182813763
99.16,-64.99637921,0.0529550876,0.5959944836,0.3177324129,0,-1.221323531,4.404137314,-3.182813763
99.17,-64.99637921,0.0529550876,0.5959944832,0.3177324129,0,-1.22132353,4.404137312,-3.182813764
99.18,-64.99637921,0.0529550876,0.5959944828,0.3177324128,0,-1.221323529,4.404137311,-3.182813764
99.19,-64.99637921,0.05295508759,0.5959944823,0.3177324128,0,-1.221323528,4.40413731,-3.182813764
99.2,-64.99637921,0.05295508759,0.5959944819,0.3177324128,0,-1.221323527,4.404137309,-3.182813764
99.21,-64.99637921,0.05295508759,0.5959944815,0.3177324128,0,-1.221323526,4.404137308,-3.182813764
99.22,-64.99637921,0.05295508759,0.5959944811,0.3177324128,0,-1.221323525,4.404137306,-3.182813764
99.23,-64.99637921,0.05295508759,0.5959944806,0.3177324127,0,-1.221323525,4.404137305,-3.182813764
99.24,-64.99637921,0.05295508759,0.5959944802,0.3177324127,0,-1.221323524,4.404137304,-3.182813764
99.25,-64.99637921,0.05295508758,0.5959944798,0.3177324127,0,-1.221323523,4.404137303,-3.182813764
99.26,-64.99637921,0.05295508758,0.5959944794,0.3177324127,0,-1.221323522,4.404137302,-3.182813764
99.27,-64.99637921,0.05295508758,0.595994479,0.3177324127,0,-1.221323521,4.4041373,-3.182813764
99.28,-64.99637921,0.05295508758,0.5959944785,0.3177324126,0,-1.22132352,4.404137299,-3.182813764
99.29,-64.99637921,0.05295508758,0.5959944781,0.3177324126,0,-1.221323519,4.404137298,-3.182813764
99.3,-64.99637921,0.05295508758,0.5959944777,0.3177324126,0,-1.221323518,4.404137297,-3.182813764
99.31,-64.99637921,0.05295508758,0.5959944773,0.3177324126,0,-1.221323517,4.404137296,-3.182813764
99.32,-64.99637921,0.05295508758,0.5959944769,0.3177324126,0,-1.221323516,4.404137295,-3.182813764
99.33,-64.99637921,0.05295508757,0.5959944764,0.3177324125,0,-1.221323515,4.404137293,-3.182813764
99.34,-64.99637921,0.05295508757,0.595994476,0.3177324125,0,-1.221323514,4.404137292,-3.182813764
99.35,-64.99637921,0.05295508757,0.5959944756,0.3177324125,0,-1.221323513,4.404137291,-3.182813764
99.36,-64.99637921,0.05295508757,0.5959944752,0.3177324125,0,-1.221323512,4.40413729,-3.182813764
99.37,-64.99637921,0.05295508757,0.5959944748,0.3177324125,0,-1.221323511,4.404137289,-3.182813764
99.38,-64.99637922,0.05295508757,0.5959944744,0.3177324124,0,-1.22132351,4.404137288,-3.182813765
99.39,-64.99637922,0.05295508757,0.5959944739,0.3177324124,0,-1.221323509,4.404137286,-3.182813765
99.4,-64.99637922,0.05295508757,0.5959944735,0.3177324124,0,-1.221323508,4.404137285,-3.182813765
99.41,-64.99637922,0.05295508756,0.5959944731,0.3177324124,0,-1.221323507,4.404137284,-3.182813765
99.42,-64.99637922,0.05295508756,0.5959944727,0.3177324124,0,-1.221323507,4.404137283,-3.182813765
99.43,-64.99637922,0.05295508756,0.5959944723,0.3177324123,0,-1.221323506,4.404137282,-3.182813765
99.44,-64.99637922,0.05295508756,0.5959944719,0.3177324123,0,-1.221323505,4.404137281,-3.182813765
99.45,-64.99637922,0.05295508756,0.5959944715,0.3177324123,0,-1.221323504,4.40413728,-3.182813765
99.46,-64.99637922,0.05295508756,0.595994471,0.3177324123,0,-1.221323503,4.404137278,-3.182813765
99.47,-64.99637922,0.05295508756,0.5959944706,0.3177324123,0,-1.221323502,4.404137277,-3.182813765
99.48,-64.99637922,0.05295508756,0.5959944702,0.3177324122,0,-1.221323501,4.404137276,-3.182813765
99.49,-64.99637922,0.05295508756,0.5959944698,0.3177324122,0,-1.2213235,4.404137275,-3.182813765
99.5,-64.99637922,0.05295508755,0.5959944694,0.3177324122,0,-1.221323499,4.404137274,-3.182813765
99.51,-64.99637922,0.05295508755,0.595994469,0.3177324122,0,-1.221323498,4.404137273,-3.182813765
99.52,-64.99637922,0.05295508755,0.5959944686,0.3177324122,0,-1.221323497,4.404137272,-3.182813765
99.53,-64.99637922,0.05295508755,0.5959944682,0.3177324121,0,-1.221323496,4.404137271,-3.182813765
99.54,-64.99637922,0.05295508755,0.5959944678,0.3177324121,0,-1.221323496,4.404137269,-3.182813765
99.55,-64.99637922,0.05295508755,0.5959944674,0.3177324121,0,-1.221323495,4.404137268,-3.182813765
99.56,-64.99637922,0.05295508755,0.595994467,0.3177324121,0,-1.221323494,4.404137267,-3.182813765
99.57,-64.99637922,0.05295508755,0.5959944666,0.3177324121,0,-1.221323493,4.404137266,-3.182813765
99.58,-64.99637922,0.05295508755,0.5959944661,0.317732412,0,-1.221323492,4.404137265,-3.182813765
99.59,-64.99637922,0.05295508755,0.5959944657,0.317732412,0,-1.221323491,4.404137264,-3.182813765
99.6,-64.99637922,0.05295508754,0.5959944653,0.317732412,0,-1.22132349,4.404137263,-3.182813765
99.61,-64.99637922,0.05295508754,0.5959944649,0.317732412,0,-1.221323489,4.404137262,-3.182813765
99.62,-64.99637922,0.05295508754,0.5959944645,0.317732412,0,-1.221323488,4.404137261,-3.182813765
99.63,-64.99637922,0.05295508754,0.5959944641,0.3177324119,0,-1.221323488,4.40413726,-3.182813765
99.64,-64.99637922,0.05295508754,0.5959944637,0.3177324119,0,-1.221323487,4.404137258,-3.182813765
99.65,-64.99637922,0.05295508754,0.5959944633,0.3177324119,0,-1.221323486,4.404137257,-3.182813765
99.66,-64.99637922,0.05295508754,0.5959944629,0.3177324119,0,-1.221323485,4.404137256,-3.182813765
99.67,-64.99637922,0.05295508754,0.5959944625,0.3177324119,0,-1.221323484,4.404137255,-3.182813765
99.68,-64.99637922,0.05295508754,0.5959944621,0.3177324119,0,-1.221323483,4.404137254,-3.182813765
99.69,-64.99637922,0.05295508754,0.5959944617,0.3177324118,0,-1.221323482,4.404137253,-3.182813765
99.7,-64.99637922,0.05295508754,0.5959944613,0.3177324118,0,-1.221323481,4.404137252,-3.182813765
99.71,-64.99637922,0.05295508754,0.5959944609,0.3177324118,0,-1.221323481,4.404137251,-3.182813765
99.72,-64.99637922,0.05295508754,0.5959944605,0.3177324118,0,-1.22132348,4.40413725,-3.182813765
99.73,-64.99637922,0.05295508753,0.5959944601,0.3177324118,0,-1.221323479,4.404137249,-3.182813765
99.74,-64.99637922,0.05295508753,0.5959944597,0.3177324117,0,-1.221323478,4.404137248,-3.182813765
99.75,-64.99637922,0.05295508753,0.5959944593,0.3177324117,0,-1.221323477,4.404137247,-3.182813765
99.76,-64.99637922,0.05295508753,0.5959944589,0.3177324117,0,-1.221323476,4.404137246,-3.182813765
99.77,-64.99637922,0.05295508753,0.5959944585,0.3177324117,0,-1.221323475,4.404137245,-3.182813765
99.78,-64.99637922,0.05295508753,0.5959944581,0.3177324117,0,-1.221323475,4.404137244,-3.182813765
99.79,-64.99637922,0.05295508753,0.5959944577,0.3177324116,0,-1.221323474,4.404137243,-3.182813765
99.8,-64.99637922,0.05295508753,0.5959944573,0.3177324116,0,-1.221323473,4.404137242,-3.182813765
99.81,-64.99637922,0.05295508753,0.5959944569,0.3177324116,0,-1.221323472,4.40413724,-3.182813765
99.82,-64.99637922,0.05295508753,0.5959944565,0.3177324116,0,-1.221323471,4.404137239,-3.182813766
99.83,-64.99637922,0.05295508753,0.5959944562,0.3177324116,0,-1.22132347,4.404137238,-3.182813766
99.84,-64.99637922,0.05295508753,0.5959944558,0.3177324116,0,-1.221323469,4.404137237,-3.182813766
99.85,-64.99637922,0.05295508753,0.5959944554,0.3177324115,0,-1.221323469,4.404137236,-3.182813766
99.86,-64.99637922,0.05295508753,0.595994455,0.3177324115,0,-1.221323468,4.404137235,-3.182813766
99.87,-64.99637922,0.05295508753,0.5959944546,0.3177324115,0,-1.221323467,4.404137234,-3.182813766
99.88,-64.99637922,0.05295508753,0.5959944542,0.3177324115,0,-1.221323466,4.404137233,-3.182813766
99.89,-64.99637922,0.05295508753,0.5959944538,0.3177324115,0,-1.221323465,4.404137232,-3.182813766
99.9,-64.99637922,0.05295508753,0.5959944534,0.3177324114,0,-1.221323464,4.404137231,-3.182813766
99.91,-64.99637922,0.05295508753,0.595994453,0.3177324114,0,-1.221323464,4.40413723,-3.182813766
99.92,-64.99637922,0.05295508753,0.5959944526,0.3177324114,0,-1.221323463,4.404137229,-3.182813766
99.93,-64.99637922,0.05295508752,0.5959944522,0.3177324114,0,-1.221323462,4.404137228,-3.182813766
99.94,-64.99637922,0.05295508752,0.5959944519,0.3177324114,0,-1.221323461,4.404137227,-3.182813766
99.95,-64.99637922,0.05295508752,0.5959944515,0.3177324114,0,-1.22132346,4.404137226,-3.182813766
99.96,-64.99637922,0.05295508752,0.5959944511,0.3177324113,0,-1.22132346,4.404137225,-3.182813766
99.97,-64.99637922,0.05295508752,0.5959944507,0.3177324113,0,-1.221323459,4.404137224,-3.182813766
99.98,-64.99637922,0.05295508752,0.5959944503,0.3177324113,0,-1.221323458,4.404137223,-3.182813766
99.99,-64.99637922,0.05295508752,0.5959944499,0.3177324113,0,-1.221323457,4.404137222,-3.182813766
100,-64.99637922,0.05295508752,0.5959944495,0.3177324113,0,-1.221323456,4.404137221,-3.182813766
100.01,-64.99637922,0.05295508752,0.5959944491,0.3177324112,0,-1.221323455,4.40413722,-3.182813766
100.02,-64.99637922,0.05295508752,0.5959944488,0.3177324112,0,-1.221323455,4.404137219,-3.182813766
100.03,-64.99637922,0.05295508752,0.5959944484,0.3177324112,0,-1.221323454,4.404137218,-3.182813766
100.04,-64.99637922,0.05295508752,0.595994448,0.3177324112,0,-1.221323453,4.404137217,-3.182813766
100.05,-64.99637922,0.05295508752,0.5959944476,0.3177324112,0,-1.221323452,4.404137216,-3.182813766
100.06,-64.99637922,0.05295508752,0.5959944472,0.3177324112,0,-1.221323451,4.404137215,-3.182813766
100.07,-64.99637922,0.05295508752,0.5959944468,0.3177324111,0,-1.221323451,4.404137214,-3.182813766
100.08,-64.99637922,0.05295508752,0.5959944465,0.3177324111,0,-1.22132345,4.404137213,-3.182813766
100.09,-64.99637922,0.05295508752,0.5959944461,0.3177324111,0,-1.221323449,4.404137212,-3.182813766
100.1,-64.99637922,0.05295508752,0.5959944457,0.3177324111,0,-1.221323448,4.404137211,-3.182813766
100.11,-64.99637922,0.05295508752,0.5959944453,0.3177324111,0,-1.221323448,4.40413721,-3.182813766
100.12,-64.99637922,0.05295508752,0.5959944449,0.317732411,0,-1.221323447,4.404137209,-3.182813765
100.13,-64.99637922,0.05295508752,0.5959944445,0.317732411,0,-1.221323446,4.404137209,-3.182813765
100.14,-64.99637922,0.05295508752,0.5959944442,0.317732411,0,-1.221323445,4.404137208,-3.182813765
100.15,-64.99637922,0.05295508752,0.5959944438,0.317732411,0,-1.221323444,4.404137207,-3.182813765
100.16,-64.99637922,0.05295508752,0.5959944434,0.317732411,0,-1.221323444,4.404137206,-3.182813765
100.17,-64.99637922,0.05295508752,0.595994443,0.317732411,0,-1.221323443,4.404137205,-3.182813765
100.18,-64.99637922,0.05295508752,0.5959944427,0.3177324109,0,-1.221323442,4.404137204,-3.182813765
100.19,-64.99637922,0.05295508752,0.5959944423,0.3177324109,0,-1.221323441,4.404137203,-3.182813765
100.2,-64.99637922,0.05295508752,0.5959944419,0.3177324109,0,-1.22132344,4.404137202,-3.182813765
100.21,-64.99637922,0.05295508752,0.5959944415,0.3177324109,0,-1.22132344,4.404137201,-3.182813765
100.22,-64.99637922,0.05295508752,0.5959944411,0.3177324109,0,-1.221323439,4.4041372,-3.182813765
100.23,-64.99637922,0.05295508752,0.5959944408,0.3177324109,0,-1.221323438,4.404137199,-3.182813765
100.24,-64.99637922,0.05295508752,0.5959944404,0.3177324108,0,-1.221323437,4.404137198,-3.182813765
100.25,-64.99637922,0.05295508752,0.59599444,0.3177324108,0,-1.221323437,4.404137197,-3.182813765
100.26,-64.99637922,0.05295508752,0.5959944396,0.3177324108,0,-1.221323436,4.404137196,-3.182813765
100.27,-64.99637922,0.05295508752,0.5959944393,0.3177324108,0,-1.221323435,4.404137195,-3.182813765
100.28,-64.99637922,0.05295508752,0.5959944389,0.3177324108,0,-1.221323434,4.404137194,-3.182813765
100.29,-64.99637922,0.05295508752,0.5959944385,0.3177324108,0,-1.221323434,4.404137193,-3.182813765
100.3,-64.99637922,0.05295508752,0.5959944381,0.3177324107,0,-1.221323433,4.404137193,-3.182813765
100.31,-64.99637922,0.05295508752,0.5959944378,0.3177324107,0,-1.221323432,4.404137192,-3.182813765
100.32,-64.99637922,0.05295508752,0.5959944374,0.3177324107,0,-1.221323431,4.404137191,-3.182813765
100.33,-64.99637922,0.05295508752,0.595994437,0.3177324107,0,-1.221323431,4.40413719,-3.182813765
100.34,-64.99637922,0.05295508752,0.5959944367,0.3177324107,0,-1.22132343,4.404137189,-3.182813765
100.35,-64.99637922,0.05295508752,0.5959944363,0.3177324107,0,-1.221323429,4.404137188,-3.182813765
100.36,-64.99637922,0.05295508752,0.5959944359,0.3177324106,0,-1.221323428,4.404137187,-3.182813765
100.37,-64.99637922,0.05295508752,0.5959944355,0.3177324106,0,-1.221323428,4.404137186,-3.182813765
100.38,-64.99637922,0.05295508752,0.5959944352,0.3177324106,0,-1.221323427,4.404137185,-3.182813765
100.39,-64.99637922,0.05295508752,0.5959944348,0.3177324106,0,-1.221323426,4.404137184,-3.182813765
100.4,-64.99637922,0.05295508752,0.5959944344,0.3177324106,0,-1.221323425,4.404137184,-3.182813765
100.41,-64.99637922,0.05295508752,0.5959944341,0.3177324106,0,-1.221323425,4.404137183,-3.182813765
100.42,-64.99637922,0.05295508752,0.5959944337,0.3177324105,0,-1.221323424,4.404137182,-3.182813765
100.43,-64.99637922,0.05295508752,0.5959944333,0.3177324105,0,-1.221323423,4.404137181,-3.182813765
100.44,-64.99637922,0.05295508752,0.595994433,0.3177324105,0,-1.221323422,4.40413718,-3.182813765
100.45,-64.99637922,0.05295508752,0.5959944326,0.3177324105,0,-1.221323422,4.404137179,-3.182813765
100.46,-64.99637922,0.05295508752,0.5959944322,0.3177324105,0,-1.221323421,4.404137178,-3.182813765
100.47,-64.99637922,0.05295508752,0.5959944319,0.3177324105,0,-1.22132342,4.404137177,-3.182813765
100.48,-64.99637922,0.05295508752,0.5959944315,0.3177324104,0,-1.221323419,4.404137176,-3.182813765
100.49,-64.99637922,0.05295508752,0.5959944311,0.3177324104,0,-1.221323419,4.404137176,-3.182813765
100.5,-64.99637922,0.05295508752,0.5959944308,0.3177324104,0,-1.221323418,4.404137175,-3.182813765
100.51,-64.99637922,0.05295508752,0.5959944304,0.3177324104,0,-1.221323417,4.404137174,-3.182813765
100.52,-64.99637922,0.05295508752,0.5959944301,0.3177324104,0,-1.221323417,4.404137173,-3.182813765
100.53,-64.99637922,0.05295508753,0.5959944297,0.3177324104,0,-1.221323416,4.404137172,-3.182813765
100.54,-64.99637922,0.05295508753,0.5959944293,0.3177324103,0,-1.221323415,4.404137171,-3.182813765
100.55,-64.99637922,0.05295508753,0.595994429,0.3177324103,0,-1.221323414,4.40413717,-3.182813765
100.56,-64.99637922,0.05295508753,0.5959944286,0.3177324103,0,-1.221323414,4.404137169,-3.182813765
100.57,-64.99637922,0.05295508753,0.5959944282,0.3177324103,0,-1.221323413,4.404137169,-3.182813765
100.58,-64.99637922,0.05295508753,0.5959944279,0.3177324103,0,-1.221323412,4.404137168,-3.182813765
100.59,-64.99637922,0.05295508753,0.5959944275,0.3177324103,0,-1.221323411,4.404137167,-3.182813765
100.6,-64.99637922,0.05295508753,0.5959944272,0.3177324102,0,-1.221323411,4.404137166,-3.182813765
100.61,-64.99637922,0.05295508753,0.5959944268,0.3177324102,0,-1.22132341,4.404137165,-3.182813765
100.62,-64.99637922,0.05295508753,0.5959944264,0.3177324102,0,-1.221323409,4.404137164,-3.182813765
100.63,-64.99637922,0.05295508753,0.5959944261,0.3177324102,0,-1.221323409,4.404137164,-3.182813765
100.64,-64.99637921,0.05295508753,0.5959944257,0.3177324102,0,-1.221323408,4.404137163,-3.182813764
100.65,-64.99637921,0.05295508753,0.5959944254,0.3177324102,0,-1.221323407,4.404137162,-3.182813764
100.66,-64.99637921,0.05295508753,0.595994425,0.3177324102,0,-1.221323407,4.404137161,-3.182813764
100.67,-64.99637921,0.05295508753,0.5959944247,0.3177324101,0,-1.221323406,4.40413716,-3.182813764
100.68,-64.99637921,0.05295508753,0.5959944243,0.3177324101,0,-1.221323405,4.404137159,-3.182813764
100.69,-64.99637921,0.05295508753,0.5959944239,0.3177324101,0,-1.221323404,4.404137158,-3.182813764
100.7,-64.99637921,0.05295508753,0.5959944236,0.3177324101,0,-1.221323404,4.404137158,-3.182813764
100.71,-64.99637921,0.05295508753,0.5959944232,0.3177324101,0,-1.221323403,4.404137157,-3.182813764
100.72,-64.99637921,0.05295508753,0.5959944229,0.3177324101,0,-1.221323402,4.404137156,-3.182813764
100.73,-64.99637921,0.05295508753,0.5959944225,0.31773241,0,-1.221323402,4.404137155,-3.182813764
100.74,-64.99637921,0.05295508753,0.5959944222,0.31773241,0,-1.221323401,4.404137154,-3.182813764
100.75,-64.99637921,0.05295508753,0.5959944218,0.31773241,0,-1.2213234,4.404137154,-3.182813764
100.76,-64.99637921,0.05295508753,0.5959944215,0.31773241,0,-1.2213234,4.404137153,-3.182813764
100.77,-64.99637921,0.05295508754,0.5959944211,0.31773241,0,-1.221323399,4.404137152,-3.182813764
100.78,-64.99637921,0.05295508754,0.5959944207,0.31773241,0,-1.221323398,4.404137151,-3.182813764
100.79,-64.99637921,0.05295508754,0.5959944204,0.3177324099,0,-1.221323397,4.40413715,-3.182813764
100.8,-64.99637921,0.05295508754,0.59599442,0.3177324099,0,-1.221323397,4.404137149,-3.182813764
100.81,-64.99637921,0.05295508754,0.5959944197,0.3177324099,0,-1.221323396,4.404137149,-3.182813764
100.82,-64.99637921,0.05295508754,0.5959944193,0.3177324099,0,-1.221323395,4.404137148,-3.182813764
100.83,-64.99637921,0.05295508754,0.595994419,0.3177324099,0,-1.221323395,4.404137147,-3.182813764
100.84,-64.99637921,0.05295508754,0.5959944186,0.3177324099,0,-1.221323394,4.404137146,-3.182813764
100.85,-64.99637921,0.05295508754,0.5959944183,0.3177324099,0,-1.221323393,4.404137145,-3.182813764
100.86,-64.99637921,0.05295508754,0.5959944179,0.3177324098,0,-1.221323393,4.404137145,-3.182813764
100.87,-64.99637921,0.05295508754,0.5959944176,0.3177324098,0,-1.221323392,4.404137144,-3.182813764
100.88,-64.99637921,0.05295508754,0.5959944172,0.3177324098,0,-1.221323391,4.404137143,-3.182813764
100.89,-64.99637921,0.05295508754,0.5959944169,0.3177324098,0,-1.221323391,4.404137142,-3.182813764
100.9,-64.99637921,0.05295508754,0.5959944165,0.3177324098,0,-1.22132339,4.404137141,-3.182813764
100.91,-64.99637921,0.05295508754,0.5959944162,0.3177324098,0,-1.221323389,4.404137141,-3.182813764
100.92,-64.99637921,0.05295508754,0.5959944159,0.3177324098,0,-1.221323389,4.40413714,-3.182813764
100.93,-64.99637921,0.05295508754,0.5959944155,0.3177324097,0,-1.221323388,4.404137139,-3.182813764
100.94,-64.99637921,0.05295508754,0.5959944152,0.3177324097,0,-1.221323387,4.404137138,-3.182813763
100.95,-64.99637921,0.05295508755,0.5959944148,0.3177324097,0,-1.221323387,4.404137138,-3.182813763
100.96,-64.99637921,0.05295508755,0.5959944145,0.3177324097,0,-1.221323386,4.404137137,-3.182813763
100.97,-64.99637921,0.05295508755,0.5959944141,0.3177324097,0,-1.221323385,4.404137136,-3.182813763
100.98,-64.99637921,0.05295508755,0.5959944138,0.3177324097,0,-1.221323385,4.404137135,-3.182813763
100.99,-64.99637921,0.05295508755,0.5959944134,0.3177324096,0,-1.221323384,4.404137134,-3.182813763
101,-64.99637921,0.05295508755,0.5959944131,0.3177324096,0,-1.221323383,4.404137134,-3.182813763
101.01,-64.99637921,0.05295508755,0.5959944128,0.3177324096,0,-1.221323383,4.404137133,-3.182813763
101.02,-64.99637921,0.05295508755,0.5959944124,0.3177324096,0,-1.221323382,4.404137132,-3.182813763
101.03,-64.99637921,0.05295508755,0.5959944121,0.3177324096,0,-1.221323381,4.404137131,-3.182813763
101.04,-64.99637921,0.05295508755,0.5959944117,0.3177324096,0,-1.221323381,4.404137131,-3.182813763
101.05,-64.99637921,0.05295508755,0.5959944114,0.3177324096,0,-1.22132338,4.40413713,-3.182813763
101.06,-64.99637921,0.05295508755,0.595994411,0.3177324095,0,-1.221323379,4.404137129,-3.182813763
101.07,-64.99637921,0.05295508755,0.5959944107,0.3177324095,0,-1.221323379,4.404137128,-3.182813763
101.08,-64.99637921,0.05295508755,0.5959944104,0.3177324095,0,-1.221323378,4.404137128,-3.182813763
101.09,-64.99637921,0.05295508755,0.59599441,0.3177324095,0,-1.221323377,4.404137127,-3.182813763
101.1,-64.99637921,0.05295508756,0.5959944097,0.3177324095,0,-1.221323377,4.404137126,-3.182813763
101.11,-64.99637921,0.05295508756,0.5959944093,0.3177324095,0,-1.221323376,4.404137125,-3.182813763
101.12,-64.99637921,0.05295508756,0.595994409,0.3177324095,0,-1.221323376,4.404137125,-3.182813763
101.13,-64.99637921,0.05295508756,0.5959944087,0.3177324094,0,-1.221323375,4.404137124,-3.182813763
101.14,-64.99637921,0.05295508756,0.5959944083,0.3177324094,0,-1.221323374,4.404137123,-3.182813763
101.15,-64.99637921,0.05295508756,0.595994408,0.3177324094,0,-1.221323374,4.404137122,-3.182813763
101.16,-64.99637921,0.05295508756,0.5959944076,0.3177324094,0,-1.221323373,4.404137122,-3.182813763
101.17,-64.99637921,0.05295508756,0.5959944073,0.3177324094,0,-1.221323372,4.404137121,-3.182813763
101.18,-64.99637921,0.05295508756,0.595994407,0.3177324094,0,-1.221323372,4.40413712,-3.182813763
101.19,-64.99637921,0.05295508756,0.5959944066,0.3177324094,0,-1.221323371,4.404137119,-3.182813762
101.2,-64.99637921,0.05295508756,0.5959944063,0.3177324093,0,-1.22132337,4.404137119,-3.182813762
101.21,-64.99637921,0.05295508756,0.595994406,0.3177324093,0,-1.22132337,4.404137118,-3.182813762
101.22,-64.99637921,0.05295508756,0.5959944056,0.3177324093,0,-1.221323369,4.404137117,-3.182813762
101.23,-64.99637921,0.05295508757,0.5959944053,0.3177324093,0,-1.221323369,4.404137117,-3.182813762
101.24,-64.99637921,0.05295508757,0.595994405,0.3177324093,0,-1.221323368,4.404137116,-3.182813762
101.25,-64.99637921,0.05295508757,0.5959944046,0.3177324093,0,-1.221323367,4.404137115,-3.182813762
101.26,-64.99637921,0.05295508757,0.5959944043,0.3177324093,0,-1.221323367,4.404137114,-3.182813762
101.27,-64.99637921,0.05295508757,0.595994404,0.3177324092,0,-1.221323366,4.404137114,-3.182813762
101.28,-64.99637921,0.05295508757,0.5959944036,0.3177324092,0,-1.221323365,4.404137113,-3.182813762
101.29,-64.99637921,0.05295508757,0.5959944033,0.3177324092,0,-1.221323365,4.404137112,-3.182813762
101.3,-64.99637921,0.05295508757,0.595994403,0.3177324092,0,-1.221323364,4.404137112,-3.182813762
101.31,-64.99637921,0.05295508757,0.5959944026,0.3177324092,0,-1.221323363,4.404137111,-3.182813762
101.32,-64.99637921,0.05295508757,0.5959944023,0.3177324092,0,-1.221323363,4.40413711,-3.182813762
101.33,-64.99637921,0.05295508757,0.595994402,0.3177324092,0,-1.221323362,4.404137109,-3.182813762
101.34,-64.99637921,0.05295508757,0.5959944016,0.3177324092,0,-1.221323362,4.404137109,-3.182813762
101.35,-64.99637921,0.05295508758,0.5959944013,0.3177324091,0,-1.221323361,4.404137108,-3.182813762
101.36,-64.99637921,0.05295508758,0.595994401,0.3177324091,0,-1.22132336,4.404137107,-3.182813762
101.37,-64.99637921,0.05295508758,0.5959944007,0.3177324091,0,-1.22132336,4.404137107,-3.182813762
101.38,-64.99637921,0.05295508758,0.5959944003,0.3177324091,0,-1.221323359,4.404137106,-3.182813762
101.39,-64.99637921,0.05295508758,0.5959944,0.3177324091,0,-1.221323359,4.404137105,-3.182813762
101.4,-64.99637921,0.05295508758,0.5959943997,0.3177324091,0,-1.221323358,4.404137104,-3.182813762
101.41,-64.99637921,0.05295508758,0.5959943993,0.3177324091,0,-1.221323357,4.404137104,-3.182813762
101.42,-64.9963792,0.05295508758,0.595994399,0.317732409,0,-1.221323357,4.404137103,-3.182813761
101.43,-64.9963792,0.05295508758,0.5959943987,0.317732409,0,-1.221323356,4.404137102,-3.182813761
101.44,-64.9963792,0.05295508758,0.5959943984,0.317732409,0,-1.221323355,4.404137102,-3.182813761
101.45,-64.9963792,0.05295508758,0.595994398,0.317732409,0,-1.221323355,4.404137101,-3.182813761
101.46,-64.9963792,0.05295508758,0.5959943977,0.317732409,0,-1.221323354,4.4041371,-3.182813761
101.47,-64.9963792,0.05295508759,0.5959943974,0.317732409,0,-1.221323354,4.4041371,-3.182813761
101.48,-64.9963792,0.05295508759,0.5959943971,0.317732409,0,-1.221323353,4.404137099,-3.182813761
101.49,-64.9963792,0.05295508759,0.5959943967,0.3177324089,0,-1.221323352,4.404137098,-3.182813761
101.5,-64.9963792,0.05295508759,0.5959943964,0.3177324089,0,-1.221323352,4.404137098,-3.182813761
101.51,-64.9963792,0.05295508759,0.5959943961,0.3177324089,0,-1.221323351,4.404137097,-3.182813761
101.52,-64.9963792,0.05295508759,0.5959943958,0.3177324089,0,-1.221323351,4.404137096,-3.182813761
101.53,-64.9963792,0.05295508759,0.5959943954,0.3177324089,0,-1.22132335,4.404137096,-3.182813761
101.54,-64.9963792,0.05295508759,0.5959943951,0.3177324089,0,-1.221323349,4.404137095,-3.182813761
101.55,-64.9963792,0.05295508759,0.5959943948,0.3177324089,0,-1.221323349,4.404137094,-3.182813761
101.56,-64.9963792,0.05295508759,0.5959943945,0.3177324089,0,-1.221323348,4.404137094,-3.182813761
101.57,-64.9963792,0.05295508759,0.5959943941,0.3177324088,0,-1.221323348,4.404137093,-3.182813761
101.58,-64.9963792,0.0529550876,0.5959943938,0.3177324088,0,-1.221323347,4.404137092,-3.182813761
101.59,-64.9963792,0.0529550876,0.5959943935,0.3177324088,0,-1.221323346,4.404137092,-3.182813761
101.6,-64.9963792,0.0529550876,0.5959943932,0.3177324088,0,-1.221323346,4.404137091,-3.182813761
101.61,-64.9963792,0.0529550876,0.5959943929,0.3177324088,0,-1.221323345,4.40413709,-3.182813761
101.62,-64.9963792,0.0529550876,0.5959943925,0.3177324088,0,-1.221323345,4.40413709,-3.182813761
101.63,-64.9963792,0.0529550876,0.5959943922,0.3177324088,0,-1.221323344,4.404137089,-3.182813761
101.64,-64.9963792,0.0529550876,0.5959943919,0.3177324088,0,-1.221323343,4.404137088,-3.18281376
101.65,-64.9963792,0.0529550876,0.5959943916,0.3177324087,0,-1.221323343,4.404137088,-3.18281376
101.66,-64.9963792,0.0529550876,0.5959943913,0.3177324087,0,-1.221323342,4.404137087,-3.18281376
101.67,-64.9963792,0.0529550876,0.5959943909,0.3177324087,0,-1.221323342,4.404137086,-3.18281376
101.68,-64.9963792,0.0529550876,0.5959943906,0.3177324087,0,-1.221323341,4.404137086,-3.18281376
101.69,-64.9963792,0.05295508761,0.5959943903,0.3177324087,0,-1.22132334,4.404137085,-3.18281376
101.7,-64.9963792,0.05295508761,0.59599439,0.3177324087,0,-1.22132334,4.404137084,-3.18281376
101.71,-64.9963792,0.05295508761,0.5959943897,0.3177324087,0,-1.221323339,4.404137084,-3.18281376
101.72,-64.9963792,0.05295508761,0.5959943894,0.3177324087,0,-1.221323339,4.404137083,-3.18281376
101.73,-64.9963792,0.05295508761,0.595994389,0.3177324086,0,-1.221323338,4.404137082,-3.18281376
101.74,-64.9963792,0.05295508761,0.5959943887,0.3177324086,0,-1.221323338,4.404137082,-3.18281376
101.75,-64.9963792,0.05295508761,0.5959943884,0.3177324086,0,-1.221323337,4.404137081,-3.18281376
101.76,-64.9963792,0.05295508761,0.5959943881,0.3177324086,0,-1.221323336,4.404137081,-3.18281376
101.77,-64.9963792,0.05295508761,0.5959943878,0.3177324086,0,-1.221323336,4.40413708,-3.18281376
101.78,-64.9963792,0.05295508761,0.5959943875,0.3177324086,0,-1.221323335,4.404137079,-3.18281376
101.79,-64.9963792,0.05295508761,0.5959943872,0.3177324086,0,-1.221323335,4.404137079,-3.18281376
101.8,-64.9963792,0.05295508762,0.5959943868,0.3177324086,0,-1.221323334,4.404137078,-3.18281376
101.81,-64.9963792,0.05295508762,0.5959943865,0.3177324085,0,-1.221323333,4.404137077,-3.18281376
101.82,-64.9963792,0.05295508762,0.5959943862,0.3177324085,0,-1.221323333,4.404137077,-3.18281376
101.83,-64.9963792,0.05295508762,0.5959943859,0.3177324085,0,-1.221323332,4.404137076,-3.18281376
101.84,-64.9963792,0.05295508762,0.5959943856,0.3177324085,0,-1.221323332,4.404137076,-3.18281376
101.85,-64.9963792,0.05295508762,0.5959943853,0.3177324085,0,-1.221323331,4.404137075,-3.182813759
101.86,-64.9963792,0.05295508762,0.595994385,0.3177324085,0,-1.221323331,4.404137074,-3.182813759
101.87,-64.9963792,0.05295508762,0.5959943847,0.3177324085,0,-1.22132333,4.404137074,-3.182813759
101.88,-64.9963792,0.05295508762,0.5959943843,0.3177324085,0,-1.221323329,4.404137073,-3.182813759
101.89,-64.9963792,0.05295508762,0.595994384,0.3177324084,0,-1.221323329,4.404137072,-3.182813759
101.9,-64.9963792,0.05295508763,0.5959943837,0.3177324084,0,-1.221323328,4.404137072,-3.182813759
101.91,-64.9963792,0.05295508763,0.5959943834,0.3177324084,0,-1.221323328,4.404137071,-3.182813759
101.92,-64.9963792,0.05295508763,0.5959943831,0.3177324084,0,-1.221323327,4.404137071,-3.182813759
101.93,-64.9963792,0.05295508763,0.5959943828,0.3177324084,0,-1.221323327,4.40413707,-3.182813759
101.94,-64.9963792,0.05295508763,0.5959943825,0.3177324084,0,-1.221323326,4.404137069,-3.182813759
101.95,-64.9963792,0.05295508763,0.5959943822,0.3177324084,0,-1.221323325,4.404137069,-3.182813759
101.96,-64.9963792,0.05295508763,0.5959943819,0.3177324084,0,-1.221323325,4.404137068,-3.182813759
101.97,-64.9963792,0.05295508763,0.5959943816,0.3177324083,0,-1.221323324,4.404137068,-3.182813759
101.98,-64.9963792,0.05295508763,0.5959943813,0.3177324083,0,-1.221323324,4.404137067,-3.182813759
101.99,-64.9963792,0.05295508763,0.595994381,0.3177324083,0,-1.221323323,4.404137066,-3.182813759
102,-64.9963792,0.05295508763,0.5959943807,0.3177324083,0,-1.221323323,4.404137066,-3.182813759
102.01,-64.9963792,0.05295508764,0.5959943803,0.3177324083,0,-1.221323322,4.404137065,-3.182813759
102.02,-64.9963792,0.05295508764,0.59599438,0.3177324083,0,-1.221323322,4.404137065,-3.182813759
102.03,-64.9963792,0.05295508764,0.5959943797,0.3177324083,0,-1.221323321,4.404137064,-3.182813759
102.04,-64.9963792,0.05295508764,0.5959943794,0.3177324083,0,-1.22132332,4.404137063,-3.182813759
102.05,-64.9963792,0.05295508764,0.5959943791,0.3177324082,0,-1.22132332,4.404137063,-3.182813759
102.06,-64.99637919,0.05295508764,0.5959943788,0.3177324082,0,-1.221323319,4.404137062,-3.182813758
102.07,-64.99637919,0.05295508764,0.5959943785,0.3177324082,0,-1.221323319,4.404137062,-3.182813758
102.08,-64.99637919,0.05295508764,0.5959943782,0.3177324082,0,-1.221323318,4.404137061,-3.182813758
102.09,-64.99637919,0.05295508764,0.5959943779,0.3177324082,0,-1.221323318,4.40413706,-3.182813758
102.1,-64.99637919,0.05295508764,0.5959943776,0.3177324082,0,-1.221323317,4.40413706,-3.182813758
102.11,-64.99637919,0.05295508765,0.5959943773,0.3177324082,0,-1.221323317,4.404137059,-3.182813758
102.12,-64.99637919,0.05295508765,0.595994377,0.3177324082,0,-1.221323316,4.404137059,-3.182813758
102.13,-64.99637919,0.05295508765,0.5959943767,0.3177324082,0,-1.221323315,4.404137058,-3.182813758
102.14,-64.99637919,0.05295508765,0.5959943764,0.3177324081,0,-1.221323315,4.404137057,-3.182813758
102.15,-64.99637919,0.05295508765,0.5959943761,0.3177324081,0,-1.221323314,4.404137057,-3.182813758
102.16,-64.99637919,0.05295508765,0.5959943758,0.3177324081,0,-1.221323314,4.404137056,-3.182813758
102.17,-64.99637919,0.05295508765,0.5959943755,0.3177324081,0,-1.221323313,4.404137056,-3.182813758
102.18,-64.99637919,0.05295508765,0.5959943752,0.3177324081,0,-1.221323313,4.404137055,-3.182813758
102.19,-64.99637919,0.05295508765,0.5959943749,0.3177324081,0,-1.221323312,4.404137055,-3.182813758
102.2,-64.99637919,0.05295508765,0.5959943746,0.3177324081,0,-1.221323312,4.404137054,-3.182813758
102.21,-64.99637919,0.05295508766,0.5959943743,0.3177324081,0,-1.221323311,4.404137053,-3.182813758
102.22,-64.99637919,0.05295508766,0.595994374,0.3177324081,0,-1.22132331,4.404137053,-3.182813758
102.23,-64.99637919,0.05295508766,0.5959943737,0.317732408,0,-1.22132331,4.404137052,-3.182813758
102.24,-64.99637919,0.05295508766,0.5959943734,0.317732408,0,-1.221323309,4.404137052,-3.182813758
102.25,-64.99637919,0.05295508766,0.5959943731,0.317732408,0,-1.221323309,4.404137051,-3.182813758
102.26,-64.99637919,0.05295508766,0.5959943728,0.317732408,0,-1.221323308,4.404137051,-3.182813758
102.27,-64.99637919,0.05295508766,0.5959943725,0.317732408,0,-1.221323308,4.40413705,-3.182813758
102.28,-64.99637919,0.05295508766,0.5959943722,0.317732408,0,-1.221323307,4.404137049,-3.182813757
102.29,-64.99637919,0.05295508766,0.5959943719,0.317732408,0,-1.221323307,4.404137049,-3.182813757
102.3,-64.99637919,0.05295508766,0.5959943716,0.317732408,0,-1.221323306,4.404137048,-3.182813757
102.31,-64.99637919,0.05295508766,0.5959943713,0.317732408,0,-1.221323306,4.404137048,-3.182813757
102.32,-64.99637919,0.05295508767,0.595994371,0.3177324079,0,-1.221323305,4.404137047,-3.182813757
102.33,-64.99637919,0.05295508767,0.5959943707,0.3177324079,0,-1.221323305,4.404137047,-3.182813757
102.34,-64.99637919,0.05295508767,0.5959943704,0.3177324079,0,-1.221323304,4.404137046,-3.182813757
102.35,-64.99637919,0.05295508767,0.5959943702,0.3177324079,0,-1.221323303,4.404137046,-3.182813757
102.36,-64.99637919,0.05295508767,0.5959943699,0.3177324079,0,-1.221323303,4.404137045,-3.182813757
102.37,-64.99637919,0.05295508767,0.5959943696,0.3177324079,0,-1.221323302,4.404137044,-3.182813757
102.38,-64.99637919,0.05295508767,0.5959943693,0.3177324079,0,-1.221323302,4.404137044,-3.182813757
102.39,-64.99637919,0.05295508767,0.595994369,0.3177324079,0,-1.221323301,4.404137043,-3.182813757
102.4,-64.99637919,0.05295508767,0.5959943687,0.3177324079,0,-1.221323301,4.404137043,-3.182813757
102.41,-64.99637919,0.05295508767,0.5959943684,0.3177324078,0,-1.2213233,4.404137042,-3.182813757
102.42,-64.99637919,0.05295508768,0.5959943681,0.3177324078,0,-1.2213233,4.404137042,-3.182813757
102.43,-64.99637919,0.05295508768,0.5959943678,0.3177324078,0,-1.221323299,4.404137041,-3.182813757
102.44,-64.99637919,0.05295508768,0.5959943675,0.3177324078,0,-1.221323299,4.404137041,-3.182813757
102.45,-64.99637919,0.05295508768,0.5959943672,0.3177324078,0,-1.221323298,4.40413704,-3.182813757
102.46,-64.99637919,0.05295508768,0.5959943669,0.3177324078,0,-1.221323298,4.40413704,-3.182813757
102.47,-64.99637919,0.05295508768,0.5959943666,0.3177324078,0,-1.221323297,4.404137039,-3.182813757
102.48,-64.99637919,0.05295508768,0.5959943664,0.3177324078,0,-1.221323297,4.404137038,-3.182813757
102.49,-64.99637919,0.05295508768,0.5959943661,0.3177324078,0,-1.221323296,4.404137038,-3.182813757
102.5,-64.99637919,0.05295508768,0.5959943658,0.3177324077,0,-1.221323295,4.404137037,-3.182813756
102.51,-64.99637919,0.05295508768,0.5959943655,0.3177324077,0,-1.221323295,4.404137037,-3.182813756
102.52,-64.99637919,0.05295508768,0.5959943652,0.3177324077,0,-1.221323294,4.404137036,-3.182813756
102.53,-64.99637919,0.05295508769,0.5959943649,0.3177324077,0,-1.221323294,4.404137036,-3.182813756
102.54,-64.99637919,0.05295508769,0.5959943646,0.3177324077,0,-1.221323293,4.404137035,-3.182813756
102.55,-64.99637919,0.05295508769,0.5959943643,0.3177324077,0,-1.221323293,4.404137035,-3.182813756
102.56,-64.99637919,0.05295508769,0.5959943641,0.3177324077,0,-1.221323292,4.404137034,-3.182813756
102.57,-64.99637919,0.05295508769,0.5959943638,0.3177324077,0,-1.221323292,4.404137034,-3.182813756
102.58,-64.99637919,0.05295508769,0.5959943635,0.3177324077,0,-1.221323291,4.404137033,-3.182813756
102.59,-64.99637919,0.05295508769,0.5959943632,0.3177324077,0,-1.221323291,4.404137033,-3.182813756
102.6,-64.99637919,0.05295508769,0.5959943629,0.3177324076,0,-1.22132329,4.404137032,-3.182813756
102.61,-64.99637919,0.05295508769,0.5959943626,0.3177324076,0,-1.22132329,4.404137032,-3.182813756
102.62,-64.99637919,0.05295508769,0.5959943623,0.3177324076,0,-1.221323289,4.404137031,-3.182813756
102.63,-64.99637919,0.0529550877,0.5959943621,0.3177324076,0,-1.221323289,4.404137031,-3.182813756
102.64,-64.99637919,0.0529550877,0.5959943618,0.3177324076,0,-1.221323288,4.40413703,-3.182813756
102.65,-64.99637919,0.0529550877,0.5959943615,0.3177324076,0,-1.221323288,4.40413703,-3.182813756
102.66,-64.99637919,0.0529550877,0.5959943612,0.3177324076,0,-1.221323287,4.404137029,-3.182813756
102.67,-64.99637919,0.0529550877,0.5959943609,0.3177324076,0,-1.221323287,4.404137028,-3.182813756
102.68,-64.99637919,0.0529550877,0.5959943606,0.3177324076,0,-1.221323286,4.404137028,-3.182813756
102.69,-64.99637919,0.0529550877,0.5959943603,0.3177324075,0,-1.221323286,4.404137027,-3.182813756
102.7,-64.99637919,0.0529550877,0.5959943601,0.3177324075,0,-1.221323285,4.404137027,-3.182813756
102.71,-64.99637919,0.0529550877,0.5959943598,0.3177324075,0,-1.221323284,4.404137026,-3.182813756
102.72,-64.99637919,0.0529550877,0.5959943595,0.3177324075,0,-1.221323284,4.404137026,-3.182813756
102.73,-64.99637919,0.0529550877,0.5959943592,0.3177324075,0,-1.221323283,4.404137025,-3.182813756
102.74,-64.99637918,0.05295508771,0.5959943589,0.3177324075,0,-1.221323283,4.404137025,-3.182813755
102.75,-64.99637918,0.05295508771,0.5959943587,0.3177324075,0,-1.221323282,4.404137024,-3.182813755
102.76,-64.99637918,0.05295508771,0.5959943584,0.3177324075,0,-1.221323282,4.404137024,-3.182813755
102.77,-64.99637918,0.05295508771,0.5959943581,0.3177324075,0,-1.221323281,4.404137023,-3.182813755
102.78,-64.99637918,0.05295508771,0.5959943578,0.3177324075,0,-1.221323281,4.404137023,-3.182813755
102.79,-64.99637918,0.05295508771,0.5959943575,0.3177324074,0,-1.22132328,4.404137022,-3.182813755
102.8,-64.99637918,0.05295508771,0.5959943573,0.3177324074,0,-1.22132328,4.404137022,-3.182813755
102.81,-64.99637918,0.05295508771,0.595994357,0.3177324074,0,-1.221323279,4.404137021,-3.182813755
102.82,-64.99637918,0.05295508771,0.5959943567,0.3177324074,0,-1.221323279,4.404137021,-3.182813755
102.83,-64.99637918,0.05295508771,0.5959943564,0.3177324074,0,-1.221323278,4.40413702,-3.182813755
102.84,-64.99637918,0.05295508771,0.5959943561,0.3177324074,0,-1.221323278,4.40413702,-3.182813755
102.85,-64.99637918,0.05295508771,0.5959943559,0.3177324074,0,-1.221323277,4.404137019,-3.182813755
102.86,-64.99637918,0.05295508772,0.5959943556,0.3177324074,0,-1.221323277,4.404137019,-3.182813755
102.87,-64.99637918,0.05295508772,0.5959943553,0.3177324074,0,-1.221323276,4.404137018,-3.182813755
102.88,-64.99637918,0.05295508772,0.595994355,0.3177324074,0,-1.221323276,4.404137018,-3.182813755
102.89,-64.99637918,0.05295508772,0.5959943548,0.3177324074,0,-1.221323275,4.404137017,-3.182813755
102.9,-64.99637918,0.05295508772,0.5959943545,0.3177324073,0,-1.221323275,4.404137017,-3.182813755
102.91,-64.99637918,0.05295508772,0.5959943542,0.3177324073,0,-1.221323274,4.404137016,-3.182813755
102.92,-64.99637918,0.05295508772,0.5959943539,0.3177324073,0,-1.221323274,4.404137016,-3.182813755
102.93,-64.99637918,0.05295508772,0.5959943537,0.3177324073,0,-1.221323273,4.404137015,-3.182813755
102.94,-64.99637918,0.05295508772,0.5959943534,0.3177324073,0,-1.221323273,4.404137015,-3.182813755
102.95,-64.99637918,0.05295508772,0.5959943531,0.3177324073,0,-1.221323272,4.404137014,-3.182813755
102.96,-64.99637918,0.05295508772,0.5959943528,0.3177324073,0,-1.221323272,4.404137014,-3.182813755
102.97,-64.99637918,0.05295508773,0.5959943526,0.3177324073,0,-1.221323271,4.404137013,-3.182813755
102.98,-64.99637918,0.05295508773,0.5959943523,0.3177324073,0,-1.221323271,4.404137013,-3.182813755
102.99,-64.99637918,0.05295508773,0.595994352,0.3177324073,0,-1.22132327,4.404137012,-3.182813755
103,-64.99637918,0.05295508773,0.5959943517,0.3177324072,0,-1.22132327,4.404137012,-3.182813754
103.01,-64.99637918,0.05295508773,0.5959943515,0.3177324072,0,-1.221323269,4.404137012,-3.182813754
103.02,-64.99637918,0.05295508773,0.5959943512,0.3177324072,0,-1.221323269,4.404137011,-3.182813754
103.03,-64.99637918,0.05295508773,0.5959943509,0.3177324072,0,-1.221323268,4.404137011,-3.182813754
103.04,-64.99637918,0.05295508773,0.5959943507,0.3177324072,0,-1.221323268,4.40413701,-3.182813754
103.05,-64.99637918,0.05295508773,0.5959943504,0.3177324072,0,-1.221323267,4.40413701,-3.182813754
103.06,-64.99637918,0.05295508773,0.5959943501,0.3177324072,0,-1.221323267,4.404137009,-3.182813754
103.07,-64.99637918,0.05295508773,0.5959943498,0.3177324072,0,-1.221323266,4.404137009,-3.182813754
103.08,-64.99637918,0.05295508773,0.5959943496,0.3177324072,0,-1.221323266,4.404137008,-3.182813754
103.09,-64.99637918,0.05295508773,0.5959943493,0.3177324072,0,-1.221323265,4.404137008,-3.182813754
103.1,-64.99637918,0.05295508774,0.595994349,0.3177324072,0,-1.221323265,4.404137007,-3.182813754
103.11,-64.99637918,0.05295508774,0.5959943488,0.3177324071,0,-1.221323264,4.404137007,-3.182813754
103.12,-64.99637918,0.05295508774,0.5959943485,0.3177324071,0,-1.221323264,4.404137006,-3.182813754
103.13,-64.99637918,0.05295508774,0.5959943482,0.3177324071,0,-1.221323263,4.404137006,-3.182813754
103.14,-64.99637918,0.05295508774,0.595994348,0.3177324071,0,-1.221323263,4.404137005,-3.182813754
103.15,-64.99637918,0.05295508774,0.5959943477,0.3177324071,0,-1.221323262,4.404137005,-3.182813754
103.16,-64.99637918,0.05295508774,0.5959943474,0.3177324071,0,-1.221323262,4.404137004,-3.182813754
103.17,-64.99637918,0.05295508774,0.5959943472,0.3177324071,0,-1.221323261,4.404137004,-3.182813754
103.18,-64.99637918,0.05295508774,0.5959943469,0.3177324071,0,-1.221323261,4.404137003,-3.182813754
103.19,-64.99637918,0.05295508774,0.5959943466,0.3177324071,0,-1.22132326,4.404137003,-3.182813754
103.2,-64.99637918,0.05295508774,0.5959943464,0.3177324071,0,-1.22132326,4.404137003,-3.182813754
103.21,-64.99637918,0.05295508774,0.5959943461,0.317732407,0,-1.221323259,4.404137002,-3.182813754
103.22,-64.99637918,0.05295508775,0.5959943458,0.317732407,0,-1.221323259,4.404137002,-3.182813754
103.23,-64.99637918,0.05295508775,0.5959943456,0.317732407,0,-1.221323258,4.404137001,-3.182813754
103.24,-64.99637918,0.05295508775,0.5959943453,0.317732407,0,-1.221323258,4.404137001,-3.182813754
103.25,-64.99637918,0.05295508775,0.595994345,0.317732407,0,-1.221323257,4.404137,-3.182813754
103.26,-64.99637918,0.05295508775,0.5959943448,0.317732407,0,-1.221323257,4.404137,-3.182813754
103.27,-64.99637918,0.05295508775,0.5959943445,0.317732407,0,-1.221323256,4.404136999,-3.182813754
103.28,-64.99637918,0.05295508775,0.5959943442,0.317732407,0,-1.221323256,4.404136999,-3.182813754
103.29,-64.99637918,0.05295508775,0.595994344,0.317732407,0,-1.221323255,4.404136998,-3.182813753
103.3,-64.99637918,0.05295508775,0.5959943437,0.317732407,0,-1.221323255,4.404136998,-3.182813753
103.31,-64.99637918,0.05295508775,0.5959943434,0.317732407,0,-1.221323254,4.404136997,-3.182813753
103.32,-64.99637918,0.05295508775,0.5959943432,0.317732407,0,-1.221323254,4.404136997,-3.182813753
103.33,-64.99637918,0.05295508775,0.5959943429,0.3177324069,0,-1.221323253,4.404136997,-3.182813753
103.34,-64.99637918,0.05295508775,0.5959943427,0.3177324069,0,-1.221323253,4.404136996,-3.182813753
103.35,-64.99637918,0.05295508775,0.5959943424,0.3177324069,0,-1.221323252,4.404136996,-3.182813753
103.36,-64.99637918,0.05295508776,0.5959943421,0.3177324069,0,-1.221323252,4.404136995,-3.182813753
103.37,-64.99637918,0.05295508776,0.5959943419,0.3177324069,0,-1.221323251,4.404136995,-3.182813753
103.38,-64.99637918,0.05295508776,0.5959943416,0.3177324069,0,-1.221323251,4.404136994,-3.182813753
103.39,-64.99637918,0.05295508776,0.5959943413,0.3177324069,0,-1.22132325,4.404136994,-3.182813753
103.4,-64.99637918,0.05295508776,0.5959943411,0.3177324069,0,-1.22132325,4.404136993,-3.182813753
103.41,-64.99637918,0.05295508776,0.5959943408,0.3177324069,0,-1.221323249,4.404136993,-3.182813753
103.42,-64.99637918,0.05295508776,0.5959943406,0.3177324069,0,-1.221323249,4.404136993,-3.182813753
103.43,-64.99637918,0.05295508776,0.5959943403,0.3177324069,0,-1.221323248,4.404136992,-3.182813753
103.44,-64.99637918,0.05295508776,0.59599434,0.3177324068,0,-1.221323248,4.404136992,-3.182813753
103.45,-64.99637918,0.05295508776,0.5959943398,0.3177324068,0,-1.221323247,4.404136991,-3.182813753
103.46,-64.99637918,0.05295508776,0.5959943395,0.3177324068,0,-1.221323247,4.404136991,-3.182813753
103.47,-64.99637918,0.05295508776,0.5959943393,0.3177324068,0,-1.221323247,4.40413699,-3.182813753
103.48,-64.99637918,0.05295508776,0.595994339,0.3177324068,0,-1.221323246,4.40413699,-3.182813753
103.49,-64.99637918,0.05295508776,0.5959943388,0.3177324068,0,-1.221323246,4.404136989,-3.182813753
103.5,-64.99637918,0.05295508776,0.5959943385,0.3177324068,0,-1.221323245,4.404136989,-3.182813753
103.51,-64.99637918,0.05295508777,0.5959943382,0.3177324068,0,-1.221323245,4.404136989,-3.182813753
103.52,-64.99637918,0.05295508777,0.595994338,0.3177324068,0,-1.221323244,4.404136988,-3.182813753
103.53,-64.99637918,0.05295508777,0.5959943377,0.3177324068,0,-1.221323244,4.404136988,-3.182813753
103.54,-64.99637918,0.05295508777,0.5959943375,0.3177324068,0,-1.221323243,4.404136987,-3.182813753
103.55,-64.99637918,0.05295508777,0.5959943372,0.3177324068,0,-1.221323243,4.404136987,-3.182813753
103.56,-64.99637918,0.05295508777,0.595994337,0.3177324067,0,-1.221323242,4.404136986,-3.182813753
103.57,-64.99637918,0.05295508777,0.5959943367,0.3177324067,0,-1.221323242,4.404136986,-3.182813753
103.58,-64.99637918,0.05295508777,0.5959943364,0.3177324067,0,-1.221323241,4.404136985,-3.182813753
103.59,-64.99637918,0.05295508777,0.5959943362,0.3177324067,0,-1.221323241,4.404136985,-3.182813753
103.6,-64.99637918,0.05295508777,0.5959943359,0.3177324067,0,-1.22132324,4.404136985,-3.182813753
103.61,-64.99637918,0.05295508777,0.5959943357,0.3177324067,0,-1.22132324,4.404136984,-3.182813753
103.62,-64.99637918,0.05295508777,0.5959943354,0.3177324067,0,-1.221323239,4.404136984,-3.182813753
103.63,-64.99637918,0.05295508777,0.5959943352,0.3177324067,0,-1.221323239,4.404136983,-3.182813753
103.64,-64.99637918,0.05295508777,0.5959943349,0.3177324067,0,-1.221323238,4.404136983,-3.182813753
103.65,-64.99637917,0.05295508777,0.5959943347,0.3177324067,0,-1.221323238,4.404136982,-3.182813752
103.66,-64.99637917,0.05295508777,0.5959943344,0.3177324067,0,-1.221323237,4.404136982,-3.182813752
103.67,-64.99637917,0.05295508778,0.5959943342,0.3177324067,0,-1.221323237,4.404136982,-3.182813752
103.68,-64.99637917,0.05295508778,0.5959943339,0.3177324066,0,-1.221323236,4.404136981,-3.182813752
103.69,-64.99637917,0.05295508778,0.5959943337,0.3177324066,0,-1.221323236,4.404136981,-3.182813752
103.7,-64.99637917,0.05295508778,0.5959943334,0.3177324066,0,-1.221323235,4.40413698,-3.182813752
103.71,-64.99637917,0.05295508778,0.5959943332,0.3177324066,0,-1.221323235,4.40413698,-3.182813752
103.72,-64.99637917,0.05295508778,0.5959943329,0.3177324066,0,-1.221323235,4.404136979,-3.182813752
103.73,-64.99637917,0.05295508778,0.5959943327,0.3177324066,0,-1.221323234,4.404136979,-3.182813752
103.74,-64.99637917,0.05295508778,0.5959943324,0.3177324066,0,-1.221323234,4.404136979,-3.182813752
103.75,-64.99637917,0.05295508778,0.5959943322,0.3177324066,0,-1.221323233,4.404136978,-3.182813752
103.76,-64.99637917,0.05295508778,0.5959943319,0.3177324066,0,-1.221323233,4.404136978,-3.182813752
103.77,-64.99637917,0.05295508778,0.5959943317,0.3177324066,0,-1.221323232,4.404136977,-3.182813752
103.78,-64.99637917,0.05295508778,0.5959943314,0.3177324066,0,-1.221323232,4.404136977,-3.182813752
103.79,-64.99637917,0.05295508778,0.5959943312,0.3177324066,0,-1.221323231,4.404136977,-3.182813752
103.8,-64.99637917,0.05295508778,0.5959943309,0.3177324065,0,-1.221323231,4.404136976,-3.182813752
103.81,-64.99637917,0.05295508778,0.5959943307,0.3177324065,0,-1.22132323,4.404136976,-3.182813752
103.82,-64.99637917,0.05295508778,0.5959943304,0.3177324065,0,-1.22132323,4.404136975,-3.182813752
103.83,-64.99637917,0.05295508778,0.5959943302,0.3177324065,0,-1.221323229,4.404136975,-3.182813752
103.84,-64.99637917,0.05295508778,0.5959943299,0.3177324065,0,-1.221323229,4.404136974,-3.182813752
103.85,-64.99637917,0.05295508779,0.5959943297,0.3177324065,0,-1.221323228,4.404136974,-3.182813752
103.86,-64.99637917,0.05295508779,0.5959943294,0.3177324065,0,-1.221323228,4.404136974,-3.182813752
103.87,-64.99637917,0.05295508779,0.5959943292,0.3177324065,0,-1.221323227,4.404136973,-3.182813752
103.88,-64.99637917,0.05295508779,0.5959943289,0.3177324065,0,-1.221323227,4.404136973,-3.182813752
103.89,-64.99637917,0.05295508779,0.5959943287,0.3177324065,0,-1.221323226,4.404136972,-3.182813752
103.9,-64.99637917,0.05295508779,0.5959943284,0.3177324065,0,-1.221323226,4.404136972,-3.182813752
103.91,-64.99637917,0.05295508779,0.5959943282,0.3177324065,0,-1.221323226,4.404136972,-3.182813752
103.92,-64.99637917,0.05295508779,0.5959943279,0.3177324065,0,-1.221323225,4.404136971,-3.182813752
103.93,-64.99637917,0.05295508779,0.5959943277,0.3177324064,0,-1.221323225,4.404136971,-3.182813752
103.94,-64.99637917,0.05295508779,0.5959943275,0.3177324064,0,-1.221323224,4.40413697,-3.182813752
103.95,-64.99637917,0.05295508779,0.5959943272,0.3177324064,0,-1.221323224,4.40413697,-3.182813752
103.96,-64.99637917,0.05295508779,0.595994327,0.3177324064,0,-1.221323223,4.404136969,-3.182813752
103.97,-64.99637917,0.05295508779,0.5959943267,0.3177324064,0,-1.221323223,4.404136969,-3.182813752
103.98,-64.99637917,0.05295508779,0.5959943265,0.3177324064,0,-1.221323222,4.404136969,-3.182813752
103.99,-64.99637917,0.05295508779,0.5959943262,0.3177324064,0,-1.221323222,4.404136968,-3.182813752
104,-64.99637917,0.05295508779,0.595994326,0.3177324064,0,-1.221323221,4.404136968,-3.182813752
104.01,-64.99637917,0.05295508779,0.5959943257,0.3177324064,0,-1.221323221,4.404136967,-3.182813752
104.02,-64.99637917,0.05295508779,0.5959943255,0.3177324064,0,-1.22132322,4.404136967,-3.182813752
104.03,-64.99637917,0.05295508779,0.5959943253,0.3177324064,0,-1.22132322,4.404136967,-3.182813752
104.04,-64.99637917,0.05295508779,0.595994325,0.3177324064,0,-1.221323219,4.404136966,-3.182813752
104.05,-64.99637917,0.05295508779,0.5959943248,0.3177324064,0,-1.221323219,4.404136966,-3.182813752
104.06,-64.99637917,0.05295508779,0.5959943245,0.3177324063,0,-1.221323219,4.404136965,-3.182813752
104.07,-64.99637917,0.0529550878,0.5959943243,0.3177324063,0,-1.221323218,4.404136965,-3.182813752
104.08,-64.99637917,0.0529550878,0.5959943241,0.3177324063,0,-1.221323218,4.404136965,-3.182813752
104.09,-64.99637917,0.0529550878,0.5959943238,0.3177324063,0,-1.221323217,4.404136964,-3.182813752
104.1,-64.99637917,0.0529550878,0.5959943236,0.3177324063,0,-1.221323217,4.404136964,-3.182813752
104.11,-64.99637917,0.0529550878,0.5959943233,0.3177324063,0,-1.221323216,4.404136963,-3.182813752
104.12,-64.99637917,0.0529550878,0.5959943231,0.3177324063,0,-1.221323216,4.404136963,-3.182813752
104.13,-64.99637917,0.0529550878,0.5959943229,0.3177324063,0,-1.221323215,4.404136963,-3.182813752
104.14,-64.99637917,0.0529550878,0.5959943226,0.3177324063,0,-1.221323215,4.404136962,-3.182813752
104.15,-64.99637917,0.0529550878,0.5959943224,0.3177324063,0,-1.221323214,4.404136962,-3.182813752
104.16,-64.99637917,0.0529550878,0.5959943221,0.3177324063,0,-1.221323214,4.404136961,-3.182813752
104.17,-64.99637917,0.0529550878,0.5959943219,0.3177324063,0,-1.221323213,4.404136961,-3.182813752
104.18,-64.99637917,0.0529550878,0.5959943217,0.3177324063,0,-1.221323213,4.404136961,-3.182813752
104.19,-64.99637917,0.0529550878,0.5959943214,0.3177324062,0,-1.221323212,4.40413696,-3.182813752
104.2,-64.99637917,0.0529550878,0.5959943212,0.3177324062,0,-1.221323212,4.40413696,-3.182813752
104.21,-64.99637917,0.0529550878,0.595994321,0.3177324062,0,-1.221323212,4.404136959,-3.182813752
104.22,-64.99637917,0.0529550878,0.5959943207,0.3177324062,0,-1.221323211,4.404136959,-3.182813752
104.23,-64.99637917,0.0529550878,0.5959943205,0.3177324062,0,-1.221323211,4.404136959,-3.182813751
104.24,-64.99637917,0.0529550878,0.5959943202,0.3177324062,0,-1.22132321,4.404136958,-3.182813751
104.25,-64.99637917,0.0529550878,0.59599432,0.3177324062,0,-1.22132321,4.404136958,-3.182813751
104.26,-64.99637917,0.0529550878,0.5959943198,0.3177324062,0,-1.221323209,4.404136957,-3.182813751
104.27,-64.99637917,0.0529550878,0.5959943195,0.3177324062,0,-1.221323209,4.404136957,-3.182813751
104.28,-64.99637917,0.0529550878,0.5959943193,0.3177324062,0,-1.221323208,4.404136957,-3.182813751
104.29,-64.99637917,0.0529550878,0.5959943191,0.3177324062,0,-1.221323208,4.404136956,-3.182813751
104.3,-64.99637917,0.0529550878,0.5959943188,0.3177324062,0,-1.221323207,4.404136956,-3.182813751
104.31,-64.99637917,0.0529550878,0.5959943186,0.3177324062,0,-1.221323207,4.404136955,-3.182813751
104.32,-64.99637917,0.0529550878,0.5959943184,0.3177324062,0,-1.221323206,4.404136955,-3.182813751
104.33,-64.99637917,0.0529550878,0.5959943181,0.3177324061,0,-1.221323206,4.404136955,-3.182813751
104.34,-64.99637917,0.0529550878,0.5959943179,0.3177324061,0,-1.221323206,4.404136954,-3.182813751
104.35,-64.99637917,0.0529550878,0.5959943177,0.3177324061,0,-1.221323205,4.404136954,-3.182813751
104.36,-64.99637917,0.05295508781,0.5959943174,0.3177324061,0,-1.221323205,4.404136954,-3.182813751
104.37,-64.99637917,0.05295508781,0.5959943172,0.3177324061,0,-1.221323204,4.404136953,-3.182813751
104.38,-64.99637917,0.05295508781,0.595994317,0.3177324061,0,-1.221323204,4.404136953,-3.182813751
104.39,-64.99637917,0.05295508781,0.5959943167,0.3177324061,0,-1.221323203,4.404136952,-3.182813751
104.4,-64.99637917,0.05295508781,0.5959943165,0.3177324061,0,-1.221323203,4.404136952,-3.182813751
104.41,-64.99637917,0.05295508781,0.5959943163,0.3177324061,0,-1.221323202,4.404136952,-3.182813751
104.42,-64.99637917,0.05295508781,0.595994316,0.3177324061,0,-1.221323202,4.404136951,-3.182813751
104.43,-64.99637917,0.05295508781,0.5959943158,0.3177324061,0,-1.221323201,4.404136951,-3.182813751
104.44,-64.99637917,0.05295508781,0.5959943156,0.3177324061,0,-1.221323201,4.40413695,-3.182813751
104.45,-64.99637917,0.05295508781,0.5959943153,0.3177324061,0,-1.221323201,4.40413695,-3.182813751
104.46,-64.99637917,0.05295508781,0.5959943151,0.3177324061,0,-1.2213232,4.40413695,-3.182813751
104.47,-64.99637917,0.05295508781,0.5959943149,0.317732406,0,-1.2213232,4.404136949,-3.182813751
104.48,-64.99637917,0.05295508781,0.5959943147,0.317732406,0,-1.221323199,4.404136949,-3.182813751
104.49,-64.99637917,0.05295508781,0.5959943144,0.317732406,0,-1.221323199,4.404136949,-3.182813751
104.5,-64.99637917,0.05295508781,0.5959943142,0.317732406,0,-1.221323198,4.404136948,-3.182813751
104.51,-64.99637917,0.05295508781,0.595994314,0.317732406,0,-1.221323198,4.404136948,-3.182813751
104.52,-64.99637917,0.05295508781,0.5959943137,0.317732406,0,-1.221323197,4.404136947,-3.182813751
104.53,-64.99637917,0.05295508781,0.5959943135,0.317732406,0,-1.221323197,4.404136947,-3.182813751
104.54,-64.99637917,0.05295508781,0.5959943133,0.317732406,0,-1.221323196,4.404136947,-3.182813751
104.55,-64.99637917,0.05295508781,0.5959943131,0.317732406,0,-1.221323196,4.404136946,-3.182813751
104.56,-64.99637917,0.05295508781,0.5959943128,0.317732406,0,-1.221323196,4.404136946,-3.182813751
104.57,-64.99637917,0.05295508781,0.5959943126,0.317732406,0,-1.221323195,4.404136945,-3.182813751
104.58,-64.99637917,0.05295508781,0.5959943124,0.317732406,0,-1.221323195,4.404136945,-3.182813751
104.59,-64.99637917,0.05295508781,0.5959943121,0.317732406,0,-1.221323194,4.404136945,-3.182813751
104.6,-64.99637917,0.05295508781,0.5959943119,0.317732406,0,-1.221323194,4.404136944,-3.182813751
104.61,-64.99637917,0.05295508781,0.5959943117,0.3177324059,0,-1.221323193,4.404136944,-3.182813751
104.62,-64.99637917,0.05295508781,0.5959943115,0.3177324059,0,-1.221323193,4.404136944,-3.182813751
104.63,-64.99637917,0.05295508781,0.5959943112,0.3177324059,0,-1.221323192,4.404136943,-3.182813751
104.64,-64.99637917,0.05295508781,0.595994311,0.3177324059,0,-1.221323192,4.404136943,-3.182813751
104.65,-64.99637917,0.05295508781,0.5959943108,0.3177324059,0,-1.221323191,4.404136942,-3.182813751
104.66,-64.99637917,0.05295508781,0.5959943106,0.3177324059,0,-1.221323191,4.404136942,-3.182813751
104.67,-64.99637917,0.05295508781,0.5959943103,0.3177324059,0,-1.221323191,4.404136942,-3.182813751
104.68,-64.99637917,0.05295508781,0.5959943101,0.3177324059,0,-1.22132319,4.404136941,-3.182813751
104.69,-64.99637917,0.05295508781,0.5959943099,0.3177324059,0,-1.22132319,4.404136941,-3.182813751
104.7,-64.99637917,0.05295508781,0.5959943097,0.3177324059,0,-1.221323189,4.404136941,-3.182813751
104.71,-64.99637917,0.05295508781,0.5959943094,0.3177324059,0,-1.221323189,4.40413694,-3.182813751
104.72,-64.99637917,0.05295508781,0.5959943092,0.3177324059,0,-1.221323188,4.40413694,-3.182813751
104.73,-64.99637917,0.05295508781,0.595994309,0.3177324059,0,-1.221323188,4.404136939,-3.182813751
104.74,-64.99637917,0.05295508781,0.5959943088,0.3177324059,0,-1.221323187,4.404136939,-3.182813751
104.75,-64.99637917,0.05295508781,0.5959943086,0.3177324059,0,-1.221323187,4.404136939,-3.182813751
104.76,-64.99637917,0.05295508781,0.5959943083,0.3177324058,0,-1.221323186,4.404136938,-3.182813751
104.77,-64.99637917,0.05295508781,0.5959943081,0.3177324058,0,-1.221323186,4.404136938,-3.182813751
104.78,-64.99637917,0.05295508781,0.5959943079,0.3177324058,0,-1.221323186,4.404136938,-3.182813751
104.79,-64.99637917,0.05295508781,0.5959943077,0.3177324058,0,-1.221323185,4.404136937,-3.182813751
104.8,-64.99637917,0.05295508781,0.5959943074,0.3177324058,0,-1.221323185,4.404136937,-3.182813751
104.81,-64.99637917,0.05295508781,0.5959943072,0.3177324058,0,-1.221323184,4.404136937,-3.182813751
104.82,-64.99637917,0.05295508781,0.595994307,0.3177324058,0,-1.221323184,4.404136936,-3.182813751
104.83,-64.99637917,0.05295508781,0.5959943068,0.3177324058,0,-1.221323183,4.404136936,-3.182813751
104.84,-64.99637917,0.05295508781,0.5959943066,0.3177324058,0,-1.221323183,4.404136935,-3.182813751
104.85,-64.99637917,0.05295508781,0.5959943063,0.3177324058,0,-1.221323182,4.404136935,-3.182813751
104.86,-64.99637917,0.05295508781,0.5959943061,0.3177324058,0,-1.221323182,4.404136935,-3.182813751
104.87,-64.99637917,0.05295508781,0.5959943059,0.3177324058,0,-1.221323182,4.404136934,-3.182813751
104.88,-64.99637917,0.05295508781,0.5959943057,0.3177324058,0,-1.221323181,4.404136934,-3.182813751
104.89,-64.99637917,0.05295508781,0.5959943055,0.3177324058,0,-1.221323181,4.404136934,-3.182813751
104.9,-64.99637917,0.05295508781,0.5959943052,0.3177324058,0,-1.22132318,4.404136933,-3.182813751
104.91,-64.99637917,0.05295508781,0.595994305,0.3177324057,0,-1.22132318,4.404136933,-3.182813751
104.92,-64.99637917,0.05295508781,0.5959943048,0.3177324057,0,-1.221323179,4.404136932,-3.182813751
104.93,-64.99637917,0.05295508781,0.5959943046,0.3177324057,0,-1.221323179,4.404136932,-3.182813751
104.94,-64.99637917,0.05295508781,0.5959943044,0.3177324057,0,-1.221323178,4.404136932,-3.182813751
104.95,-64.99637917,0.05295508781,0.5959943042,0.3177324057,0,-1.221323178,4.404136931,-3.182813751
104.96,-64.99637917,0.05295508781,0.5959943039,0.3177324057,0,-1.221323178,4.404136931,-3.182813751
104.97,-64.99637917,0.05295508781,0.5959943037,0.3177324057,0,-1.221323177,4.404136931,-3.182813751
104.98,-64.99637917,0.05295508781,0.5959943035,0.3177324057,0,-1.221323177,4.40413693,-3.182813751
104.99,-64.99637917,0.05295508781,0.5959943033,0.3177324057,0,-1.221323176,4.40413693,-3.182813751
105,-64.99637917,0.05295508781,0.5959943031,0.3177324057,0,-1.221323176,4.40413693,-3.182813751
105.01,-64.99637917,0.05295508781,0.5959943029,0.3177324057,0,-1.221323175,4.404136929,-3.182813751
105.02,-64.99637917,0.05295508781,0.5959943026,0.3177324057,0,-1.221323175,4.404136929,-3.182813751
105.03,-64.99637917,0.05295508781,0.5959943024,0.3177324057,0,-1.221323174,4.404136928,-3.182813751
105.04,-64.99637917,0.05295508781,0.5959943022,0.3177324057,0,-1.221323174,4.404136928,-3.182813751
105.05,-64.99637917,0.05295508781,0.595994302,0.3177324057,0,-1.221323174,4.404136928,-3.182813751
105.06,-64.99637917,0.05295508781,0.5959943018,0.3177324057,0,-1.221323173,4.404136927,-3.182813751
105.07,-64.99637917,0.05295508781,0.5959943016,0.3177324056,0,-1.221323173,4.404136927,-3.182813751
105.08,-64.99637917,0.05295508781,0.5959943014,0.3177324056,0,-1.221323172,4.404136927,-3.182813751
105.09,-64.99637917,0.05295508781,0.5959943011,0.3177324056,0,-1.221323172,4.404136926,-3.182813751
105.1,-64.99637917,0.05295508781,0.5959943009,0.3177324056,0,-1.221323171,4.404136926,-3.182813751
105.11,-64.99637917,0.05295508781,0.5959943007,0.3177324056,0,-1.221323171,4.404136926,-3.182813751
105.12,-64.99637917,0.05295508781,0.5959943005,0.3177324056,0,-1.22132317,4.404136925,-3.182813751
105.13,-64.99637917,0.05295508781,0.5959943003,0.3177324056,0,-1.22132317,4.404136925,-3.182813751
105.14,-64.99637917,0.05295508781,0.5959943001,0.3177324056,0,-1.22132317,4.404136925,-3.182813752
105.15,-64.99637917,0.05295508781,0.5959942999,0.3177324056,0,-1.221323169,4.404136924,-3.182813752
105.16,-64.99637917,0.05295508781,0.5959942997,0.3177324056,0,-1.221323169,4.404136924,-3.182813752
105.17,-64.99637917,0.05295508781,0.5959942994,0.3177324056,0,-1.221323168,4.404136923,-3.182813752
105.18,-64.99637917,0.05295508781,0.5959942992,0.3177324056,0,-1.221323168,4.404136923,-3.182813752
105.19,-64.99637917,0.05295508781,0.595994299,0.3177324056,0,-1.221323167,4.404136923,-3.182813752
105.2,-64.99637917,0.05295508781,0.5959942988,0.3177324056,0,-1.221323167,4.404136922,-3.182813752
105.21,-64.99637917,0.05295508781,0.5959942986,0.3177324056,0,-1.221323166,4.404136922,-3.182813752
105.22,-64.99637917,0.05295508781,0.5959942984,0.3177324056,0,-1.221323166,4.404136922,-3.182813752
105.23,-64.99637917,0.05295508781,0.5959942982,0.3177324055,0,-1.221323166,4.404136921,-3.182813752
105.24,-64.99637917,0.05295508781,0.595994298,0.3177324055,0,-1.221323165,4.404136921,-3.182813752
105.25,-64.99637917,0.05295508781,0.5959942978,0.3177324055,0,-1.221323165,4.404136921,-3.182813752
105.26,-64.99637917,0.05295508781,0.5959942975,0.3177324055,0,-1.221323164,4.40413692,-3.182813752
105.27,-64.99637917,0.05295508781,0.5959942973,0.3177324055,0,-1.221323164,4.40413692,-3.182813752
105.28,-64.99637917,0.05295508781,0.5959942971,0.3177324055,0,-1.221323163,4.40413692,-3.182813752
105.29,-64.99637917,0.05295508781,0.5959942969,0.3177324055,0,-1.221323163,4.404136919,-3.182813752
105.3,-64.99637917,0.05295508781,0.5959942967,0.3177324055,0,-1.221323162,4.404136919,-3.182813752
105.31,-64.99637917,0.05295508781,0.5959942965,0.3177324055,0,-1.221323162,4.404136918,-3.182813752
105.32,-64.99637917,0.05295508781,0.5959942963,0.3177324055,0,-1.221323162,4.404136918,-3.182813752
105.33,-64.99637917,0.05295508781,0.5959942961,0.3177324055,0,-1.221323161,4.404136918,-3.182813752
105.34,-64.99637917,0.05295508781,0.5959942959,0.3177324055,0,-1.221323161,4.404136917,-3.182813752
105.35,-64.99637917,0.05295508781,0.5959942957,0.3177324055,0,-1.22132316,4.404136917,-3.182813752
105.36,-64.99637917,0.05295508781,0.5959942955,0.3177324055,0,-1.22132316,4.404136917,-3.182813752
105.37,-64.99637917,0.05295508781,0.5959942953,0.3177324055,0,-1.221323159,4.404136916,-3.182813752
105.38,-64.99637917,0.05295508781,0.595994295,0.3177324055,0,-1.221323159,4.404136916,-3.182813752
105.39,-64.99637917,0.05295508781,0.5959942948,0.3177324054,0,-1.221323159,4.404136916,-3.182813752
105.4,-64.99637917,0.05295508781,0.5959942946,0.3177324054,0,-1.221323158,4.404136915,-3.182813752
105.41,-64.99637917,0.05295508781,0.5959942944,0.3177324054,0,-1.221323158,4.404136915,-3.182813752
105.42,-64.99637917,0.05295508781,0.5959942942,0.3177324054,0,-1.221323157,4.404136915,-3.182813752
105.43,-64.99637917,0.05295508781,0.595994294,0.3177324054,0,-1.221323157,4.404136914,-3.182813752
105.44,-64.99637917,0.05295508781,0.5959942938,0.3177324054,0,-1.221323156,4.404136914,-3.182813752
105.45,-64.99637917,0.05295508781,0.5959942936,0.3177324054,0,-1.221323156,4.404136914,-3.182813752
105.46,-64.99637917,0.05295508781,0.5959942934,0.3177324054,0,-1.221323155,4.404136913,-3.182813752
105.47,-64.99637917,0.05295508781,0.5959942932,0.3177324054,0,-1.221323155,4.404136913,-3.182813752
105.48,-64.99637917,0.05295508781,0.595994293,0.3177324054,0,-1.221323155,4.404136913,-3.182813752
105.49,-64.99637917,0.0529550878,0.5959942928,0.3177324054,0,-1.221323154,4.404136912,-3.182813752
105.5,-64.99637917,0.0529550878,0.5959942926,0.3177324054,0,-1.221323154,4.404136912,-3.182813752
105.51,-64.99637917,0.0529550878,0.5959942924,0.3177324054,0,-1.221323153,4.404136911,-3.182813752
105.52,-64.99637917,0.0529550878,0.5959942922,0.3177324054,0,-1.221323153,4.404136911,-3.182813752
105.53,-64.99637917,0.0529550878,0.595994292,0.3177324054,0,-1.221323152,4.404136911,-3.182813752
105.54,-64.99637917,0.0529550878,0.5959942918,0.3177324054,0,-1.221323152,4.40413691,-3.182813752
105.55,-64.99637917,0.0529550878,0.5959942916,0.3177324054,0,-1.221323152,4.40413691,-3.182813752
105.56,-64.99637917,0.0529550878,0.5959942914,0.3177324053,0,-1.221323151,4.40413691,-3.182813752
105.57,-64.99637917,0.0529550878,0.5959942912,0.3177324053,0,-1.221323151,4.404136909,-3.182813752
105.58,-64.99637917,0.0529550878,0.595994291,0.3177324053,0,-1.22132315,4.404136909,-3.182813752
105.59,-64.99637917,0.0529550878,0.5959942908,0.3177324053,0,-1.22132315,4.404136909,-3.182813752
105.6,-64.99637917,0.0529550878,0.5959942906,0.3177324053,0,-1.221323149,4.404136908,-3.182813752
105.61,-64.99637917,0.0529550878,0.5959942904,0.3177324053,0,-1.221323149,4.404136908,-3.182813752
105.62,-64.99637917,0.0529550878,0.5959942902,0.3177324053,0,-1.221323149,4.404136908,-3.182813752
105.63,-64.99637917,0.0529550878,0.59599429,0.3177324053,0,-1.221323148,4.404136907,-3.182813752
105.64,-64.99637917,0.0529550878,0.5959942898,0.3177324053,0,-1.221323148,4.404136907,-3.182813752
105.65,-64.99637917,0.0529550878,0.5959942896,0.3177324053,0,-1.221323147,4.404136907,-3.182813752
105.66,-64.99637917,0.0529550878,0.5959942894,0.3177324053,0,-1.221323147,4.404136906,-3.182813752
105.67,-64.99637917,0.0529550878,0.5959942892,0.3177324053,0,-1.221323146,4.404136906,-3.182813752
105.68,-64.99637917,0.0529550878,0.595994289,0.3177324053,0,-1.221323146,4.404136906,-3.182813752
105.69,-64.99637917,0.0529550878,0.5959942888,0.3177324053,0,-1.221323145,4.404136905,-3.182813752
105.7,-64.99637917,0.0529550878,0.5959942886,0.3177324053,0,-1.221323145,4.404136905,-3.182813752
105.71,-64.99637917,0.0529550878,0.5959942884,0.3177324053,0,-1.221323145,4.404136905,-3.182813752
105.72,-64.99637917,0.0529550878,0.5959942882,0.3177324053,0,-1.221323144,4.404136904,-3.182813752
105.73,-64.99637917,0.0529550878,0.595994288,0.3177324053,0,-1.221323144,4.404136904,-3.182813752
105.74,-64.99637918,0.0529550878,0.5959942878,0.3177324052,0,-1.221323143,4.404136904,-3.182813753
105.75,-64.99637918,0.0529550878,0.5959942876,0.3177324052,0,-1.221323143,4.404136903,-3.182813753
105.76,-64.99637918,0.0529550878,0.5959942874,0.3177324052,0,-1.221323142,4.404136903,-3.182813753
105.77,-64.99637918,0.0529550878,0.5959942872,0.3177324052,0,-1.221323142,4.404136903,-3.182813753
105.78,-64.99637918,0.0529550878,0.595994287,0.3177324052,0,-1.221323142,4.404136902,-3.182813753
105.79,-64.99637918,0.05295508779,0.5959942868,0.3177324052,0,-1.221323141,4.404136902,-3.182813753
105.8,-64.99637918,0.05295508779,0.5959942866,0.3177324052,0,-1.221323141,4.404136902,-3.182813753
105.81,-64.99637918,0.05295508779,0.5959942864,0.3177324052,0,-1.22132314,4.404136901,-3.182813753
105.82,-64.99637918,0.05295508779,0.5959942862,0.3177324052,0,-1.22132314,4.404136901,-3.182813753
105.83,-64.99637918,0.05295508779,0.595994286,0.3177324052,0,-1.221323139,4.4041369,-3.182813753
105.84,-64.99637918,0.05295508779,0.5959942858,0.3177324052,0,-1.221323139,4.4041369,-3.182813753
105.85,-64.99637918,0.05295508779,0.5959942856,0.3177324052,0,-1.221323139,4.4041369,-3.182813753
105.86,-64.99637918,0.05295508779,0.5959942854,0.3177324052,0,-1.221323138,4.404136899,-3.182813753
105.87,-64.99637918,0.05295508779,0.5959942852,0.3177324052,0,-1.221323138,4.404136899,-3.182813753
105.88,-64.99637918,0.05295508779,0.595994285,0.3177324052,0,-1.221323137,4.404136899,-3.182813753
105.89,-64.99637918,0.05295508779,0.5959942848,0.3177324052,0,-1.221323137,4.404136898,-3.182813753
105.9,-64.99637918,0.05295508779,0.5959942846,0.3177324052,0,-1.221323136,4.404136898,-3.182813753
105.91,-64.99637918,0.05295508779,0.5959942844,0.3177324052,0,-1.221323136,4.404136898,-3.182813753
105.92,-64.99637918,0.05295508779,0.5959942842,0.3177324051,0,-1.221323136,4.404136897,-3.182813753
105.93,-64.99637918,0.05295508779,0.5959942841,0.3177324051,0,-1.221323135,4.404136897,-3.182813753
105.94,-64.99637918,0.05295508779,0.5959942839,0.3177324051,0,-1.221323135,4.404136897,-3.182813753
105.95,-64.99637918,0.05295508779,0.5959942837,0.3177324051,0,-1.221323134,4.404136896,-3.182813753
105.96,-64.99637918,0.05295508779,0.5959942835,0.3177324051,0,-1.221323134,4.404136896,-3.182813753
105.97,-64.99637918,0.05295508779,0.5959942833,0.3177324051,0,-1.221323133,4.404136896,-3.182813753
105.98,-64.99637918,0.05295508779,0.5959942831,0.3177324051,0,-1.221323133,4.404136895,-3.182813753
105.99,-64.99637918,0.05295508779,0.5959942829,0.3177324051,0,-1.221323133,4.404136895,-3.182813753
106,-64.99637918,0.05295508779,0.5959942827,0.3177324051,0,-1.221323132,4.404136895,-3.182813753
106.01,-64.99637918,0.05295508778,0.5959942825,0.3177324051,0,-1.221323132,4.404136894,-3.182813753
106.02,-64.99637918,0.05295508778,0.5959942823,0.3177324051,0,-1.221323131,4.404136894,-3.182813753
106.03,-64.99637918,0.05295508778,0.5959942821,0.3177324051,0,-1.221323131,4.404136894,-3.182813753
106.04,-64.99637918,0.05295508778,0.5959942819,0.3177324051,0,-1.22132313,4.404136893,-3.182813753
106.05,-64.99637918,0.05295508778,0.5959942817,0.3177324051,0,-1.22132313,4.404136893,-3.182813753
106.06,-64.99637918,0.05295508778,0.5959942816,0.3177324051,0,-1.22132313,4.404136893,-3.182813753
106.07,-64.99637918,0.05295508778,0.5959942814,0.3177324051,0,-1.221323129,4.404136892,-3.182813753
106.08,-64.99637918,0.05295508778,0.5959942812,0.3177324051,0,-1.221323129,4.404136892,-3.182813753
106.09,-64.99637918,0.05295508778,0.595994281,0.3177324051,0,-1.221323128,4.404136892,-3.182813753
106.1,-64.99637918,0.05295508778,0.5959942808,0.317732405,0,-1.221323128,4.404136891,-3.182813753
106.11,-64.99637918,0.05295508778,0.5959942806,0.317732405,0,-1.221323128,4.404136891,-3.182813754
106.12,-64.99637918,0.05295508778,0.5959942804,0.317732405,0,-1.221323127,4.404136891,-3.182813754
106.13,-64.99637918,0.05295508778,0.5959942802,0.317732405,0,-1.221323127,4.40413689,-3.182813754
106.14,-64.99637918,0.05295508778,0.59599428,0.317732405,0,-1.221323126,4.40413689,-3.182813754
106.15,-64.99637918,0.05295508778,0.5959942799,0.317732405,0,-1.221323126,4.40413689,-3.182813754
106.16,-64.99637918,0.05295508778,0.5959942797,0.317732405,0,-1.221323125,4.404136889,-3.182813754
106.17,-64.99637918,0.05295508778,0.5959942795,0.317732405,0,-1.221323125,4.404136889,-3.182813754
106.18,-64.99637918,0.05295508778,0.5959942793,0.317732405,0,-1.221323125,4.404136889,-3.182813754
106.19,-64.99637918,0.05295508778,0.5959942791,0.317732405,0,-1.221323124,4.404136888,-3.182813754
106.2,-64.99637918,0.05295508777,0.5959942789,0.317732405,0,-1.221323124,4.404136888,-3.182813754
106.21,-64.99637918,0.05295508777,0.5959942787,0.317732405,0,-1.221323123,4.404136888,-3.182813754
106.22,-64.99637918,0.05295508777,0.5959942785,0.317732405,0,-1.221323123,4.404136887,-3.182813754
106.23,-64.99637918,0.05295508777,0.5959942784,0.317732405,0,-1.221323122,4.404136887,-3.182813754
106.24,-64.99637918,0.05295508777,0.5959942782,0.317732405,0,-1.221323122,4.404136887,-3.182813754
106.25,-64.99637918,0.05295508777,0.595994278,0.317732405,0,-1.221323122,4.404136886,-3.182813754
106.26,-64.99637918,0.05295508777,0.5959942778,0.317732405,0,-1.221323121,4.404136886,-3.182813754
106.27,-64.99637918,0.05295508777,0.5959942776,0.317732405,0,-1.221323121,4.404136886,-3.182813754
106.28,-64.99637918,0.05295508777,0.5959942774,0.317732405,0,-1.22132312,4.404136885,-3.182813754
106.29,-64.99637918,0.05295508777,0.5959942772,0.3177324049,0,-1.22132312,4.404136885,-3.182813754
106.3,-64.99637918,0.05295508777,0.5959942771,0.3177324049,0,-1.221323119,4.404136885,-3.182813754
106.31,-64.99637918,0.05295508777,0.5959942769,0.3177324049,0,-1.221323119,4.404136884,-3.182813754
106.32,-64.99637918,0.05295508777,0.5959942767,0.3177324049,0,-1.221323119,4.404136884,-3.182813754
106.33,-64.99637918,0.05295508777,0.5959942765,0.3177324049,0,-1.221323118,4.404136884,-3.182813754
106.34,-64.99637918,0.05295508777,0.5959942763,0.3177324049,0,-1.221323118,4.404136883,-3.182813754
106.35,-64.99637918,0.05295508777,0.5959942761,0.3177324049,0,-1.221323117,4.404136883,-3.182813754
106.36,-64.99637918,0.05295508777,0.5959942759,0.3177324049,0,-1.221323117,4.404136883,-3.182813754
106.37,-64.99637918,0.05295508776,0.5959942758,0.3177324049,0,-1.221323117,4.404136882,-3.182813754
106.38,-64.99637918,0.05295508776,0.5959942756,0.3177324049,0,-1.221323116,4.404136882,-3.182813754
106.39,-64.99637918,0.05295508776,0.5959942754,0.3177324049,0,-1.221323116,4.404136882,-3.182813754
106.4,-64.99637918,0.05295508776,0.5959942752,0.3177324049,0,-1.221323115,4.404136881,-3.182813754
106.41,-64.99637918,0.05295508776,0.595994275,0.3177324049,0,-1.221323115,4.404136881,-3.182813754
106.42,-64.99637918,0.05295508776,0.5959942748,0.3177324049,0,-1.221323114,4.404136881,-3.182813755
106.43,-64.99637918,0.05295508776,0.5959942747,0.3177324049,0,-1.221323114,4.40413688,-3.182813755
106.44,-64.99637918,0.05295508776,0.5959942745,0.3177324049,0,-1.221323114,4.40413688,-3.182813755
106.45,-64.99637918,0.05295508776,0.5959942743,0.3177324049,0,-1.221323113,4.40413688,-3.182813755
106.46,-64.99637918,0.05295508776,0.5959942741,0.3177324049,0,-1.221323113,4.404136879,-3.182813755
106.47,-64.99637918,0.05295508776,0.5959942739,0.3177324049,0,-1.221323112,4.404136879,-3.182813755
106.48,-64.99637918,0.05295508776,0.5959942738,0.3177324048,0,-1.221323112,4.404136879,-3.182813755
106.49,-64.99637918,0.05295508776,0.5959942736,0.3177324048,0,-1.221323112,4.404136878,-3.182813755
106.5,-64.99637918,0.05295508776,0.5959942734,0.3177324048,0,-1.221323111,4.404136878,-3.182813755
106.51,-64.99637918,0.05295508776,0.5959942732,0.3177324048,0,-1.221323111,4.404136878,-3.182813755
106.52,-64.99637918,0.05295508775,0.595994273,0.3177324048,0,-1.22132311,4.404136877,-3.182813755
106.53,-64.99637918,0.05295508775,0.5959942729,0.3177324048,0,-1.22132311,4.404136877,-3.182813755
106.54,-64.99637918,0.05295508775,0.5959942727,0.3177324048,0,-1.221323109,4.404136877,-3.182813755
106.55,-64.99637918,0.05295508775,0.5959942725,0.3177324048,0,-1.221323109,4.404136876,-3.182813755
106.56,-64.99637918,0.05295508775,0.5959942723,0.3177324048,0,-1.221323109,4.404136876,-3.182813755
106.57,-64.99637918,0.05295508775,0.5959942721,0.3177324048,0,-1.221323108,4.404136876,-3.182813755
106.58,-64.99637918,0.05295508775,0.595994272,0.3177324048,0,-1.221323108,4.404136875,-3.182813755
106.59,-64.99637918,0.05295508775,0.5959942718,0.3177324048,0,-1.221323107,4.404136875,-3.182813755
106.6,-64.99637918,0.05295508775,0.5959942716,0.3177324048,0,-1.221323107,4.404136875,-3.182813755
106.61,-64.99637918,0.05295508775,0.5959942714,0.3177324048,0,-1.221323107,4.404136874,-3.182813755
106.62,-64.99637918,0.05295508775,0.5959942712,0.3177324048,0,-1.221323106,4.404136874,-3.182813755
106.63,-64.99637918,0.05295508775,0.5959942711,0.3177324048,0,-1.221323106,4.404136874,-3.182813755
106.64,-64.99637918,0.05295508775,0.5959942709,0.3177324048,0,-1.221323105,4.404136873,-3.182813755
106.65,-64.99637918,0.05295508775,0.5959942707,0.3177324048,0,-1.221323105,4.404136873,-3.182813755
106.66,-64.99637918,0.05295508774,0.5959942705,0.3177324048,0,-1.221323105,4.404136873,-3.182813755
106.67,-64.99637918,0.05295508774,0.5959942704,0.3177324047,0,-1.221323104,4.404136873,-3.182813755
106.68,-64.99637918,0.05295508774,0.5959942702,0.3177324047,0,-1.221323104,4.404136872,-3.182813755
106.69,-64.99637919,0.05295508774,0.59599427,0.3177324047,0,-1.221323103,4.404136872,-3.182813756
106.7,-64.99637919,0.05295508774,0.5959942698,0.3177324047,0,-1.221323103,4.404136872,-3.182813756
106.71,-64.99637919,0.05295508774,0.5959942696,0.3177324047,0,-1.221323102,4.404136871,-3.182813756
106.72,-64.99637919,0.05295508774,0.5959942695,0.3177324047,0,-1.221323102,4.404136871,-3.182813756
106.73,-64.99637919,0.05295508774,0.5959942693,0.3177324047,0,-1.221323102,4.404136871,-3.182813756
106.74,-64.99637919,0.05295508774,0.5959942691,0.3177324047,0,-1.221323101,4.40413687,-3.182813756
106.75,-64.99637919,0.05295508774,0.5959942689,0.3177324047,0,-1.221323101,4.40413687,-3.182813756
106.76,-64.99637919,0.05295508774,0.5959942688,0.3177324047,0,-1.2213231,4.40413687,-3.182813756
106.77,-64.99637919,0.05295508774,0.5959942686,0.3177324047,0,-1.2213231,4.404136869,-3.182813756
106.78,-64.99637919,0.05295508774,0.5959942684,0.3177324047,0,-1.2213231,4.404136869,-3.182813756
106.79,-64.99637919,0.05295508774,0.5959942682,0.3177324047,0,-1.221323099,4.404136869,-3.182813756
106.8,-64.99637919,0.05295508773,0.5959942681,0.3177324047,0,-1.221323099,4.404136868,-3.182813756
106.81,-64.99637919,0.05295508773,0.5959942679,0.3177324047,0,-1.221323098,4.404136868,-3.182813756
106.82,-64.99637919,0.05295508773,0.5959942677,0.3177324047,0,-1.221323098,4.404136868,-3.182813756
106.83,-64.99637919,0.05295508773,0.5959942676,0.3177324047,0,-1.221323098,4.404136867,-3.182813756
106.84,-64.99637919,0.05295508773,0.5959942674,0.3177324047,0,-1.221323097,4.404136867,-3.182813756
106.85,-64.99637919,0.05295508773,0.5959942672,0.3177324047,0,-1.221323097,4.404136867,-3.182813756
106.86,-64.99637919,0.05295508773,0.595994267,0.3177324047,0,-1.221323096,4.404136866,-3.182813756
106.87,-64.99637919,0.05295508773,0.5959942669,0.3177324047,0,-1.221323096,4.404136866,-3.182813756
106.88,-64.99637919,0.05295508773,0.5959942667,0.3177324046,0,-1.221323096,4.404136866,-3.182813756
106.89,-64.99637919,0.05295508773,0.5959942665,0.3177324046,0,-1.221323095,4.404136865,-3.182813756
106.9,-64.99637919,0.05295508773,0.5959942663,0.3177324046,0,-1.221323095,4.404136865,-3.182813756
106.91,-64.99637919,0.05295508773,0.5959942662,0.3177324046,0,-1.221323094,4.404136865,-3.182813756
106.92,-64.99637919,0.05295508772,0.595994266,0.3177324046,0,-1.221323094,4.404136864,-3.182813756
106.93,-64.99637919,0.05295508772,0.5959942658,0.3177324046,0,-1.221323093,4.404136864,-3.182813757
106.94,-64.99637919,0.05295508772,0.5959942657,0.3177324046,0,-1.221323093,4.404136864,-3.182813757
106.95,-64.99637919,0.05295508772,0.5959942655,0.3177324046,0,-1.221323093,4.404136863,-3.182813757
106.96,-64.99637919,0.05295508772,0.5959942653,0.3177324046,0,-1.221323092,4.404136863,-3.182813757
106.97,-64.99637919,0.05295508772,0.5959942651,0.3177324046,0,-1.221323092,4.404136863,-3.182813757
106.98,-64.99637919,0.05295508772,0.595994265,0.3177324046,0,-1.221323091,4.404136862,-3.182813757
106.99,-64.99637919,0.05295508772,0.5959942648,0.3177324046,0,-1.221323091,4.404136862,-3.182813757
107,-64.99637919,0.05295508772,0.5959942646,0.3177324046,0,-1.221323091,4.404136862,-3.182813757
107.01,-64.99637919,0.05295508772,0.5959942645,0.3177324046,0,-1.22132309,4.404136861,-3.182813757
107.02,-64.99637919,0.05295508772,0.5959942643,0.3177324046,0,-1.22132309,4.404136861,-3.182813757
107.03,-64.99637919,0.05295508772,0.5959942641,0.3177324046,0,-1.221323089,4.404136861,-3.182813757
107.04,-64.99637919,0.05295508772,0.5959942639,0.3177324046,0,-1.221323089,4.404136861,-3.182813757
107.05,-64.99637919,0.05295508771,0.5959942638,0.3177324046,0,-1.221323089,4.40413686,-3.182813757
107.06,-64.99637919,0.05295508771,0.5959942636,0.3177324046,0,-1.221323088,4.40413686,-3.182813757
107.07,-64.99637919,0.05295508771,0.5959942634,0.3177324046,0,-1.221323088,4.40413686,-3.182813757
107.08,-64.99637919,0.05295508771,0.5959942633,0.3177324045,0,-1.221323087,4.404136859,-3.182813757
107.09,-64.99637919,0.05295508771,0.5959942631,0.3177324045,0,-1.221323087,4.404136859,-3.182813757
107.1,-64.99637919,0.05295508771,0.5959942629,0.3177324045,0,-1.221323087,4.404136859,-3.182813757
107.11,-64.99637919,0.05295508771,0.5959942628,0.3177324045,0,-1.221323086,4.404136858,-3.182813757
107.12,-64.99637919,0.05295508771,0.5959942626,0.3177324045,0,-1.221323086,4.404136858,-3.182813757
107.13,-64.99637919,0.05295508771,0.5959942624,0.3177324045,0,-1.221323085,4.404136858,-3.182813757
107.14,-64.99637919,0.05295508771,0.5959942623,0.3177324045,0,-1.221323085,4.404136857,-3.182813757
107.15,-64.99637919,0.05295508771,0.5959942621,0.3177324045,0,-1.221323085,4.404136857,-3.182813757
107.16,-64.99637919,0.0529550877,0.5959942619,0.3177324045,0,-1.221323084,4.404136857,-3.182813758
107.17,-64.99637919,0.0529550877,0.5959942618,0.3177324045,0,-1.221323084,4.404136856,-3.182813758
107.18,-64.99637919,0.0529550877,0.5959942616,0.3177324045,0,-1.221323083,4.404136856,-3.182813758
107.19,-64.99637919,0.0529550877,0.5959942614,0.3177324045,0,-1.221323083,4.404136856,-3.182813758
107.2,-64.99637919,0.0529550877,0.5959942613,0.3177324045,0,-1.221323083,4.404136855,-3.182813758
107.21,-64.99637919,0.0529550877,0.5959942611,0.3177324045,0,-1.221323082,4.404136855,-3.182813758
107.22,-64.99637919,0.0529550877,0.5959942609,0.3177324045,0,-1.221323082,4.404136855,-3.182813758
107.23,-64.99637919,0.0529550877,0.5959942608,0.3177324045,0,-1.221323081,4.404136854,-3.182813758
107.24,-64.99637919,0.0529550877,0.5959942606,0.3177324045,0,-1.221323081,4.404136854,-3.182813758
107.25,-64.99637919,0.0529550877,0.5959942604,0.3177324045,0,-1.221323081,4.404136854,-3.182813758
107.26,-64.99637919,0.0529550877,0.5959942603,0.3177324045,0,-1.22132308,4.404136853,-3.182813758
107.27,-64.99637919,0.05295508769,0.5959942601,0.3177324045,0,-1.22132308,4.404136853,-3.182813758
107.28,-64.99637919,0.05295508769,0.5959942599,0.3177324045,0,-1.221323079,4.404136853,-3.182813758
107.29,-64.99637919,0.05295508769,0.5959942598,0.3177324044,0,-1.221323079,4.404136853,-3.182813758
107.3,-64.99637919,0.05295508769,0.5959942596,0.3177324044,0,-1.221323079,4.404136852,-3.182813758
107.31,-64.99637919,0.05295508769,0.5959942595,0.3177324044,0,-1.221323078,4.404136852,-3.182813758
107.32,-64.99637919,0.05295508769,0.5959942593,0.3177324044,0,-1.221323078,4.404136852,-3.182813758
107.33,-64.99637919,0.05295508769,0.5959942591,0.3177324044,0,-1.221323077,4.404136851,-3.182813758
107.34,-64.99637919,0.05295508769,0.595994259,0.3177324044,0,-1.221323077,4.404136851,-3.182813758
107.35,-64.99637919,0.05295508769,0.5959942588,0.3177324044,0,-1.221323077,4.404136851,-3.182813758
107.36,-64.99637919,0.05295508769,0.5959942586,0.3177324044,0,-1.221323076,4.40413685,-3.182813758
107.37,-64.99637919,0.05295508769,0.5959942585,0.3177324044,0,-1.221323076,4.40413685,-3.182813758
107.38,-64.9963792,0.05295508768,0.5959942583,0.3177324044,0,-1.221323075,4.40413685,-3.182813759
107.39,-64.9963792,0.05295508768,0.5959942581,0.3177324044,0,-1.221323075,4.404136849,-3.182813759
107.4,-64.9963792,0.05295508768,0.595994258,0.3177324044,0,-1.221323075,4.404136849,-3.182813759
107.41,-64.9963792,0.05295508768,0.5959942578,0.3177324044,0,-1.221323074,4.404136849,-3.182813759
107.42,-64.9963792,0.05295508768,0.5959942577,0.3177324044,0,-1.221323074,4.404136848,-3.182813759
107.43,-64.9963792,0.05295508768,0.5959942575,0.3177324044,0,-1.221323073,4.404136848,-3.182813759
107.44,-64.9963792,0.05295508768,0.5959942573,0.3177324044,0,-1.221323073,4.404136848,-3.182813759
107.45,-64.9963792,0.05295508768,0.5959942572,0.3177324044,0,-1.221323073,4.404136847,-3.182813759
107.46,-64.9963792,0.05295508768,0.595994257,0.3177324044,0,-1.221323072,4.404136847,-3.182813759
107.47,-64.9963792,0.05295508768,0.5959942569,0.3177324044,0,-1.221323072,4.404136847,-3.182813759
107.48,-64.9963792,0.05295508768,0.5959942567,0.3177324044,0,-1.221323071,4.404136846,-3.182813759
107.49,-64.9963792,0.05295508767,0.5959942565,0.3177324044,0,-1.221323071,4.404136846,-3.182813759
107.5,-64.9963792,0.05295508767,0.5959942564,0.3177324043,0,-1.221323071,4.404136846,-3.182813759
107.51,-64.9963792,0.05295508767,0.5959942562,0.3177324043,0,-1.22132307,4.404136846,-3.182813759
107.52,-64.9963792,0.05295508767,0.5959942561,0.3177324043,0,-1.22132307,4.404136845,-3.182813759
107.53,-64.9963792,0.05295508767,0.5959942559,0.3177324043,0,-1.22132307,4.404136845,-3.182813759
107.54,-64.9963792,0.05295508767,0.5959942557,0.3177324043,0,-1.221323069,4.404136845,-3.182813759
107.55,-64.9963792,0.05295508767,0.5959942556,0.3177324043,0,-1.221323069,4.404136844,-3.182813759
107.56,-64.9963792,0.05295508767,0.5959942554,0.3177324043,0,-1.221323068,4.404136844,-3.182813759
107.57,-64.9963792,0.05295508767,0.5959942553,0.3177324043,0,-1.221323068,4.404136844,-3.182813759
107.58,-64.9963792,0.05295508767,0.5959942551,0.3177324043,0,-1.221323068,4.404136843,-3.182813759
107.59,-64.9963792,0.05295508766,0.5959942549,0.3177324043,0,-1.221323067,4.404136843,-3.18281376
107.6,-64.9963792,0.05295508766,0.5959942548,0.3177324043,0,-1.221323067,4.404136843,-3.18281376
107.61,-64.9963792,0.05295508766,0.5959942546,0.3177324043,0,-1.221323066,4.404136842,-3.18281376
107.62,-64.9963792,0.05295508766,0.5959942545,0.3177324043,0,-1.221323066,4.404136842,-3.18281376
107.63,-64.9963792,0.05295508766,0.5959942543,0.3177324043,0,-1.221323066,4.404136842,-3.18281376
107.64,-64.9963792,0.05295508766,0.5959942542,0.3177324043,0,-1.221323065,4.404136841,-3.18281376
107.65,-64.9963792,0.05295508766,0.595994254,0.3177324043,0,-1.221323065,4.404136841,-3.18281376
107.66,-64.9963792,0.05295508766,0.5959942538,0.3177324043,0,-1.221323064,4.404136841,-3.18281376
107.67,-64.9963792,0.05295508766,0.5959942537,0.3177324043,0,-1.221323064,4.40413684,-3.18281376
107.68,-64.9963792,0.05295508766,0.5959942535,0.3177324043,0,-1.221323064,4.40413684,-3.18281376
107.69,-64.9963792,0.05295508766,0.5959942534,0.3177324043,0,-1.221323063,4.40413684,-3.18281376
107.7,-64.9963792,0.05295508765,0.5959942532,0.3177324043,0,-1.221323063,4.40413684,-3.18281376
107.71,-64.9963792,0.05295508765,0.5959942531,0.3177324043,0,-1.221323063,4.404136839,-3.18281376
107.72,-64.9963792,0.05295508765,0.5959942529,0.3177324042,0,-1.221323062,4.404136839,-3.18281376
107.73,-64.9963792,0.05295508765,0.5959942527,0.3177324042,0,-1.221323062,4.404136839,-3.18281376
107.74,-64.9963792,0.05295508765,0.5959942526,0.3177324042,0,-1.221323061,4.404136838,-3.18281376
107.75,-64.9963792,0.05295508765,0.5959942524,0.3177324042,0,-1.221323061,4.404136838,-3.18281376
107.76,-64.9963792,0.05295508765,0.5959942523,0.3177324042,0,-1.221323061,4.404136838,-3.18281376
107.77,-64.9963792,0.05295508765,0.5959942521,0.3177324042,0,-1.22132306,4.404136837,-3.18281376
107.78,-64.9963792,0.05295508765,0.595994252,0.3177324042,0,-1.22132306,4.404136837,-3.18281376
107.79,-64.9963792,0.05295508765,0.5959942518,0.3177324042,0,-1.221323059,4.404136837,-3.182813761
107.8,-64.9963792,0.05295508764,0.5959942517,0.3177324042,0,-1.221323059,4.404136836,-3.182813761
107.81,-64.9963792,0.05295508764,0.5959942515,0.3177324042,0,-1.221323059,4.404136836,-3.182813761
107.82,-64.9963792,0.05295508764,0.5959942514,0.3177324042,0,-1.221323058,4.404136836,-3.182813761
107.83,-64.9963792,0.05295508764,0.5959942512,0.3177324042,0,-1.221323058,4.404136835,-3.182813761
107.84,-64.9963792,0.05295508764,0.595994251,0.3177324042,0,-1.221323058,4.404136835,-3.182813761
107.85,-64.9963792,0.05295508764,0.5959942509,0.3177324042,0,-1.221323057,4.404136835,-3.182813761
107.86,-64.9963792,0.05295508764,0.5959942507,0.3177324042,0,-1.221323057,4.404136835,-3.182813761
107.87,-64.9963792,0.05295508764,0.5959942506,0.3177324042,0,-1.221323056,4.404136834,-3.182813761
107.88,-64.9963792,0.05295508764,0.5959942504,0.3177324042,0,-1.221323056,4.404136834,-3.182813761
107.89,-64.9963792,0.05295508763,0.5959942503,0.3177324042,0,-1.221323056,4.404136834,-3.182813761
107.9,-64.9963792,0.05295508763,0.5959942501,0.3177324042,0,-1.221323055,4.404136833,-3.182813761
107.91,-64.9963792,0.05295508763,0.59599425,0.3177324042,0,-1.221323055,4.404136833,-3.182813761
107.92,-64.9963792,0.05295508763,0.5959942498,0.3177324042,0,-1.221323054,4.404136833,-3.182813761
107.93,-64.9963792,0.05295508763,0.5959942497,0.3177324042,0,-1.221323054,4.404136832,-3.182813761
107.94,-64.9963792,0.05295508763,0.5959942495,0.3177324041,0,-1.221323054,4.404136832,-3.182813761
107.95,-64.9963792,0.05295508763,0.5959942494,0.3177324041,0,-1.221323053,4.404136832,-3.182813761
107.96,-64.9963792,0.05295508763,0.5959942492,0.3177324041,0,-1.221323053,4.404136831,-3.182813761
107.97,-64.9963792,0.05295508763,0.5959942491,0.3177324041,0,-1.221323053,4.404136831,-3.182813761
107.98,-64.9963792,0.05295508763,0.5959942489,0.3177324041,0,-1.221323052,4.404136831,-3.182813761
107.99,-64.99637921,0.05295508762,0.5959942488,0.3177324041,0,-1.221323052,4.404136831,-3.182813762
108,-64.99637921,0.05295508762,0.5959942486,0.3177324041,0,-1.221323051,4.40413683,-3.182813762
108.01,-64.99637921,0.05295508762,0.5959942485,0.3177324041,0,-1.221323051,4.40413683,-3.182813762
108.02,-64.99637921,0.05295508762,0.5959942483,0.3177324041,0,-1.221323051,4.40413683,-3.182813762
108.03,-64.99637921,0.05295508762,0.5959942482,0.3177324041,0,-1.22132305,4.404136829,-3.182813762
108.04,-64.99637921,0.05295508762,0.595994248,0.3177324041,0,-1.22132305,4.404136829,-3.182813762
108.05,-64.99637921,0.05295508762,0.5959942479,0.3177324041,0,-1.22132305,4.404136829,-3.182813762
108.06,-64.99637921,0.05295508762,0.5959942477,0.3177324041,0,-1.221323049,4.404136828,-3.182813762
108.07,-64.99637921,0.05295508762,0.5959942476,0.3177324041,0,-1.221323049,4.404136828,-3.182813762
108.08,-64.99637921,0.05295508762,0.5959942474,0.3177324041,0,-1.221323048,4.404136828,-3.182813762
108.09,-64.99637921,0.05295508761,0.5959942473,0.3177324041,0,-1.221323048,4.404136827,-3.182813762
108.1,-64.99637921,0.05295508761,0.5959942471,0.3177324041,0,-1.221323048,4.404136827,-3.182813762
108.11,-64.99637921,0.05295508761,0.595994247,0.3177324041,0,-1.221323047,4.404136827,-3.182813762
108.12,-64.99637921,0.05295508761,0.5959942468,0.3177324041,0,-1.221323047,4.404136826,-3.182813762
108.13,-64.99637921,0.05295508761,0.5959942467,0.3177324041,0,-1.221323047,4.404136826,-3.182813762
108.14,-64.99637921,0.05295508761,0.5959942465,0.3177324041,0,-1.221323046,4.404136826,-3.182813762
108.15,-64.99637921,0.05295508761,0.5959942464,0.3177324041,0,-1.221323046,4.404136826,-3.182813762
108.16,-64.99637921,0.05295508761,0.5959942462,0.3177324041,0,-1.221323045,4.404136825,-3.182813762
108.17,-64.99637921,0.05295508761,0.5959942461,0.317732404,0,-1.221323045,4.404136825,-3.182813762
108.18,-64.99637921,0.0529550876,0.5959942459,0.317732404,0,-1.221323045,4.404136825,-3.182813763
108.19,-64.99637921,0.0529550876,0.5959942458,0.317732404,0,-1.221323044,4.404136824,-3.182813763
108.2,-64.99637921,0.0529550876,0.5959942456,0.317732404,0,-1.221323044,4.404136824,-3.182813763
108.21,-64.99637921,0.0529550876,0.5959942455,0.317732404,0,-1.221323044,4.404136824,-3.182813763
108.22,-64.99637921,0.0529550876,0.5959942453,0.317732404,0,-1.221323043,4.404136823,-3.182813763
108.23,-64.99637921,0.0529550876,0.5959942452,0.317732404,0,-1.221323043,4.404136823,-3.182813763
108.24,-64.99637921,0.0529550876,0.595994245,0.317732404,0,-1.221323042,4.404136823,-3.182813763
108.25,-64.99637921,0.0529550876,0.5959942449,0.317732404,0,-1.221323042,4.404136822,-3.182813763
108.26,-64.99637921,0.0529550876,0.5959942448,0.317732404,0,-1.221323042,4.404136822,-3.182813763
108.27,-64.99637921,0.0529550876,0.5959942446,0.317732404,0,-1.221323041,4.404136822,-3.182813763
108.28,-64.99637921,0.05295508759,0.5959942445,0.317732404,0,-1.221323041,4.404136822,-3.182813763
108.29,-64.99637921,0.05295508759,0.5959942443,0.317732404,0,-1.221323041,4.404136821,-3.182813763
108.3,-64.99637921,0.05295508759,0.5959942442,0.317732404,0,-1.22132304,4.404136821,-3.182813763
108.31,-64.99637921,0.05295508759,0.595994244,0.317732404,0,-1.22132304,4.404136821,-3.182813763
108.32,-64.99637921,0.05295508759,0.5959942439,0.317732404,0,-1.221323039,4.40413682,-3.182813763
108.33,-64.99637921,0.05295508759,0.5959942437,0.317732404,0,-1.221323039,4.40413682,-3.182813763
108.34,-64.99637921,0.05295508759,0.5959942436,0.317732404,0,-1.221323039,4.40413682,-3.182813763
108.35,-64.99637921,0.05295508759,0.5959942434,0.317732404,0,-1.221323038,4.404136819,-3.182813763
108.36,-64.99637921,0.05295508759,0.5959942433,0.317732404,0,-1.221323038,4.404136819,-3.182813763
108.37,-64.99637921,0.05295508758,0.5959942432,0.317732404,0,-1.221323038,4.404136819,-3.182813764
108.38,-64.99637921,0.05295508758,0.595994243,0.317732404,0,-1.221323037,4.404136819,-3.182813764
108.39,-64.99637921,0.05295508758,0.5959942429,0.317732404,0,-1.221323037,4.404136818,-3.182813764
108.4,-64.99637921,0.05295508758,0.5959942427,0.3177324039,0,-1.221323036,4.404136818,-3.182813764
108.41,-64.99637921,0.05295508758,0.5959942426,0.3177324039,0,-1.221323036,4.404136818,-3.182813764
108.42,-64.99637921,0.05295508758,0.5959942424,0.3177324039,0,-1.221323036,4.404136817,-3.182813764
108.43,-64.99637921,0.05295508758,0.5959942423,0.3177324039,0,-1.221323035,4.404136817,-3.182813764
108.44,-64.99637921,0.05295508758,0.5959942422,0.3177324039,0,-1.221323035,4.404136817,-3.182813764
108.45,-64.99637921,0.05295508758,0.595994242,0.3177324039,0,-1.221323035,4.404136816,-3.182813764
108.46,-64.99637921,0.05295508757,0.5959942419,0.3177324039,0,-1.221323034,4.404136816,-3.182813764
108.47,-64.99637921,0.05295508757,0.5959942417,0.3177324039,0,-1.221323034,4.404136816,-3.182813764
108.48,-64.99637921,0.05295508757,0.5959942416,0.3177324039,0,-1.221323034,4.404136815,-3.182813764
108.49,-64.99637921,0.05295508757,0.5959942414,0.3177324039,0,-1.221323033,4.404136815,-3.182813764
108.5,-64.99637921,0.05295508757,0.5959942413,0.3177324039,0,-1.221323033,4.404136815,-3.182813764
108.51,-64.99637921,0.05295508757,0.5959942412,0.3177324039,0,-1.221323032,4.404136815,-3.182813764
108.52,-64.99637921,0.05295508757,0.595994241,0.3177324039,0,-1.221323032,4.404136814,-3.182813764
108.53,-64.99637921,0.05295508757,0.5959942409,0.3177324039,0,-1.221323032,4.404136814,-3.182813764
108.54,-64.99637921,0.05295508757,0.5959942407,0.3177324039,0,-1.221323031,4.404136814,-3.182813764
108.55,-64.99637921,0.05295508756,0.5959942406,0.3177324039,0,-1.221323031,4.404136813,-3.182813764
108.56,-64.99637922,0.05295508756,0.5959942405,0.3177324039,0,-1.221323031,4.404136813,-3.182813765
108.57,-64.99637922,0.05295508756,0.5959942403,0.3177324039,0,-1.22132303,4.404136813,-3.182813765
108.58,-64.99637922,0.05295508756,0.5959942402,0.3177324039,0,-1.22132303,4.404136812,-3.182813765
108.59,-64.99637922,0.05295508756,0.59599424,0.3177324039,0,-1.22132303,4.404136812,-3.182813765
108.6,-64.99637922,0.05295508756,0.5959942399,0.3177324039,0,-1.221323029,4.404136812,-3.182813765
108.61,-64.99637922,0.05295508756,0.5959942398,0.3177324039,0,-1.221323029,4.404136812,-3.182813765
108.62,-64.99637922,0.05295508756,0.5959942396,0.3177324039,0,-1.221323028,4.404136811,-3.182813765
108.63,-64.99637922,0.05295508756,0.5959942395,0.3177324038,0,-1.221323028,4.404136811,-3.182813765
108.64,-64.99637922,0.05295508755,0.5959942393,0.3177324038,0,-1.221323028,4.404136811,-3.182813765
108.65,-64.99637922,0.05295508755,0.5959942392,0.3177324038,0,-1.221323027,4.40413681,-3.182813765
108.66,-64.99637922,0.05295508755,0.5959942391,0.3177324038,0,-1.221323027,4.40413681,-3.182813765
108.67,-64.99637922,0.05295508755,0.5959942389,0.3177324038,0,-1.221323027,4.40413681,-3.182813765
108.68,-64.99637922,0.05295508755,0.5959942388,0.3177324038,0,-1.221323026,4.404136809,-3.182813765
108.69,-64.99637922,0.05295508755,0.5959942386,0.3177324038,0,-1.221323026,4.404136809,-3.182813765
108.7,-64.99637922,0.05295508755,0.5959942385,0.3177324038,0,-1.221323026,4.404136809,-3.182813765
108.71,-64.99637922,0.05295508755,0.5959942384,0.3177324038,0,-1.221323025,4.404136809,-3.182813765
108.72,-64.99637922,0.05295508755,0.5959942382,0.3177324038,0,-1.221323025,4.404136808,-3.182813765
108.73,-64.99637922,0.05295508754,0.5959942381,0.3177324038,0,-1.221323025,4.404136808,-3.182813765
108.74,-64.99637922,0.05295508754,0.595994238,0.3177324038,0,-1.221323024,4.404136808,-3.182813766
108.75,-64.99637922,0.05295508754,0.5959942378,0.3177324038,0,-1.221323024,4.404136807,-3.182813766
108.76,-64.99637922,0.05295508754,0.5959942377,0.3177324038,0,-1.221323023,4.404136807,-3.182813766
108.77,-64.99637922,0.05295508754,0.5959942375,0.3177324038,0,-1.221323023,4.404136807,-3.182813766
108.78,-64.99637922,0.05295508754,0.5959942374,0.3177324038,0,-1.221323023,4.404136806,-3.182813766
108.79,-64.99637922,0.05295508754,0.5959942373,0.3177324038,0,-1.221323022,4.404136806,-3.182813766
108.8,-64.99637922,0.05295508754,0.5959942371,0.3177324038,0,-1.221323022,4.404136806,-3.182813766
108.81,-64.99637922,0.05295508754,0.595994237,0.3177324038,0,-1.221323022,4.404136806,-3.182813766
108.82,-64.99637922,0.05295508753,0.5959942369,0.3177324038,0,-1.221323021,4.404136805,-3.182813766
108.83,-64.99637922,0.05295508753,0.5959942367,0.3177324038,0,-1.221323021,4.404136805,-3.182813766
108.84,-64.99637922,0.05295508753,0.5959942366,0.3177324038,0,-1.221323021,4.404136805,-3.182813766
108.85,-64.99637922,0.05295508753,0.5959942365,0.3177324038,0,-1.22132302,4.404136804,-3.182813766
108.86,-64.99637922,0.05295508753,0.5959942363,0.3177324038,0,-1.22132302,4.404136804,-3.182813766
108.87,-64.99637922,0.05295508753,0.5959942362,0.3177324037,0,-1.22132302,4.404136804,-3.182813766
108.88,-64.99637922,0.05295508753,0.595994236,0.3177324037,0,-1.221323019,4.404136803,-3.182813766
108.89,-64.99637922,0.05295508753,0.5959942359,0.3177324037,0,-1.221323019,4.404136803,-3.182813766
108.9,-64.99637922,0.05295508753,0.5959942358,0.3177324037,0,-1.221323019,4.404136803,-3.182813766
108.91,-64.99637922,0.05295508752,0.5959942356,0.3177324037,0,-1.221323018,4.404136803,-3.182813766
108.92,-64.99637922,0.05295508752,0.5959942355,0.3177324037,0,-1.221323018,4.404136802,-3.182813766
108.93,-64.99637922,0.05295508752,0.5959942354,0.3177324037,0,-1.221323017,4.404136802,-3.182813767
108.94,-64.99637922,0.05295508752,0.5959942352,0.3177324037,0,-1.221323017,4.404136802,-3.182813767
108.95,-64.99637922,0.05295508752,0.5959942351,0.3177324037,0,-1.221323017,4.404136801,-3.182813767
108.96,-64.99637922,0.05295508752,0.595994235,0.3177324037,0,-1.221323016,4.404136801,-3.182813767
108.97,-64.99637922,0.05295508752,0.5959942348,0.3177324037,0,-1.221323016,4.404136801,-3.182813767
108.98,-64.99637922,0.05295508752,0.5959942347,0.3177324037,0,-1.221323016,4.4041368,-3.182813767
108.99,-64.99637922,0.05295508752,0.5959942346,0.3177324037,0,-1.221323015,4.4041368,-3.182813767
109,-64.99637922,0.05295508751,0.5959942344,0.3177324037,0,-1.221323015,4.4041368,-3.182813767
109.01,-64.99637922,0.05295508751,0.5959942343,0.3177324037,0,-1.221323015,4.4041368,-3.182813767
109.02,-64.99637922,0.05295508751,0.5959942342,0.3177324037,0,-1.221323014,4.404136799,-3.182813767
109.03,-64.99637922,0.05295508751,0.595994234,0.3177324037,0,-1.221323014,4.404136799,-3.182813767
109.04,-64.99637922,0.05295508751,0.5959942339,0.3177324037,0,-1.221323014,4.404136799,-3.182813767
109.05,-64.99637922,0.05295508751,0.5959942338,0.3177324037,0,-1.221323013,4.404136798,-3.182813767
109.06,-64.99637922,0.05295508751,0.5959942336,0.3177324037,0,-1.221323013,4.404136798,-3.182813767
109.07,-64.99637922,0.05295508751,0.5959942335,0.3177324037,0,-1.221323013,4.404136798,-3.182813767
109.08,-64.99637922,0.05295508751,0.5959942334,0.3177324037,0,-1.221323012,4.404136797,-3.182813767
109.09,-64.99637922,0.0529550875,0.5959942332,0.3177324037,0,-1.221323012,4.404136797,-3.182813767
109.1,-64.99637922,0.0529550875,0.5959942331,0.3177324037,0,-1.221323012,4.404136797,-3.182813767
109.11,-64.99637922,0.0529550875,0.595994233,0.3177324036,0,-1.221323011,4.404136797,-3.182813767
109.12,-64.99637923,0.0529550875,0.5959942328,0.3177324036,0,-1.221323011,4.404136796,-3.182813768
109.13,-64.99637923,0.0529550875,0.5959942327,0.3177324036,0,-1.221323011,4.404136796,-3.182813768
109.14,-64.99637923,0.0529550875,0.5959942326,0.3177324036,0,-1.22132301,4.404136796,-3.182813768
109.15,-64.99637923,0.0529550875,0.5959942325,0.3177324036,0,-1.22132301,4.404136795,-3.182813768
109.16,-64.99637923,0.0529550875,0.5959942323,0.3177324036,0,-1.221323009,4.404136795,-3.182813768
109.17,-64.99637923,0.0529550875,0.5959942322,0.3177324036,0,-1.221323009,4.404136795,-3.182813768
109.18,-64.99637923,0.05295508749,0.5959942321,0.3177324036,0,-1.221323009,4.404136795,-3.182813768
109.19,-64.99637923,0.05295508749,0.5959942319,0.3177324036,0,-1.221323008,4.404136794,-3.182813768
109.2,-64.99637923,0.05295508749,0.5959942318,0.3177324036,0,-1.221323008,4.404136794,-3.182813768
109.21,-64.99637923,0.05295508749,0.5959942317,0.3177324036,0,-1.221323008,4.404136794,-3.182813768
109.22,-64.99637923,0.05295508749,0.5959942315,0.3177324036,0,-1.221323007,4.404136793,-3.182813768
109.23,-64.99637923,0.05295508749,0.5959942314,0.3177324036,0,-1.221323007,4.404136793,-3.182813768
109.24,-64.99637923,0.05295508749,0.5959942313,0.3177324036,0,-1.221323007,4.404136793,-3.182813768
109.25,-64.99637923,0.05295508749,0.5959942312,0.3177324036,0,-1.221323006,4.404136792,-3.182813768
109.26,-64.99637923,0.05295508749,0.595994231,0.3177324036,0,-1.221323006,4.404136792,-3.182813768
109.27,-64.99637923,0.05295508748,0.5959942309,0.3177324036,0,-1.221323006,4.404136792,-3.182813768
109.28,-64.99637923,0.05295508748,0.5959942308,0.3177324036,0,-1.221323005,4.404136792,-3.182813768
109.29,-64.99637923,0.05295508748,0.5959942306,0.3177324036,0,-1.221323005,4.404136791,-3.182813768
109.3,-64.99637923,0.05295508748,0.5959942305,0.3177324036,0,-1.221323005,4.404136791,-3.182813769
109.31,-64.99637923,0.05295508748,0.5959942304,0.3177324036,0,-1.221323004,4.404136791,-3.182813769
109.32,-64.99637923,0.05295508748,0.5959942303,0.3177324036,0,-1.221323004,4.40413679,-3.182813769
109.33,-64.99637923,0.05295508748,0.5959942301,0.3177324036,0,-1.221323004,4.40413679,-3.182813769
109.34,-64.99637923,0.05295508748,0.59599423,0.3177324036,0,-1.221323003,4.40413679,-3.182813769
109.35,-64.99637923,0.05295508748,0.5959942299,0.3177324035,0,-1.221323003,4.40413679,-3.182813769
109.36,-64.99637923,0.05295508747,0.5959942297,0.3177324035,0,-1.221323003,4.404136789,-3.182813769
109.37,-64.99637923,0.05295508747,0.5959942296,0.3177324035,0,-1.221323002,4.404136789,-3.182813769
109.38,-64.99637923,0.05295508747,0.5959942295,0.3177324035,0,-1.221323002,4.404136789,-3.182813769
109.39,-64.99637923,0.05295508747,0.5959942294,0.3177324035,0,-1.221323002,4.404136788,-3.182813769
109.4,-64.99637923,0.05295508747,0.5959942292,0.3177324035,0,-1.221323001,4.404136788,-3.182813769
109.41,-64.99637923,0.05295508747,0.5959942291,0.3177324035,0,-1.221323001,4.404136788,-3.182813769
109.42,-64.99637923,0.05295508747,0.595994229,0.3177324035,0,-1.221323001,4.404136788,-3.182813769
109.43,-64.99637923,0.05295508747,0.5959942289,0.3177324035,0,-1.221323,4.404136787,-3.182813769
109.44,-64.99637923,0.05295508747,0.5959942287,0.3177324035,0,-1.221323,4.404136787,-3.182813769
109.45,-64.99637923,0.05295508746,0.5959942286,0.3177324035,0,-1.221323,4.404136787,-3.182813769
109.46,-64.99637923,0.05295508746,0.5959942285,0.3177324035,0,-1.221322999,4.404136786,-3.182813769
109.47,-64.99637923,0.05295508746,0.5959942283,0.3177324035,0,-1.221322999,4.404136786,-3.182813769
109.48,-64.99637923,0.05295508746,0.5959942282,0.3177324035,0,-1.221322999,4.404136786,-3.182813769
109.49,-64.99637923,0.05295508746,0.5959942281,0.3177324035,0,-1.221322998,4.404136785,-3.18281377
109.5,-64.99637923,0.05295508746,0.595994228,0.3177324035,0,-1.221322998,4.404136785,-3.18281377
109.51,-64.99637923,0.05295508746,0.5959942278,0.3177324035,0,-1.221322998,4.404136785,-3.18281377
109.52,-64.99637923,0.05295508746,0.5959942277,0.3177324035,0,-1.221322997,4.404136785,-3.18281377
109.53,-64.99637923,0.05295508746,0.5959942276,0.3177324035,0,-1.221322997,4.404136784,-3.18281377
109.54,-64.99637923,0.05295508745,0.5959942275,0.3177324035,0,-1.221322997,4.404136784,-3.18281377
109.55,-64.99637923,0.05295508745,0.5959942273,0.3177324035,0,-1.221322996,4.404136784,-3.18281377
109.56,-64.99637923,0.05295508745,0.5959942272,0.3177324035,0,-1.221322996,4.404136783,-3.18281377
109.57,-64.99637923,0.05295508745,0.5959942271,0.3177324035,0,-1.221322996,4.404136783,-3.18281377
109.58,-64.99637923,0.05295508745,0.595994227,0.3177324035,0,-1.221322995,4.404136783,-3.18281377
109.59,-64.99637923,0.05295508745,0.5959942268,0.3177324035,0,-1.221322995,4.404136783,-3.18281377
109.6,-64.99637923,0.05295508745,0.5959942267,0.3177324034,0,-1.221322995,4.404136782,-3.18281377
109.61,-64.99637923,0.05295508745,0.5959942266,0.3177324034,0,-1.221322994,4.404136782,-3.18281377
109.62,-64.99637923,0.05295508745,0.5959942265,0.3177324034,0,-1.221322994,4.404136782,-3.18281377
109.63,-64.99637923,0.05295508744,0.5959942264,0.3177324034,0,-1.221322994,4.404136781,-3.18281377
109.64,-64.99637923,0.05295508744,0.5959942262,0.3177324034,0,-1.221322993,4.404136781,-3.18281377
109.65,-64.99637923,0.05295508744,0.5959942261,0.3177324034,0,-1.221322993,4.404136781,-3.18281377
109.66,-64.99637923,0.05295508744,0.595994226,0.3177324034,0,-1.221322993,4.404136781,-3.18281377
109.67,-64.99637923,0.05295508744,0.5959942259,0.3177324034,0,-1.221322992,4.40413678,-3.18281377
109.68,-64.99637924,0.05295508744,0.5959942257,0.3177324034,0,-1.221322992,4.40413678,-3.182813771
109.69,-64.99637924,0.05295508744,0.5959942256,0.3177324034,0,-1.221322992,4.40413678,-3.182813771
109.7,-64.99637924,0.05295508744,0.5959942255,0.3177324034,0,-1.221322991,4.404136779,-3.182813771
109.71,-64.99637924,0.05295508744,0.5959942254,0.3177324034,0,-1.221322991,4.404136779,-3.182813771
109.72,-64.99637924,0.05295508743,0.5959942253,0.3177324034,0,-1.221322991,4.404136779,-3.182813771
109.73,-64.99637924,0.05295508743,0.5959942251,0.3177324034,0,-1.22132299,4.404136779,-3.182813771
109.74,-64.99637924,0.05295508743,0.595994225,0.3177324034,0,-1.22132299,4.404136778,-3.182813771
109.75,-64.99637924,0.05295508743,0.5959942249,0.3177324034,0,-1.22132299,4.404136778,-3.182813771
109.76,-64.99637924,0.05295508743,0.5959942248,0.3177324034,0,-1.22132299,4.404136778,-3.182813771
109.77,-64.99637924,0.05295508743,0.5959942246,0.3177324034,0,-1.221322989,4.404136777,-3.182813771
109.78,-64.99637924,0.05295508743,0.5959942245,0.3177324034,0,-1.221322989,4.404136777,-3.182813771
109.79,-64.99637924,0.05295508743,0.5959942244,0.3177324034,0,-1.221322989,4.404136777,-3.182813771
109.8,-64.99637924,0.05295508743,0.5959942243,0.3177324034,0,-1.221322988,4.404136777,-3.182813771
109.81,-64.99637924,0.05295508743,0.5959942242,0.3177324034,0,-1.221322988,4.404136776,-3.182813771
109.82,-64.99637924,0.05295508742,0.595994224,0.3177324034,0,-1.221322988,4.404136776,-3.182813771
109.83,-64.99637924,0.05295508742,0.5959942239,0.3177324034,0,-1.221322987,4.404136776,-3.182813771
109.84,-64.99637924,0.05295508742,0.5959942238,0.3177324034,0,-1.221322987,4.404136775,-3.182813771
109.85,-64.99637924,0.05295508742,0.5959942237,0.3177324033,0,-1.221322987,4.404136775,-3.182813771
109.86,-64.99637924,0.05295508742,0.5959942236,0.3177324033,0,-1.221322986,4.404136775,-3.182813771
109.87,-64.99637924,0.05295508742,0.5959942234,0.3177324033,0,-1.221322986,4.404136775,-3.182813772
109.88,-64.99637924,0.05295508742,0.5959942233,0.3177324033,0,-1.221322986,4.404136774,-3.182813772
109.89,-64.99637924,0.05295508742,0.5959942232,0.3177324033,0,-1.221322985,4.404136774,-3.182813772
109.9,-64.99637924,0.05295508742,0.5959942231,0.3177324033,0,-1.221322985,4.404136774,-3.182813772
109.91,-64.99637924,0.05295508741,0.595994223,0.3177324033,0,-1.221322985,4.404136774,-3.182813772
109.92,-64.99637924,0.05295508741,0.5959942228,0.3177324033,0,-1.221322984,4.404136773,-3.182813772
109.93,-64.99637924,0.05295508741,0.5959942227,0.3177324033,0,-1.221322984,4.404136773,-3.182813772
109.94,-64.99637924,0.05295508741,0.5959942226,0.3177324033,0,-1.221322984,4.404136773,-3.182813772
109.95,-64.99637924,0.05295508741,0.5959942225,0.3177324033,0,-1.221322983,4.404136772,-3.182813772
109.96,-64.99637924,0.05295508741,0.5959942224,0.3177324033,0,-1.221322983,4.404136772,-3.182813772
109.97,-64.99637924,0.05295508741,0.5959942222,0.3177324033,0,-1.221322983,4.404136772,-3.182813772
109.98,-64.99637924,0.05295508741,0.5959942221,0.3177324033,0,-1.221322983,4.404136772,-3.182813772
109.99,-64.99637924,0.05295508741,0.595994222,0.3177324033,0,-1.221322982,4.404136771,-3.182813772
110,-64.99637924,0.0529550874,0.5959942219,0.3177324033,0,-1.221322982,4.404136771,-3.182813772
110.01,-64.99637924,0.0529550874,0.5959942218,0.3177324033,0,-1.221322982,4.404136771,-3.182813772
110.02,-64.99637924,0.0529550874,0.5959942217,0.3177324033,0,-1.221322981,4.40413677,-3.182813772
110.03,-64.99637924,0.0529550874,0.5959942215,0.3177324033,0,-1.221322981,4.40413677,-3.182813772
110.04,-64.99637924,0.0529550874,0.5959942214,0.3177324033,0,-1.221322981,4.40413677,-3.182813772
110.05,-64.99637924,0.0529550874,0.5959942213,0.3177324033,0,-1.22132298,4.40413677,-3.182813772
110.06,-64.99637924,0.0529550874,0.5959942212,0.3177324033,0,-1.22132298,4.404136769,-3.182813772
110.07,-64.99637924,0.0529550874,0.5959942211,0.3177324033,0,-1.22132298,4.404136769,-3.182813773
110.08,-64.99637924,0.0529550874,0.595994221,0.3177324033,0,-1.221322979,4.404136769,-3.182813773
110.09,-64.99637924,0.05295508739,0.5959942208,0.3177324033,0,-1.221322979,4.404136768,-3.182813773
110.1,-64.99637924,0.05295508739,0.5959942207,0.3177324032,0,-1.221322979,4.404136768,-3.182813773
110.11,-64.99637924,0.05295508739,0.5959942206,0.3177324032,0,-1.221322978,4.404136768,-3.182813773
110.12,-64.99637924,0.05295508739,0.5959942205,0.3177324032,0,-1.221322978,4.404136768,-3.182813773
110.13,-64.99637924,0.05295508739,0.5959942204,0.3177324032,0,-1.221322978,4.404136767,-3.182813773
110.14,-64.99637924,0.05295508739,0.5959942203,0.3177324032,0,-1.221322978,4.404136767,-3.182813773
110.15,-64.99637924,0.05295508739,0.5959942201,0.3177324032,0,-1.221322977,4.404136767,-3.182813773
110.16,-64.99637924,0.05295508739,0.59599422,0.3177324032,0,-1.221322977,4.404136767,-3.182813773
110.17,-64.99637924,0.05295508739,0.5959942199,0.3177324032,0,-1.221322977,4.404136766,-3.182813773
110.18,-64.99637924,0.05295508739,0.5959942198,0.3177324032,0,-1.221322976,4.404136766,-3.182813773
110.19,-64.99637924,0.05295508738,0.5959942197,0.3177324032,0,-1.221322976,4.404136766,-3.182813773
110.2,-64.99637924,0.05295508738,0.5959942196,0.3177324032,0,-1.221322976,4.404136765,-3.182813773
110.21,-64.99637924,0.05295508738,0.5959942195,0.3177324032,0,-1.221322975,4.404136765,-3.182813773
110.22,-64.99637924,0.05295508738,0.5959942193,0.3177324032,0,-1.221322975,4.404136765,-3.182813773
110.23,-64.99637924,0.05295508738,0.5959942192,0.3177324032,0,-1.221322975,4.404136765,-3.182813773
110.24,-64.99637924,0.05295508738,0.5959942191,0.3177324032,0,-1.221322974,4.404136764,-3.182813773
110.25,-64.99637924,0.05295508738,0.595994219,0.3177324032,0,-1.221322974,4.404136764,-3.182813773
110.26,-64.99637924,0.05295508738,0.5959942189,0.3177324032,0,-1.221322974,4.404136764,-3.182813773
110.27,-64.99637925,0.05295508738,0.5959942188,0.3177324032,0,-1.221322974,4.404136764,-3.182813774
110.28,-64.99637925,0.05295508737,0.5959942187,0.3177324032,0,-1.221322973,4.404136763,-3.182813774
110.29,-64.99637925,0.05295508737,0.5959942185,0.3177324032,0,-1.221322973,4.404136763,-3.182813774
110.3,-64.99637925,0.05295508737,0.5959942184,0.3177324032,0,-1.221322973,4.404136763,-3.182813774
110.31,-64.99637925,0.05295508737,0.5959942183,0.3177324032,0,-1.221322972,4.404136762,-3.182813774
110.32,-64.99637925,0.05295508737,0.5959942182,0.3177324032,0,-1.221322972,4.404136762,-3.182813774
110.33,-64.99637925,0.05295508737,0.5959942181,0.3177324032,0,-1.221322972,4.404136762,-3.182813774
110.34,-64.99637925,0.05295508737,0.595994218,0.3177324032,0,-1.221322971,4.404136762,-3.182813774
110.35,-64.99637925,0.05295508737,0.5959942179,0.3177324032,0,-1.221322971,4.404136761,-3.182813774
110.36,-64.99637925,0.05295508737,0.5959942177,0.3177324031,0,-1.221322971,4.404136761,-3.182813774
110.37,-64.99637925,0.05295508737,0.5959942176,0.3177324031,0,-1.22132297,4.404136761,-3.182813774
110.38,-64.99637925,0.05295508736,0.5959942175,0.3177324031,0,-1.22132297,4.404136761,-3.182813774
110.39,-64.99637925,0.05295508736,0.5959942174,0.3177324031,0,-1.22132297,4.40413676,-3.182813774
110.4,-64.99637925,0.05295508736,0.5959942173,0.3177324031,0,-1.22132297,4.40413676,-3.182813774
110.41,-64.99637925,0.05295508736,0.5959942172,0.3177324031,0,-1.221322969,4.40413676,-3.182813774
110.42,-64.99637925,0.05295508736,0.5959942171,0.3177324031,0,-1.221322969,4.404136759,-3.182813774
110.43,-64.99637925,0.05295508736,0.595994217,0.3177324031,0,-1.221322969,4.404136759,-3.182813774
110.44,-64.99637925,0.05295508736,0.5959942168,0.3177324031,0,-1.221322968,4.404136759,-3.182813774
110.45,-64.99637925,0.05295508736,0.5959942167,0.3177324031,0,-1.221322968,4.404136759,-3.182813774
110.46,-64.99637925,0.05295508736,0.5959942166,0.3177324031,0,-1.221322968,4.404136758,-3.182813774
110.47,-64.99637925,0.05295508735,0.5959942165,0.3177324031,0,-1.221322968,4.404136758,-3.182813774
110.48,-64.99637925,0.05295508735,0.5959942164,0.3177324031,0,-1.221322967,4.404136758,-3.182813775
110.49,-64.99637925,0.05295508735,0.5959942163,0.3177324031,0,-1.221322967,4.404136758,-3.182813775
110.5,-64.99637925,0.05295508735,0.5959942162,0.3177324031,0,-1.221322967,4.404136757,-3.182813775
110.51,-64.99637925,0.05295508735,0.5959942161,0.3177324031,0,-1.221322966,4.404136757,-3.182813775
110.52,-64.99637925,0.05295508735,0.595994216,0.3177324031,0,-1.221322966,4.404136757,-3.182813775
110.53,-64.99637925,0.05295508735,0.5959942159,0.3177324031,0,-1.221322966,4.404136756,-3.182813775
110.54,-64.99637925,0.05295508735,0.5959942157,0.3177324031,0,-1.221322965,4.404136756,-3.182813775
110.55,-64.99637925,0.05295508735,0.5959942156,0.3177324031,0,-1.221322965,4.404136756,-3.182813775
110.56,-64.99637925,0.05295508735,0.5959942155,0.3177324031,0,-1.221322965,4.404136756,-3.182813775
110.57,-64.99637925,0.05295508734,0.5959942154,0.3177324031,0,-1.221322965,4.404136755,-3.182813775
110.58,-64.99637925,0.05295508734,0.5959942153,0.3177324031,0,-1.221322964,4.404136755,-3.182813775
110.59,-64.99637925,0.05295508734,0.5959942152,0.3177324031,0,-1.221322964,4.404136755,-3.182813775
110.6,-64.99637925,0.05295508734,0.5959942151,0.3177324031,0,-1.221322964,4.404136755,-3.182813775
110.61,-64.99637925,0.05295508734,0.595994215,0.3177324031,0,-1.221322963,4.404136754,-3.182813775
110.62,-64.99637925,0.05295508734,0.5959942149,0.317732403,0,-1.221322963,4.404136754,-3.182813775
110.63,-64.99637925,0.05295508734,0.5959942148,0.317732403,0,-1.221322963,4.404136754,-3.182813775
110.64,-64.99637925,0.05295508734,0.5959942146,0.317732403,0,-1.221322963,4.404136754,-3.182813775
110.65,-64.99637925,0.05295508734,0.5959942145,0.317732403,0,-1.221322962,4.404136753,-3.182813775
110.66,-64.99637925,0.05295508734,0.5959942144,0.317732403,0,-1.221322962,4.404136753,-3.182813775
110.67,-64.99637925,0.05295508733,0.5959942143,0.317732403,0,-1.221322962,4.404136753,-3.182813775
110.68,-64.99637925,0.05295508733,0.5959942142,0.317732403,0,-1.221322961,4.404136752,-3.182813775
110.69,-64.99637925,0.05295508733,0.5959942141,0.317732403,0,-1.221322961,4.404136752,-3.182813776
110.7,-64.99637925,0.05295508733,0.595994214,0.317732403,0,-1.221322961,4.404136752,-3.182813776
110.71,-64.99637925,0.05295508733,0.5959942139,0.317732403,0,-1.22132296,4.404136752,-3.182813776
110.72,-64.99637925,0.05295508733,0.5959942138,0.317732403,0,-1.22132296,4.404136751,-3.182813776
110.73,-64.99637925,0.05295508733,0.5959942137,0.317732403,0,-1.22132296,4.404136751,-3.182813776
110.74,-64.99637925,0.05295508733,0.5959942136,0.317732403,0,-1.22132296,4.404136751,-3.182813776
110.75,-64.99637925,0.05295508733,0.5959942135,0.317732403,0,-1.221322959,4.404136751,-3.182813776
110.76,-64.99637925,0.05295508733,0.5959942133,0.317732403,0,-1.221322959,4.40413675,-3.182813776
110.77,-64.99637925,0.05295508732,0.5959942132,0.317732403,0,-1.221322959,4.40413675,-3.182813776
110.78,-64.99637925,0.05295508732,0.5959942131,0.317732403,0,-1.221322958,4.40413675,-3.182813776
110.79,-64.99637925,0.05295508732,0.595994213,0.317732403,0,-1.221322958,4.40413675,-3.182813776
110.8,-64.99637925,0.05295508732,0.5959942129,0.317732403,0,-1.221322958,4.404136749,-3.182813776
110.81,-64.99637925,0.05295508732,0.5959942128,0.317732403,0,-1.221322958,4.404136749,-3.182813776
110.82,-64.99637925,0.05295508732,0.5959942127,0.317732403,0,-1.221322957,4.404136749,-3.182813776
110.83,-64.99637925,0.05295508732,0.5959942126,0.317732403,0,-1.221322957,4.404136749,-3.182813776
110.84,-64.99637925,0.05295508732,0.5959942125,0.317732403,0,-1.221322957,4.404136748,-3.182813776
110.85,-64.99637925,0.05295508732,0.5959942124,0.317732403,0,-1.221322956,4.404136748,-3.182813776
110.86,-64.99637925,0.05295508732,0.5959942123,0.317732403,0,-1.221322956,4.404136748,-3.182813776
110.87,-64.99637925,0.05295508731,0.5959942122,0.317732403,0,-1.221322956,4.404136747,-3.182813776
110.88,-64.99637925,0.05295508731,0.5959942121,0.317732403,0,-1.221322956,4.404136747,-3.182813776
110.89,-64.99637925,0.05295508731,0.595994212,0.3177324029,0,-1.221322955,4.404136747,-3.182813776
110.9,-64.99637926,0.05295508731,0.5959942119,0.3177324029,0,-1.221322955,4.404136747,-3.182813777
110.91,-64.99637926,0.05295508731,0.5959942118,0.3177324029,0,-1.221322955,4.404136746,-3.182813777
110.92,-64.99637926,0.05295508731,0.5959942116,0.3177324029,0,-1.221322954,4.404136746,-3.182813777
110.93,-64.99637926,0.05295508731,0.5959942115,0.3177324029,0,-1.221322954,4.404136746,-3.182813777
110.94,-64.99637926,0.05295508731,0.5959942114,0.3177324029,0,-1.221322954,4.404136746,-3.182813777
110.95,-64.99637926,0.05295508731,0.5959942113,0.3177324029,0,-1.221322954,4.404136745,-3.182813777
110.96,-64.99637926,0.05295508731,0.5959942112,0.3177324029,0,-1.221322953,4.404136745,-3.182813777
110.97,-64.99637926,0.0529550873,0.5959942111,0.3177324029,0,-1.221322953,4.404136745,-3.182813777
110.98,-64.99637926,0.0529550873,0.595994211,0.3177324029,0,-1.221322953,4.404136745,-3.182813777
110.99,-64.99637926,0.0529550873,0.5959942109,0.3177324029,0,-1.221322953,4.404136744,-3.182813777
111,-64.99637926,0.0529550873,0.5959942108,0.3177324029,0,-1.221322952,4.404136744,-3.182813777
111.01,-64.99637926,0.0529550873,0.5959942107,0.3177324029,0,-1.221322952,4.404136744,-3.182813777
111.02,-64.99637926,0.0529550873,0.5959942106,0.3177324029,0,-1.221322952,4.404136744,-3.182813777
111.03,-64.99637926,0.0529550873,0.5959942105,0.3177324029,0,-1.221322951,4.404136743,-3.182813777
111.04,-64.99637926,0.0529550873,0.5959942104,0.3177324029,0,-1.221322951,4.404136743,-3.182813777
111.05,-64.99637926,0.0529550873,0.5959942103,0.3177324029,0,-1.221322951,4.404136743,-3.182813777
111.06,-64.99637926,0.0529550873,0.5959942102,0.3177324029,0,-1.221322951,4.404136743,-3.182813777
111.07,-64.99637926,0.0529550873,0.5959942101,0.3177324029,0,-1.22132295,4.404136742,-3.182813777
111.08,-64.99637926,0.05295508729,0.59599421,0.3177324029,0,-1.22132295,4.404136742,-3.182813777
111.09,-64.99637926,0.05295508729,0.5959942099,0.3177324029,0,-1.22132295,4.404136742,-3.182813777
111.1,-64.99637926,0.05295508729,0.5959942098,0.3177324029,0,-1.221322949,4.404136742,-3.182813777
111.11,-64.99637926,0.05295508729,0.5959942097,0.3177324029,0,-1.221322949,4.404136741,-3.182813777
111.12,-64.99637926,0.05295508729,0.5959942096,0.3177324029,0,-1.221322949,4.404136741,-3.182813777
111.13,-64.99637926,0.05295508729,0.5959942095,0.3177324029,0,-1.221322949,4.404136741,-3.182813778
111.14,-64.99637926,0.05295508729,0.5959942094,0.3177324029,0,-1.221322948,4.404136741,-3.182813778
111.15,-64.99637926,0.05295508729,0.5959942093,0.3177324029,0,-1.221322948,4.40413674,-3.182813778
111.16,-64.99637926,0.05295508729,0.5959942092,0.3177324029,0,-1.221322948,4.40413674,-3.182813778
111.17,-64.99637926,0.05295508729,0.5959942091,0.3177324028,0,-1.221322948,4.40413674,-3.182813778
111.18,-64.99637926,0.05295508728,0.595994209,0.3177324028,0,-1.221322947,4.404136739,-3.182813778
111.19,-64.99637926,0.05295508728,0.5959942089,0.3177324028,0,-1.221322947,4.404136739,-3.182813778
111.2,-64.99637926,0.05295508728,0.5959942088,0.3177324028,0,-1.221322947,4.404136739,-3.182813778
111.21,-64.99637926,0.05295508728,0.5959942087,0.3177324028,0,-1.221322946,4.404136739,-3.182813778
111.22,-64.99637926,0.05295508728,0.5959942086,0.3177324028,0,-1.221322946,4.404136738,-3.182813778
111.23,-64.99637926,0.05295508728,0.5959942084,0.3177324028,0,-1.221322946,4.404136738,-3.182813778
111.24,-64.99637926,0.05295508728,0.5959942083,0.3177324028,0,-1.221322946,4.404136738,-3.182813778
111.25,-64.99637926,0.05295508728,0.5959942082,0.3177324028,0,-1.221322945,4.404136738,-3.182813778
111.26,-64.99637926,0.05295508728,0.5959942081,0.3177324028,0,-1.221322945,4.404136737,-3.182813778
111.27,-64.99637926,0.05295508728,0.595994208,0.3177324028,0,-1.221322945,4.404136737,-3.182813778
111.28,-64.99637926,0.05295508728,0.5959942079,0.3177324028,0,-1.221322945,4.404136737,-3.182813778
111.29,-64.99637926,0.05295508727,0.5959942078,0.3177324028,0,-1.221322944,4.404136737,-3.182813778
111.3,-64.99637926,0.05295508727,0.5959942077,0.3177324028,0,-1.221322944,4.404136736,-3.182813778
111.31,-64.99637926,0.05295508727,0.5959942076,0.3177324028,0,-1.221322944,4.404136736,-3.182813778
111.32,-64.99637926,0.05295508727,0.5959942075,0.3177324028,0,-1.221322944,4.404136736,-3.182813778
111.33,-64.99637926,0.05295508727,0.5959942074,0.3177324028,0,-1.221322943,4.404136736,-3.182813778
111.34,-64.99637926,0.05295508727,0.5959942073,0.3177324028,0,-1.221322943,4.404136735,-3.182813778
111.35,-64.99637926,0.05295508727,0.5959942072,0.3177324028,0,-1.221322943,4.404136735,-3.182813778
111.36,-64.99637926,0.05295508727,0.5959942071,0.3177324028,0,-1.221322942,4.404136735,-3.182813779
111.37,-64.99637926,0.05295508727,0.595994207,0.3177324028,0,-1.221322942,4.404136735,-3.182813779
111.38,-64.99637926,0.05295508727,0.5959942069,0.3177324028,0,-1.221322942,4.404136734,-3.182813779
111.39,-64.99637926,0.05295508727,0.5959942068,0.3177324028,0,-1.221322942,4.404136734,-3.182813779
111.4,-64.99637926,0.05295508726,0.5959942067,0.3177324028,0,-1.221322941,4.404136734,-3.182813779
111.41,-64.99637926,0.05295508726,0.5959942066,0.3177324028,0,-1.221322941,4.404136734,-3.182813779
111.42,-64.99637926,0.05295508726,0.5959942065,0.3177324028,0,-1.221322941,4.404136733,-3.182813779
111.43,-64.99637926,0.05295508726,0.5959942065,0.3177324028,0,-1.221322941,4.404136733,-3.182813779
111.44,-64.99637926,0.05295508726,0.5959942064,0.3177324027,0,-1.22132294,4.404136733,-3.182813779
111.45,-64.99637926,0.05295508726,0.5959942063,0.3177324027,0,-1.22132294,4.404136733,-3.182813779
111.46,-64.99637926,0.05295508726,0.5959942062,0.3177324027,0,-1.22132294,4.404136732,-3.182813779
111.47,-64.99637926,0.05295508726,0.5959942061,0.3177324027,0,-1.22132294,4.404136732,-3.182813779
111.48,-64.99637926,0.05295508726,0.595994206,0.3177324027,0,-1.221322939,4.404136732,-3.182813779
111.49,-64.99637926,0.05295508726,0.5959942059,0.3177324027,0,-1.221322939,4.404136732,-3.182813779
111.5,-64.99637926,0.05295508726,0.5959942058,0.3177324027,0,-1.221322939,4.404136731,-3.182813779
111.51,-64.99637926,0.05295508725,0.5959942057,0.3177324027,0,-1.221322939,4.404136731,-3.182813779
111.52,-64.99637926,0.05295508725,0.5959942056,0.3177324027,0,-1.221322938,4.404136731,-3.182813779
111.53,-64.99637926,0.05295508725,0.5959942055,0.3177324027,0,-1.221322938,4.404136731,-3.182813779
111.54,-64.99637926,0.05295508725,0.5959942054,0.3177324027,0,-1.221322938,4.40413673,-3.182813779
111.55,-64.99637926,0.05295508725,0.5959942053,0.3177324027,0,-1.221322937,4.40413673,-3.182813779
111.56,-64.99637926,0.05295508725,0.5959942052,0.3177324027,0,-1.221322937,4.40413673,-3.182813779
111.57,-64.99637926,0.05295508725,0.5959942051,0.3177324027,0,-1.221322937,4.40413673,-3.182813779
111.58,-64.99637926,0.05295508725,0.595994205,0.3177324027,0,-1.221322937,4.40413673,-3.182813779
111.59,-64.99637926,0.05295508725,0.5959942049,0.3177324027,0,-1.221322936,4.404136729,-3.182813779
111.6,-64.99637927,0.05295508725,0.5959942048,0.3177324027,0,-1.221322936,4.404136729,-3.18281378
111.61,-64.99637927,0.05295508725,0.5959942047,0.3177324027,0,-1.221322936,4.404136729,-3.18281378
111.62,-64.99637927,0.05295508725,0.5959942046,0.3177324027,0,-1.221322936,4.404136729,-3.18281378
111.63,-64.99637927,0.05295508724,0.5959942045,0.3177324027,0,-1.221322935,4.404136728,-3.18281378
111.64,-64.99637927,0.05295508724,0.5959942044,0.3177324027,0,-1.221322935,4.404136728,-3.18281378
111.65,-64.99637927,0.05295508724,0.5959942043,0.3177324027,0,-1.221322935,4.404136728,-3.18281378
111.66,-64.99637927,0.05295508724,0.5959942042,0.3177324027,0,-1.221322935,4.404136728,-3.18281378
111.67,-64.99637927,0.05295508724,0.5959942041,0.3177324027,0,-1.221322934,4.404136727,-3.18281378
111.68,-64.99637927,0.05295508724,0.595994204,0.3177324027,0,-1.221322934,4.404136727,-3.18281378
111.69,-64.99637927,0.05295508724,0.5959942039,0.3177324027,0,-1.221322934,4.404136727,-3.18281378
111.7,-64.99637927,0.05295508724,0.5959942038,0.3177324027,0,-1.221322934,4.404136727,-3.18281378
111.71,-64.99637927,0.05295508724,0.5959942037,0.3177324027,0,-1.221322933,4.404136726,-3.18281378
111.72,-64.99637927,0.05295508724,0.5959942036,0.3177324027,0,-1.221322933,4.404136726,-3.18281378
111.73,-64.99637927,0.05295508724,0.5959942035,0.3177324026,0,-1.221322933,4.404136726,-3.18281378
111.74,-64.99637927,0.05295508723,0.5959942034,0.3177324026,0,-1.221322933,4.404136726,-3.18281378
111.75,-64.99637927,0.05295508723,0.5959942034,0.3177324026,0,-1.221322932,4.404136725,-3.18281378
111.76,-64.99637927,0.05295508723,0.5959942033,0.3177324026,0,-1.221322932,4.404136725,-3.18281378
111.77,-64.99637927,0.05295508723,0.5959942032,0.3177324026,0,-1.221322932,4.404136725,-3.18281378
111.78,-64.99637927,0.05295508723,0.5959942031,0.3177324026,0,-1.221322932,4.404136725,-3.18281378
111.79,-64.99637927,0.05295508723,0.595994203,0.3177324026,0,-1.221322931,4.404136724,-3.18281378
111.8,-64.99637927,0.05295508723,0.5959942029,0.3177324026,0,-1.221322931,4.404136724,-3.18281378
111.81,-64.99637927,0.05295508723,0.5959942028,0.3177324026,0,-1.221322931,4.404136724,-3.18281378
111.82,-64.99637927,0.05295508723,0.5959942027,0.3177324026,0,-1.221322931,4.404136724,-3.18281378
111.83,-64.99637927,0.05295508723,0.5959942026,0.3177324026,0,-1.22132293,4.404136723,-3.18281378
111.84,-64.99637927,0.05295508723,0.5959942025,0.3177324026,0,-1.22132293,4.404136723,-3.18281378
111.85,-64.99637927,0.05295508723,0.5959942024,0.3177324026,0,-1.22132293,4.404136723,-3.18281378
111.86,-64.99637927,0.05295508722,0.5959942023,0.3177324026,0,-1.22132293,4.404136723,-3.182813781
111.87,-64.99637927,0.05295508722,0.5959942022,0.3177324026,0,-1.221322929,4.404136723,-3.182813781
111.88,-64.99637927,0.05295508722,0.5959942021,0.3177324026,0,-1.221322929,4.404136722,-3.182813781
111.89,-64.99637927,0.05295508722,0.595994202,0.3177324026,0,-1.221322929,4.404136722,-3.182813781
111.9,-64.99637927,0.05295508722,0.5959942019,0.3177324026,0,-1.221322929,4.404136722,-3.182813781
111.91,-64.99637927,0.05295508722,0.5959942018,0.3177324026,0,-1.221322928,4.404136722,-3.182813781
111.92,-64.99637927,0.05295508722,0.5959942018,0.3177324026,0,-1.221322928,4.404136721,-3.182813781
111.93,-64.99637927,0.05295508722,0.5959942017,0.3177324026,0,-1.221322928,4.404136721,-3.182813781
111.94,-64.99637927,0.05295508722,0.5959942016,0.3177324026,0,-1.221322928,4.404136721,-3.182813781
111.95,-64.99637927,0.05295508722,0.5959942015,0.3177324026,0,-1.221322927,4.404136721,-3.182813781
111.96,-64.99637927,0.05295508722,0.5959942014,0.3177324026,0,-1.221322927,4.40413672,-3.182813781
111.97,-64.99637927,0.05295508722,0.5959942013,0.3177324026,0,-1.221322927,4.40413672,-3.182813781
111.98,-64.99637927,0.05295508721,0.5959942012,0.3177324026,0,-1.221322927,4.40413672,-3.182813781
111.99,-64.99637927,0.05295508721,0.5959942011,0.3177324026,0,-1.221322926,4.40413672,-3.182813781
112,-64.99637927,0.05295508721,0.595994201,0.3177324026,0,-1.221322926,4.404136719,-3.182813781
112.01,-64.99637927,0.05295508721,0.5959942009,0.3177324026,0,-1.221322926,4.404136719,-3.182813781
112.02,-64.99637927,0.05295508721,0.5959942008,0.3177324025,0,-1.221322926,4.404136719,-3.182813781
112.03,-64.99637927,0.05295508721,0.5959942007,0.3177324025,0,-1.221322925,4.404136719,-3.182813781
112.04,-64.99637927,0.05295508721,0.5959942006,0.3177324025,0,-1.221322925,4.404136719,-3.182813781
112.05,-64.99637927,0.05295508721,0.5959942006,0.3177324025,0,-1.221322925,4.404136718,-3.182813781
112.06,-64.99637927,0.05295508721,0.5959942005,0.3177324025,0,-1.221322925,4.404136718,-3.182813781
112.07,-64.99637927,0.05295508721,0.5959942004,0.3177324025,0,-1.221322924,4.404136718,-3.182813781
112.08,-64.99637927,0.05295508721,0.5959942003,0.3177324025,0,-1.221322924,4.404136718,-3.182813781
112.09,-64.99637927,0.05295508721,0.5959942002,0.3177324025,0,-1.221322924,4.404136717,-3.182813781
112.1,-64.99637927,0.05295508721,0.5959942001,0.3177324025,0,-1.221322924,4.404136717,-3.182813781
112.11,-64.99637927,0.0529550872,0.5959942,0.3177324025,0,-1.221322924,4.404136717,-3.182813781
112.12,-64.99637927,0.0529550872,0.5959941999,0.3177324025,0,-1.221322923,4.404136717,-3.182813781
112.13,-64.99637927,0.0529550872,0.5959941998,0.3177324025,0,-1.221322923,4.404136716,-3.182813782
112.14,-64.99637927,0.0529550872,0.5959941997,0.3177324025,0,-1.221322923,4.404136716,-3.182813782
112.15,-64.99637927,0.0529550872,0.5959941996,0.3177324025,0,-1.221322923,4.404136716,-3.182813782
112.16,-64.99637927,0.0529550872,0.5959941996,0.3177324025,0,-1.221322922,4.404136716,-3.182813782
112.17,-64.99637927,0.0529550872,0.5959941995,0.3177324025,0,-1.221322922,4.404136716,-3.182813782
112.18,-64.99637927,0.0529550872,0.5959941994,0.3177324025,0,-1.221322922,4.404136715,-3.182813782
112.19,-64.99637927,0.0529550872,0.5959941993,0.3177324025,0,-1.221322922,4.404136715,-3.182813782
112.2,-64.99637927,0.0529550872,0.5959941992,0.3177324025,0,-1.221322921,4.404136715,-3.182813782
112.21,-64.99637927,0.0529550872,0.5959941991,0.3177324025,0,-1.221322921,4.404136715,-3.182813782
112.22,-64.99637927,0.0529550872,0.595994199,0.3177324025,0,-1.221322921,4.404136714,-3.182813782
112.23,-64.99637927,0.0529550872,0.5959941989,0.3177324025,0,-1.221322921,4.404136714,-3.182813782
112.24,-64.99637927,0.05295508719,0.5959941988,0.3177324025,0,-1.22132292,4.404136714,-3.182813782
112.25,-64.99637927,0.05295508719,0.5959941987,0.3177324025,0,-1.22132292,4.404136714,-3.182813782
112.26,-64.99637927,0.05295508719,0.5959941987,0.3177324025,0,-1.22132292,4.404136713,-3.182813782
112.27,-64.99637927,0.05295508719,0.5959941986,0.3177324025,0,-1.22132292,4.404136713,-3.182813782
112.28,-64.99637927,0.05295508719,0.5959941985,0.3177324025,0,-1.22132292,4.404136713,-3.182813782
112.29,-64.99637927,0.05295508719,0.5959941984,0.3177324025,0,-1.221322919,4.404136713,-3.182813782
112.3,-64.99637927,0.05295508719,0.5959941983,0.3177324025,0,-1.221322919,4.404136713,-3.182813782
112.31,-64.99637927,0.05295508719,0.5959941982,0.3177324025,0,-1.221322919,4.404136712,-3.182813782
112.32,-64.99637927,0.05295508719,0.5959941981,0.3177324024,0,-1.221322919,4.404136712,-3.182813782
112.33,-64.99637927,0.05295508719,0.595994198,0.3177324024,0,-1.221322918,4.404136712,-3.182813782
112.34,-64.99637927,0.05295508719,0.5959941979,0.3177324024,0,-1.221322918,4.404136712,-3.182813782
112.35,-64.99637927,0.05295508719,0.5959941979,0.3177324024,0,-1.221322918,4.404136711,-3.182813782
112.36,-64.99637927,0.05295508719,0.5959941978,0.3177324024,0,-1.221322918,4.404136711,-3.182813782
112.37,-64.99637927,0.05295508718,0.5959941977,0.3177324024,0,-1.221322917,4.404136711,-3.182813782
112.38,-64.99637927,0.05295508718,0.5959941976,0.3177324024,0,-1.221322917,4.404136711,-3.182813782
112.39,-64.99637927,0.05295508718,0.5959941975,0.3177324024,0,-1.221322917,4.404136711,-3.182813782
112.4,-64.99637927,0.05295508718,0.5959941974,0.3177324024,0,-1.221322917,4.40413671,-3.182813782
112.41,-64.99637927,0.05295508718,0.5959941973,0.3177324024,0,-1.221322916,4.40413671,-3.182813782
112.42,-64.99637928,0.05295508718,0.5959941972,0.3177324024,0,-1.221322916,4.40413671,-3.182813783
112.43,-64.99637928,0.05295508718,0.5959941972,0.3177324024,0,-1.221322916,4.40413671,-3.182813783
112.44,-64.99637928,0.05295508718,0.5959941971,0.3177324024,0,-1.221322916,4.404136709,-3.182813783
112.45,-64.99637928,0.05295508718,0.595994197,0.3177324024,0,-1.221322916,4.404136709,-3.182813783
112.46,-64.99637928,0.05295508718,0.5959941969,0.3177324024,0,-1.221322915,4.404136709,-3.182813783
112.47,-64.99637928,0.05295508718,0.5959941968,0.3177324024,0,-1.221322915,4.404136709,-3.182813783
112.48,-64.99637928,0.05295508718,0.5959941967,0.3177324024,0,-1.221322915,4.404136709,-3.182813783
112.49,-64.99637928,0.05295508718,0.5959941966,0.3177324024,0,-1.221322915,4.404136708,-3.182813783
112.5,-64.99637928,0.05295508718,0.5959941965,0.3177324024,0,-1.221322914,4.404136708,-3.182813783
112.51,-64.99637928,0.05295508717,0.5959941965,0.3177324024,0,-1.221322914,4.404136708,-3.182813783
112.52,-64.99637928,0.05295508717,0.5959941964,0.3177324024,0,-1.221322914,4.404136708,-3.182813783
112.53,-64.99637928,0.05295508717,0.5959941963,0.3177324024,0,-1.221322914,4.404136707,-3.182813783
112.54,-64.99637928,0.05295508717,0.5959941962,0.3177324024,0,-1.221322914,4.404136707,-3.182813783
112.55,-64.99637928,0.05295508717,0.5959941961,0.3177324024,0,-1.221322913,4.404136707,-3.182813783
112.56,-64.99637928,0.05295508717,0.595994196,0.3177324024,0,-1.221322913,4.404136707,-3.182813783
112.57,-64.99637928,0.05295508717,0.5959941959,0.3177324024,0,-1.221322913,4.404136707,-3.182813783
112.58,-64.99637928,0.05295508717,0.5959941959,0.3177324024,0,-1.221322913,4.404136706,-3.182813783
112.59,-64.99637928,0.05295508717,0.5959941958,0.3177324024,0,-1.221322912,4.404136706,-3.182813783
112.6,-64.99637928,0.05295508717,0.5959941957,0.3177324024,0,-1.221322912,4.404136706,-3.182813783
112.61,-64.99637928,0.05295508717,0.5959941956,0.3177324024,0,-1.221322912,4.404136706,-3.182813783
112.62,-64.99637928,0.05295508717,0.5959941955,0.3177324023,0,-1.221322912,4.404136705,-3.182813783
112.63,-64.99637928,0.05295508717,0.5959941954,0.3177324023,0,-1.221322912,4.404136705,-3.182813783
112.64,-64.99637928,0.05295508717,0.5959941953,0.3177324023,0,-1.221322911,4.404136705,-3.182813783
112.65,-64.99637928,0.05295508716,0.5959941953,0.3177324023,0,-1.221322911,4.404136705,-3.182813783
112.66,-64.99637928,0.05295508716,0.5959941952,0.3177324023,0,-1.221322911,4.404136705,-3.182813783
112.67,-64.99637928,0.05295508716,0.5959941951,0.3177324023,0,-1.221322911,4.404136704,-3.182813783
112.68,-64.99637928,0.05295508716,0.595994195,0.3177324023,0,-1.22132291,4.404136704,-3.182813783
112.69,-64.99637928,0.05295508716,0.5959941949,0.3177324023,0,-1.22132291,4.404136704,-3.182813783
112.7,-64.99637928,0.05295508716,0.5959941948,0.3177324023,0,-1.22132291,4.404136704,-3.182813783
112.71,-64.99637928,0.05295508716,0.5959941948,0.3177324023,0,-1.22132291,4.404136704,-3.182813783
112.72,-64.99637928,0.05295508716,0.5959941947,0.3177324023,0,-1.22132291,4.404136703,-3.182813783
112.73,-64.99637928,0.05295508716,0.5959941946,0.3177324023,0,-1.221322909,4.404136703,-3.182813784
112.74,-64.99637928,0.05295508716,0.5959941945,0.3177324023,0,-1.221322909,4.404136703,-3.182813784
112.75,-64.99637928,0.05295508716,0.5959941944,0.3177324023,0,-1.221322909,4.404136703,-3.182813784
112.76,-64.99637928,0.05295508716,0.5959941943,0.3177324023,0,-1.221322909,4.404136702,-3.182813784
112.77,-64.99637928,0.05295508716,0.5959941942,0.3177324023,0,-1.221322908,4.404136702,-3.182813784
112.78,-64.99637928,0.05295508716,0.5959941942,0.3177324023,0,-1.221322908,4.404136702,-3.182813784
112.79,-64.99637928,0.05295508715,0.5959941941,0.3177324023,0,-1.221322908,4.404136702,-3.182813784
112.8,-64.99637928,0.05295508715,0.595994194,0.3177324023,0,-1.221322908,4.404136702,-3.182813784
112.81,-64.99637928,0.05295508715,0.5959941939,0.3177324023,0,-1.221322908,4.404136701,-3.182813784
112.82,-64.99637928,0.05295508715,0.5959941938,0.3177324023,0,-1.221322907,4.404136701,-3.182813784
112.83,-64.99637928,0.05295508715,0.5959941937,0.3177324023,0,-1.221322907,4.404136701,-3.182813784
112.84,-64.99637928,0.05295508715,0.5959941937,0.3177324023,0,-1.221322907,4.404136701,-3.182813784
112.85,-64.99637928,0.05295508715,0.5959941936,0.3177324023,0,-1.221322907,4.404136701,-3.182813784
112.86,-64.99637928,0.05295508715,0.5959941935,0.3177324023,0,-1.221322907,4.4041367,-3.182813784
112.87,-64.99637928,0.05295508715,0.5959941934,0.3177324023,0,-1.221322906,4.4041367,-3.182813784
112.88,-64.99637928,0.05295508715,0.5959941933,0.3177324023,0,-1.221322906,4.4041367,-3.182813784
112.89,-64.99637928,0.05295508715,0.5959941933,0.3177324023,0,-1.221322906,4.4041367,-3.182813784
112.9,-64.99637928,0.05295508715,0.5959941932,0.3177324023,0,-1.221322906,4.404136699,-3.182813784
112.91,-64.99637928,0.05295508715,0.5959941931,0.3177324023,0,-1.221322905,4.404136699,-3.182813784
112.92,-64.99637928,0.05295508715,0.595994193,0.3177324023,0,-1.221322905,4.404136699,-3.182813784
112.93,-64.99637928,0.05295508715,0.5959941929,0.3177324023,0,-1.221322905,4.404136699,-3.182813784
112.94,-64.99637928,0.05295508715,0.5959941928,0.3177324022,0,-1.221322905,4.404136699,-3.182813784
112.95,-64.99637928,0.05295508714,0.5959941928,0.3177324022,0,-1.221322905,4.404136698,-3.182813784
112.96,-64.99637928,0.05295508714,0.5959941927,0.3177324022,0,-1.221322904,4.404136698,-3.182813784
112.97,-64.99637928,0.05295508714,0.5959941926,0.3177324022,0,-1.221322904,4.404136698,-3.182813784
112.98,-64.99637928,0.05295508714,0.5959941925,0.3177324022,0,-1.221322904,4.404136698,-3.182813784
112.99,-64.99637928,0.05295508714,0.5959941924,0.3177324022,0,-1.221322904,4.404136698,-3.182813784
113,-64.99637928,0.05295508714,0.5959941923,0.3177324022,0,-1.221322904,4.404136697,-3.182813784
113.01,-64.99637928,0.05295508714,0.5959941923,0.3177324022,0,-1.221322903,4.404136697,-3.182813784
113.02,-64.99637928,0.05295508714,0.5959941922,0.3177324022,0,-1.221322903,4.404136697,-3.182813784
113.03,-64.99637928,0.05295508714,0.5959941921,0.3177324022,0,-1.221322903,4.404136697,-3.182813784
113.04,-64.99637928,0.05295508714,0.595994192,0.3177324022,0,-1.221322903,4.404136697,-3.182813784
113.05,-64.99637928,0.05295508714,0.5959941919,0.3177324022,0,-1.221322903,4.404136696,-3.182813784
113.06,-64.99637928,0.05295508714,0.5959941919,0.3177324022,0,-1.221322902,4.404136696,-3.182813784
113.07,-64.99637928,0.05295508714,0.5959941918,0.3177324022,0,-1.221322902,4.404136696,-3.182813785
113.08,-64.99637928,0.05295508714,0.5959941917,0.3177324022,0,-1.221322902,4.404136696,-3.182813785
113.09,-64.99637928,0.05295508714,0.5959941916,0.3177324022,0,-1.221322902,4.404136696,-3.182813785
113.1,-64.99637928,0.05295508713,0.5959941915,0.3177324022,0,-1.221322901,4.404136695,-3.182813785
113.11,-64.99637928,0.05295508713,0.5959941915,0.3177324022,0,-1.221322901,4.404136695,-3.182813785
113.12,-64.99637928,0.05295508713,0.5959941914,0.3177324022,0,-1.221322901,4.404136695,-3.182813785
113.13,-64.99637928,0.05295508713,0.5959941913,0.3177324022,0,-1.221322901,4.404136695,-3.182813785
113.14,-64.99637928,0.05295508713,0.5959941912,0.3177324022,0,-1.221322901,4.404136695,-3.182813785
113.15,-64.99637928,0.05295508713,0.5959941911,0.3177324022,0,-1.2213229,4.404136694,-3.182813785
113.16,-64.99637928,0.05295508713,0.5959941911,0.3177324022,0,-1.2213229,4.404136694,-3.182813785
113.17,-64.99637928,0.05295508713,0.595994191,0.3177324022,0,-1.2213229,4.404136694,-3.182813785
113.18,-64.99637928,0.05295508713,0.5959941909,0.3177324022,0,-1.2213229,4.404136694,-3.182813785
113.19,-64.99637928,0.05295508713,0.5959941908,0.3177324022,0,-1.2213229,4.404136694,-3.182813785
113.2,-64.99637928,0.05295508713,0.5959941907,0.3177324022,0,-1.221322899,4.404136693,-3.182813785
113.21,-64.99637928,0.05295508713,0.5959941907,0.3177324022,0,-1.221322899,4.404136693,-3.182813785
113.22,-64.99637928,0.05295508713,0.5959941906,0.3177324022,0,-1.221322899,4.404136693,-3.182813785
113.23,-64.99637928,0.05295508713,0.5959941905,0.3177324022,0,-1.221322899,4.404136693,-3.182813785
113.24,-64.99637928,0.05295508713,0.5959941904,0.3177324022,0,-1.221322899,4.404136693,-3.182813785
113.25,-64.99637928,0.05295508713,0.5959941903,0.3177324022,0,-1.221322898,4.404136692,-3.182813785
113.26,-64.99637928,0.05295508713,0.5959941903,0.3177324021,0,-1.221322898,4.404136692,-3.182813785
113.27,-64.99637928,0.05295508712,0.5959941902,0.3177324021,0,-1.221322898,4.404136692,-3.182813785
113.28,-64.99637928,0.05295508712,0.5959941901,0.3177324021,0,-1.221322898,4.404136692,-3.182813785
113.29,-64.99637928,0.05295508712,0.59599419,0.3177324021,0,-1.221322898,4.404136691,-3.182813785
113.3,-64.99637928,0.05295508712,0.5959941899,0.3177324021,0,-1.221322897,4.404136691,-3.182813785
113.31,-64.99637928,0.05295508712,0.5959941899,0.3177324021,0,-1.221322897,4.404136691,-3.182813785
113.32,-64.99637928,0.05295508712,0.5959941898,0.3177324021,0,-1.221322897,4.404136691,-3.182813785
113.33,-64.99637928,0.05295508712,0.5959941897,0.3177324021,0,-1.221322897,4.404136691,-3.182813785
113.34,-64.99637928,0.05295508712,0.5959941896,0.3177324021,0,-1.221322897,4.404136691,-3.182813785
113.35,-64.99637928,0.05295508712,0.5959941896,0.3177324021,0,-1.221322896,4.40413669,-3.182813785
113.36,-64.99637928,0.05295508712,0.5959941895,0.3177324021,0,-1.221322896,4.40413669,-3.182813785
113.37,-64.99637928,0.05295508712,0.5959941894,0.3177324021,0,-1.221322896,4.40413669,-3.182813785
113.38,-64.99637928,0.05295508712,0.5959941893,0.3177324021,0,-1.221322896,4.40413669,-3.182813785
113.39,-64.99637928,0.05295508712,0.5959941892,0.3177324021,0,-1.221322896,4.40413669,-3.182813785
113.4,-64.99637928,0.05295508712,0.5959941892,0.3177324021,0,-1.221322895,4.404136689,-3.182813785
113.41,-64.99637928,0.05295508712,0.5959941891,0.3177324021,0,-1.221322895,4.404136689,-3.182813785
113.42,-64.99637928,0.05295508712,0.595994189,0.3177324021,0,-1.221322895,4.404136689,-3.182813785
113.43,-64.99637928,0.05295508712,0.5959941889,0.3177324021,0,-1.221322895,4.404136689,-3.182813785
113.44,-64.99637928,0.05295508711,0.5959941889,0.3177324021,0,-1.221322895,4.404136689,-3.182813785
113.45,-64.99637929,0.05295508711,0.5959941888,0.3177324021,0,-1.221322894,4.404136688,-3.182813786
113.46,-64.99637929,0.05295508711,0.5959941887,0.3177324021,0,-1.221322894,4.404136688,-3.182813786
113.47,-64.99637929,0.05295508711,0.5959941886,0.3177324021,0,-1.221322894,4.404136688,-3.182813786
113.48,-64.99637929,0.05295508711,0.5959941886,0.3177324021,0,-1.221322894,4.404136688,-3.182813786
113.49,-64.99637929,0.05295508711,0.5959941885,0.3177324021,0,-1.221322894,4.404136688,-3.182813786
113.5,-64.99637929,0.05295508711,0.5959941884,0.3177324021,0,-1.221322893,4.404136687,-3.182813786
113.51,-64.99637929,0.05295508711,0.5959941883,0.3177324021,0,-1.221322893,4.404136687,-3.182813786
113.52,-64.99637929,0.05295508711,0.5959941882,0.3177324021,0,-1.221322893,4.404136687,-3.182813786
113.53,-64.99637929,0.05295508711,0.5959941882,0.3177324021,0,-1.221322893,4.404136687,-3.182813786
113.54,-64.99637929,0.05295508711,0.5959941881,0.3177324021,0,-1.221322893,4.404136687,-3.182813786
113.55,-64.99637929,0.05295508711,0.595994188,0.3177324021,0,-1.221322892,4.404136686,-3.182813786
113.56,-64.99637929,0.05295508711,0.5959941879,0.3177324021,0,-1.221322892,4.404136686,-3.182813786
113.57,-64.99637929,0.05295508711,0.5959941879,0.3177324021,0,-1.221322892,4.404136686,-3.182813786
113.58,-64.99637929,0.05295508711,0.5959941878,0.3177324021,0,-1.221322892,4.404136686,-3.182813786
113.59,-64.99637929,0.05295508711,0.5959941877,0.3177324021,0,-1.221322892,4.404136686,-3.182813786
113.6,-64.99637929,0.05295508711,0.5959941876,0.317732402,0,-1.221322892,4.404136685,-3.182813786
113.61,-64.99637929,0.05295508711,0.5959941876,0.317732402,0,-1.221322891,4.404136685,-3.182813786
113.62,-64.99637929,0.0529550871,0.5959941875,0.317732402,0,-1.221322891,4.404136685,-3.182813786
113.63,-64.99637929,0.0529550871,0.5959941874,0.317732402,0,-1.221322891,4.404136685,-3.182813786
113.64,-64.99637929,0.0529550871,0.5959941873,0.317732402,0,-1.221322891,4.404136685,-3.182813786
113.65,-64.99637929,0.0529550871,0.5959941873,0.317732402,0,-1.221322891,4.404136684,-3.182813786
113.66,-64.99637929,0.0529550871,0.5959941872,0.317732402,0,-1.22132289,4.404136684,-3.182813786
113.67,-64.99637929,0.0529550871,0.5959941871,0.317732402,0,-1.22132289,4.404136684,-3.182813786
113.68,-64.99637929,0.0529550871,0.595994187,0.317732402,0,-1.22132289,4.404136684,-3.182813786
113.69,-64.99637929,0.0529550871,0.595994187,0.317732402,0,-1.22132289,4.404136684,-3.182813786
113.7,-64.99637929,0.0529550871,0.5959941869,0.317732402,0,-1.22132289,4.404136684,-3.182813786
113.71,-64.99637929,0.0529550871,0.5959941868,0.317732402,0,-1.221322889,4.404136683,-3.182813786
113.72,-64.99637929,0.0529550871,0.5959941867,0.317732402,0,-1.221322889,4.404136683,-3.182813786
113.73,-64.99637929,0.0529550871,0.5959941867,0.317732402,0,-1.221322889,4.404136683,-3.182813786
113.74,-64.99637929,0.0529550871,0.5959941866,0.317732402,0,-1.221322889,4.404136683,-3.182813786
113.75,-64.99637929,0.0529550871,0.5959941865,0.317732402,0,-1.221322889,4.404136683,-3.182813786
113.76,-64.99637929,0.0529550871,0.5959941864,0.317732402,0,-1.221322888,4.404136682,-3.182813786
113.77,-64.99637929,0.0529550871,0.5959941864,0.317732402,0,-1.221322888,4.404136682,-3.182813786
113.78,-64.99637929,0.0529550871,0.5959941863,0.317732402,0,-1.221322888,4.404136682,-3.182813786
113.79,-64.99637929,0.0529550871,0.5959941862,0.317732402,0,-1.221322888,4.404136682,-3.182813786
113.8,-64.99637929,0.0529550871,0.5959941861,0.317732402,0,-1.221322888,4.404136682,-3.182813786
113.81,-64.99637929,0.0529550871,0.5959941861,0.317732402,0,-1.221322888,4.404136681,-3.182813786
113.82,-64.99637929,0.05295508709,0.595994186,0.317732402,0,-1.221322887,4.404136681,-3.182813786
113.83,-64.99637929,0.05295508709,0.5959941859,0.317732402,0,-1.221322887,4.404136681,-3.182813786
113.84,-64.99637929,0.05295508709,0.5959941858,0.317732402,0,-1.221322887,4.404136681,-3.182813786
113.85,-64.99637929,0.05295508709,0.5959941858,0.317732402,0,-1.221322887,4.404136681,-3.182813786
113.86,-64.99637929,0.05295508709,0.5959941857,0.317732402,0,-1.221322887,4.404136681,-3.182813786
113.87,-64.99637929,0.05295508709,0.5959941856,0.317732402,0,-1.221322886,4.40413668,-3.182813787
113.88,-64.99637929,0.05295508709,0.5959941856,0.317732402,0,-1.221322886,4.40413668,-3.182813787
113.89,-64.99637929,0.05295508709,0.5959941855,0.317732402,0,-1.221322886,4.40413668,-3.182813787
113.9,-64.99637929,0.05295508709,0.5959941854,0.317732402,0,-1.221322886,4.40413668,-3.182813787
113.91,-64.99637929,0.05295508709,0.5959941853,0.317732402,0,-1.221322886,4.40413668,-3.182813787
113.92,-64.99637929,0.05295508709,0.5959941853,0.317732402,0,-1.221322886,4.404136679,-3.182813787
113.93,-64.99637929,0.05295508709,0.5959941852,0.317732402,0,-1.221322885,4.404136679,-3.182813787
113.94,-64.99637929,0.05295508709,0.5959941851,0.3177324019,0,-1.221322885,4.404136679,-3.182813787
113.95,-64.99637929,0.05295508709,0.595994185,0.3177324019,0,-1.221322885,4.404136679,-3.182813787
113.96,-64.99637929,0.05295508709,0.595994185,0.3177324019,0,-1.221322885,4.404136679,-3.182813787
113.97,-64.99637929,0.05295508709,0.5959941849,0.3177324019,0,-1.221322885,4.404136679,-3.182813787
113.98,-64.99637929,0.05295508709,0.5959941848,0.3177324019,0,-1.221322884,4.404136678,-3.182813787
113.99,-64.99637929,0.05295508709,0.5959941848,0.3177324019,0,-1.221322884,4.404136678,-3.182813787
114,-64.99637929,0.05295508709,0.5959941847,0.3177324019,0,-1.221322884,4.404136678,-3.182813787
114.01,-64.99637929,0.05295508709,0.5959941846,0.3177324019,0,-1.221322884,4.404136678,-3.182813787
114.02,-64.99637929,0.05295508708,0.5959941845,0.3177324019,0,-1.221322884,4.404136678,-3.182813787
114.03,-64.99637929,0.05295508708,0.5959941845,0.3177324019,0,-1.221322884,4.404136677,-3.182813787
114.04,-64.99637929,0.05295508708,0.5959941844,0.3177324019,0,-1.221322883,4.404136677,-3.182813787
114.05,-64.99637929,0.05295508708,0.5959941843,0.3177324019,0,-1.221322883,4.404136677,-3.182813787
114.06,-64.99637929,0.05295508708,0.5959941842,0.3177324019,0,-1.221322883,4.404136677,-3.182813787
114.07,-64.99637929,0.05295508708,0.5959941842,0.3177324019,0,-1.221322883,4.404136677,-3.182813787
114.08,-64.99637929,0.05295508708,0.5959941841,0.3177324019,0,-1.221322883,4.404136677,-3.182813787
114.09,-64.99637929,0.05295508708,0.595994184,0.3177324019,0,-1.221322882,4.404136676,-3.182813787
114.1,-64.99637929,0.05295508708,0.595994184,0.3177324019,0,-1.221322882,4.404136676,-3.182813787
114.11,-64.99637929,0.05295508708,0.5959941839,0.3177324019,0,-1.221322882,4.404136676,-3.182813787
114.12,-64.99637929,0.05295508708,0.5959941838,0.3177324019,0,-1.221322882,4.404136676,-3.182813787
114.13,-64.99637929,0.05295508708,0.5959941838,0.3177324019,0,-1.221322882,4.404136676,-3.182813787
114.14,-64.99637929,0.05295508708,0.5959941837,0.3177324019,0,-1.221322882,4.404136675,-3.182813787
114.15,-64.99637929,0.05295508708,0.5959941836,0.3177324019,0,-1.221322881,4.404136675,-3.182813787
114.16,-64.99637929,0.05295508708,0.5959941835,0.3177324019,0,-1.221322881,4.404136675,-3.182813787
114.17,-64.99637929,0.05295508708,0.5959941835,0.3177324019,0,-1.221322881,4.404136675,-3.182813787
114.18,-64.99637929,0.05295508708,0.5959941834,0.3177324019,0,-1.221322881,4.404136675,-3.182813787
114.19,-64.99637929,0.05295508708,0.5959941833,0.3177324019,0,-1.221322881,4.404136675,-3.182813787
114.2,-64.99637929,0.05295508708,0.5959941833,0.3177324019,0,-1.221322881,4.404136674,-3.182813787
114.21,-64.99637929,0.05295508708,0.5959941832,0.3177324019,0,-1.22132288,4.404136674,-3.182813787
114.22,-64.99637929,0.05295508708,0.5959941831,0.3177324019,0,-1.22132288,4.404136674,-3.182813787
114.23,-64.99637929,0.05295508708,0.595994183,0.3177324019,0,-1.22132288,4.404136674,-3.182813787
114.24,-64.99637929,0.05295508707,0.595994183,0.3177324019,0,-1.22132288,4.404136674,-3.182813787
114.25,-64.99637929,0.05295508707,0.5959941829,0.3177324019,0,-1.22132288,4.404136674,-3.182813787
114.26,-64.99637929,0.05295508707,0.5959941828,0.3177324019,0,-1.22132288,4.404136673,-3.182813787
114.27,-64.99637929,0.05295508707,0.5959941828,0.3177324019,0,-1.221322879,4.404136673,-3.182813787
114.28,-64.99637929,0.05295508707,0.5959941827,0.3177324019,0,-1.221322879,4.404136673,-3.182813787
114.29,-64.99637929,0.05295508707,0.5959941826,0.3177324019,0,-1.221322879,4.404136673,-3.182813787
114.3,-64.99637929,0.05295508707,0.5959941826,0.3177324018,0,-1.221322879,4.404136673,-3.182813787
114.31,-64.99637929,0.05295508707,0.5959941825,0.3177324018,0,-1.221322879,4.404136672,-3.182813787
114.32,-64.99637929,0.05295508707,0.5959941824,0.3177324018,0,-1.221322878,4.404136672,-3.182813787
114.33,-64.99637929,0.05295508707,0.5959941823,0.3177324018,0,-1.221322878,4.404136672,-3.182813787
114.34,-64.99637929,0.05295508707,0.5959941823,0.3177324018,0,-1.221322878,4.404136672,-3.182813787
114.35,-64.99637929,0.05295508707,0.5959941822,0.3177324018,0,-1.221322878,4.404136672,-3.182813787
114.36,-64.99637929,0.05295508707,0.5959941821,0.3177324018,0,-1.221322878,4.404136672,-3.182813788
114.37,-64.99637929,0.05295508707,0.5959941821,0.3177324018,0,-1.221322878,4.404136671,-3.182813788
114.38,-64.99637929,0.05295508707,0.595994182,0.3177324018,0,-1.221322877,4.404136671,-3.182813788
114.39,-64.99637929,0.05295508707,0.5959941819,0.3177324018,0,-1.221322877,4.404136671,-3.182813788
114.4,-64.99637929,0.05295508707,0.5959941819,0.3177324018,0,-1.221322877,4.404136671,-3.182813788
114.41,-64.99637929,0.05295508707,0.5959941818,0.3177324018,0,-1.221322877,4.404136671,-3.182813788
114.42,-64.99637929,0.05295508707,0.5959941817,0.3177324018,0,-1.221322877,4.404136671,-3.182813788
114.43,-64.99637929,0.05295508707,0.5959941817,0.3177324018,0,-1.221322877,4.40413667,-3.182813788
114.44,-64.99637929,0.05295508707,0.5959941816,0.3177324018,0,-1.221322876,4.40413667,-3.182813788
114.45,-64.99637929,0.05295508707,0.5959941815,0.3177324018,0,-1.221322876,4.40413667,-3.182813788
114.46,-64.99637929,0.05295508707,0.5959941815,0.3177324018,0,-1.221322876,4.40413667,-3.182813788
114.47,-64.99637929,0.05295508706,0.5959941814,0.3177324018,0,-1.221322876,4.40413667,-3.182813788
114.48,-64.99637929,0.05295508706,0.5959941813,0.3177324018,0,-1.221322876,4.40413667,-3.182813788
114.49,-64.99637929,0.05295508706,0.5959941813,0.3177324018,0,-1.221322876,4.404136669,-3.182813788
114.5,-64.99637929,0.05295508706,0.5959941812,0.3177324018,0,-1.221322875,4.404136669,-3.182813788
114.51,-64.99637929,0.05295508706,0.5959941811,0.3177324018,0,-1.221322875,4.404136669,-3.182813788
114.52,-64.99637929,0.05295508706,0.595994181,0.3177324018,0,-1.221322875,4.404136669,-3.182813788
114.53,-64.99637929,0.05295508706,0.595994181,0.3177324018,0,-1.221322875,4.404136669,-3.182813788
114.54,-64.99637929,0.05295508706,0.5959941809,0.3177324018,0,-1.221322875,4.404136669,-3.182813788
114.55,-64.99637929,0.05295508706,0.5959941808,0.3177324018,0,-1.221322875,4.404136668,-3.182813788
114.56,-64.99637929,0.05295508706,0.5959941808,0.3177324018,0,-1.221322874,4.404136668,-3.182813788
114.57,-64.99637929,0.05295508706,0.5959941807,0.3177324018,0,-1.221322874,4.404136668,-3.182813788
114.58,-64.99637929,0.05295508706,0.5959941806,0.3177324018,0,-1.221322874,4.404136668,-3.182813788
114.59,-64.99637929,0.05295508706,0.5959941806,0.3177324018,0,-1.221322874,4.404136668,-3.182813788
114.6,-64.99637929,0.05295508706,0.5959941805,0.3177324018,0,-1.221322874,4.404136668,-3.182813788
114.61,-64.99637929,0.05295508706,0.5959941804,0.3177324018,0,-1.221322874,4.404136667,-3.182813788
114.62,-64.99637929,0.05295508706,0.5959941804,0.3177324018,0,-1.221322873,4.404136667,-3.182813788
114.63,-64.99637929,0.05295508706,0.5959941803,0.3177324018,0,-1.221322873,4.404136667,-3.182813788
114.64,-64.99637929,0.05295508706,0.5959941802,0.3177324018,0,-1.221322873,4.404136667,-3.182813788
114.65,-64.99637929,0.05295508706,0.5959941802,0.3177324018,0,-1.221322873,4.404136667,-3.182813788
114.66,-64.99637929,0.05295508706,0.5959941801,0.3177324018,0,-1.221322873,4.404136667,-3.182813788
114.67,-64.99637929,0.05295508706,0.59599418,0.3177324018,0,-1.221322873,4.404136666,-3.182813788
114.68,-64.99637929,0.05295508706,0.59599418,0.3177324017,0,-1.221322872,4.404136666,-3.182813788
114.69,-64.99637929,0.05295508706,0.5959941799,0.3177324017,0,-1.221322872,4.404136666,-3.182813788
114.7,-64.99637929,0.05295508706,0.5959941798,0.3177324017,0,-1.221322872,4.404136666,-3.182813788
114.71,-64.99637929,0.05295508706,0.5959941798,0.3177324017,0,-1.221322872,4.404136666,-3.182813788
114.72,-64.99637929,0.05295508706,0.5959941797,0.3177324017,0,-1.221322872,4.404136666,-3.182813788
114.73,-64.99637929,0.05295508705,0.5959941796,0.3177324017,0,-1.221322872,4.404136665,-3.182813788
114.74,-64.99637929,0.05295508705,0.5959941796,0.3177324017,0,-1.221322872,4.404136665,-3.182813788
114.75,-64.99637929,0.05295508705,0.5959941795,0.3177324017,0,-1.221322871,4.404136665,-3.182813788
114.76,-64.99637929,0.05295508705,0.5959941794,0.3177324017,0,-1.221322871,4.404136665,-3.182813788
114.77,-64.99637929,0.05295508705,0.5959941794,0.3177324017,0,-1.221322871,4.404136665,-3.182813788
114.78,-64.99637929,0.05295508705,0.5959941793,0.3177324017,0,-1.221322871,4.404136665,-3.182813788
114.79,-64.99637929,0.05295508705,0.5959941792,0.3177324017,0,-1.221322871,4.404136664,-3.182813788
114.8,-64.99637929,0.05295508705,0.5959941792,0.3177324017,0,-1.221322871,4.404136664,-3.182813788
114.81,-64.99637929,0.05295508705,0.5959941791,0.3177324017,0,-1.22132287,4.404136664,-3.182813788
114.82,-64.99637929,0.05295508705,0.5959941791,0.3177324017,0,-1.22132287,4.404136664,-3.182813788
114.83,-64.99637929,0.05295508705,0.595994179,0.3177324017,0,-1.22132287,4.404136664,-3.182813788
114.84,-64.99637929,0.05295508705,0.5959941789,0.3177324017,0,-1.22132287,4.404136664,-3.182813788
114.85,-64.99637929,0.05295508705,0.5959941789,0.3177324017,0,-1.22132287,4.404136663,-3.182813788
114.86,-64.99637929,0.05295508705,0.5959941788,0.3177324017,0,-1.22132287,4.404136663,-3.182813788
114.87,-64.99637929,0.05295508705,0.5959941787,0.3177324017,0,-1.221322869,4.404136663,-3.182813788
114.88,-64.99637929,0.05295508705,0.5959941787,0.3177324017,0,-1.221322869,4.404136663,-3.182813788
114.89,-64.99637929,0.05295508705,0.5959941786,0.3177324017,0,-1.221322869,4.404136663,-3.182813788
114.9,-64.99637929,0.05295508705,0.5959941785,0.3177324017,0,-1.221322869,4.404136663,-3.182813788
114.91,-64.99637929,0.05295508705,0.5959941785,0.3177324017,0,-1.221322869,4.404136663,-3.182813788
114.92,-64.99637929,0.05295508705,0.5959941784,0.3177324017,0,-1.221322869,4.404136662,-3.182813788
114.93,-64.99637929,0.05295508705,0.5959941783,0.3177324017,0,-1.221322868,4.404136662,-3.182813788
114.94,-64.9963793,0.05295508705,0.5959941783,0.3177324017,0,-1.221322868,4.404136662,-3.182813789
114.95,-64.9963793,0.05295508705,0.5959941782,0.3177324017,0,-1.221322868,4.404136662,-3.182813789
114.96,-64.9963793,0.05295508705,0.5959941781,0.3177324017,0,-1.221322868,4.404136662,-3.182813789
114.97,-64.9963793,0.05295508705,0.5959941781,0.3177324017,0,-1.221322868,4.404136662,-3.182813789
114.98,-64.9963793,0.05295508705,0.595994178,0.3177324017,0,-1.221322868,4.404136661,-3.182813789
114.99,-64.9963793,0.05295508705,0.595994178,0.3177324017,0,-1.221322868,4.404136661,-3.182813789
115,-64.9963793,0.05295508704,0.5959941779,0.3177324017,0,-1.221322867,4.404136661,-3.182813789
115.01,-64.9963793,0.05295508704,0.5959941778,0.3177324017,0,-1.221322867,4.404136661,-3.182813789
115.02,-64.9963793,0.05295508704,0.5959941778,0.3177324017,0,-1.221322867,4.404136661,-3.182813789
115.03,-64.9963793,0.05295508704,0.5959941777,0.3177324017,0,-1.221322867,4.404136661,-3.182813789
115.04,-64.9963793,0.05295508704,0.5959941776,0.3177324017,0,-1.221322867,4.40413666,-3.182813789
115.05,-64.9963793,0.05295508704,0.5959941776,0.3177324017,0,-1.221322867,4.40413666,-3.182813789
115.06,-64.9963793,0.05295508704,0.5959941775,0.3177324017,0,-1.221322866,4.40413666,-3.182813789
115.07,-64.9963793,0.05295508704,0.5959941774,0.3177324017,0,-1.221322866,4.40413666,-3.182813789
115.08,-64.9963793,0.05295508704,0.5959941774,0.3177324016,0,-1.221322866,4.40413666,-3.182813789
115.09,-64.9963793,0.05295508704,0.5959941773,0.3177324016,0,-1.221322866,4.40413666,-3.182813789
115.1,-64.9963793,0.05295508704,0.5959941773,0.3177324016,0,-1.221322866,4.40413666,-3.182813789
115.11,-64.9963793,0.05295508704,0.5959941772,0.3177324016,0,-1.221322866,4.404136659,-3.182813789
115.12,-64.9963793,0.05295508704,0.5959941771,0.3177324016,0,-1.221322866,4.404136659,-3.182813789
115.13,-64.9963793,0.05295508704,0.5959941771,0.3177324016,0,-1.221322865,4.404136659,-3.182813789
115.14,-64.9963793,0.05295508704,0.595994177,0.3177324016,0,-1.221322865,4.404136659,-3.182813789
115.15,-64.9963793,0.05295508704,0.5959941769,0.3177324016,0,-1.221322865,4.404136659,-3.182813789
115.16,-64.9963793,0.05295508704,0.5959941769,0.3177324016,0,-1.221322865,4.404136659,-3.182813789
115.17,-64.9963793,0.05295508704,0.5959941768,0.3177324016,0,-1.221322865,4.404136658,-3.182813789
115.18,-64.9963793,0.05295508704,0.5959941768,0.3177324016,0,-1.221322865,4.404136658,-3.182813789
115.19,-64.9963793,0.05295508704,0.5959941767,0.3177324016,0,-1.221322865,4.404136658,-3.182813789
115.2,-64.9963793,0.05295508704,0.5959941766,0.3177324016,0,-1.221322864,4.404136658,-3.182813789
115.21,-64.9963793,0.05295508704,0.5959941766,0.3177324016,0,-1.221322864,4.404136658,-3.182813789
115.22,-64.9963793,0.05295508704,0.5959941765,0.3177324016,0,-1.221322864,4.404136658,-3.182813789
115.23,-64.9963793,0.05295508704,0.5959941764,0.3177324016,0,-1.221322864,4.404136658,-3.182813789
115.24,-64.9963793,0.05295508704,0.5959941764,0.3177324016,0,-1.221322864,4.404136657,-3.182813789
115.25,-64.9963793,0.05295508704,0.5959941763,0.3177324016,0,-1.221322864,4.404136657,-3.182813789
115.26,-64.9963793,0.05295508704,0.5959941763,0.3177324016,0,-1.221322863,4.404136657,-3.182813789
115.27,-64.9963793,0.05295508704,0.5959941762,0.3177324016,0,-1.221322863,4.404136657,-3.182813789
115.28,-64.9963793,0.05295508704,0.5959941761,0.3177324016,0,-1.221322863,4.404136657,-3.182813789
115.29,-64.9963793,0.05295508704,0.5959941761,0.3177324016,0,-1.221322863,4.404136657,-3.182813789
115.3,-64.9963793,0.05295508704,0.595994176,0.3177324016,0,-1.221322863,4.404136656,-3.182813789
115.31,-64.9963793,0.05295508703,0.5959941759,0.3177324016,0,-1.221322863,4.404136656,-3.182813789
115.32,-64.9963793,0.05295508703,0.5959941759,0.3177324016,0,-1.221322863,4.404136656,-3.182813789
115.33,-64.9963793,0.05295508703,0.5959941758,0.3177324016,0,-1.221322862,4.404136656,-3.182813789
115.34,-64.9963793,0.05295508703,0.5959941758,0.3177324016,0,-1.221322862,4.404136656,-3.182813789
115.35,-64.9963793,0.05295508703,0.5959941757,0.3177324016,0,-1.221322862,4.404136656,-3.182813789
115.36,-64.9963793,0.05295508703,0.5959941756,0.3177324016,0,-1.221322862,4.404136656,-3.182813789
115.37,-64.9963793,0.05295508703,0.5959941756,0.3177324016,0,-1.221322862,4.404136655,-3.182813789
115.38,-64.9963793,0.05295508703,0.5959941755,0.3177324016,0,-1.221322862,4.404136655,-3.182813789
115.39,-64.9963793,0.05295508703,0.5959941755,0.3177324016,0,-1.221322862,4.404136655,-3.182813789
115.4,-64.9963793,0.05295508703,0.5959941754,0.3177324016,0,-1.221322861,4.404136655,-3.182813789
115.41,-64.9963793,0.05295508703,0.5959941753,0.3177324016,0,-1.221322861,4.404136655,-3.182813789
115.42,-64.9963793,0.05295508703,0.5959941753,0.3177324016,0,-1.221322861,4.404136655,-3.182813789
115.43,-64.9963793,0.05295508703,0.5959941752,0.3177324016,0,-1.221322861,4.404136655,-3.182813789
115.44,-64.9963793,0.05295508703,0.5959941752,0.3177324016,0,-1.221322861,4.404136654,-3.182813789
115.45,-64.9963793,0.05295508703,0.5959941751,0.3177324016,0,-1.221322861,4.404136654,-3.182813789
115.46,-64.9963793,0.05295508703,0.595994175,0.3177324016,0,-1.221322861,4.404136654,-3.182813789
115.47,-64.9963793,0.05295508703,0.595994175,0.3177324016,0,-1.22132286,4.404136654,-3.182813789
115.48,-64.9963793,0.05295508703,0.5959941749,0.3177324016,0,-1.22132286,4.404136654,-3.182813789
115.49,-64.9963793,0.05295508703,0.5959941748,0.3177324015,0,-1.22132286,4.404136654,-3.182813789
115.5,-64.9963793,0.05295508703,0.5959941748,0.3177324015,0,-1.22132286,4.404136654,-3.182813789
115.51,-64.9963793,0.05295508703,0.5959941747,0.3177324015,0,-1.22132286,4.404136653,-3.182813789
115.52,-64.9963793,0.05295508703,0.5959941747,0.3177324015,0,-1.22132286,4.404136653,-3.182813789
115.53,-64.9963793,0.05295508703,0.5959941746,0.3177324015,0,-1.22132286,4.404136653,-3.182813789
115.54,-64.9963793,0.05295508703,0.5959941745,0.3177324015,0,-1.221322859,4.404136653,-3.182813789
115.55,-64.9963793,0.05295508703,0.5959941745,0.3177324015,0,-1.221322859,4.404136653,-3.182813789
115.56,-64.9963793,0.05295508703,0.5959941744,0.3177324015,0,-1.221322859,4.404136653,-3.182813789
115.57,-64.9963793,0.05295508703,0.5959941744,0.3177324015,0,-1.221322859,4.404136653,-3.182813789
115.58,-64.9963793,0.05295508703,0.5959941743,0.3177324015,0,-1.221322859,4.404136652,-3.182813789
115.59,-64.9963793,0.05295508703,0.5959941743,0.3177324015,0,-1.221322859,4.404136652,-3.182813789
115.6,-64.9963793,0.05295508703,0.5959941742,0.3177324015,0,-1.221322859,4.404136652,-3.182813789
115.61,-64.9963793,0.05295508703,0.5959941741,0.3177324015,0,-1.221322858,4.404136652,-3.182813789
115.62,-64.9963793,0.05295508703,0.5959941741,0.3177324015,0,-1.221322858,4.404136652,-3.182813789
115.63,-64.9963793,0.05295508703,0.595994174,0.3177324015,0,-1.221322858,4.404136652,-3.182813789
115.64,-64.9963793,0.05295508703,0.595994174,0.3177324015,0,-1.221322858,4.404136652,-3.182813789
115.65,-64.9963793,0.05295508702,0.5959941739,0.3177324015,0,-1.221322858,4.404136651,-3.182813789
115.66,-64.9963793,0.05295508702,0.5959941738,0.3177324015,0,-1.221322858,4.404136651,-3.18281379
115.67,-64.9963793,0.05295508702,0.5959941738,0.3177324015,0,-1.221322858,4.404136651,-3.18281379
115.68,-64.9963793,0.05295508702,0.5959941737,0.3177324015,0,-1.221322857,4.404136651,-3.18281379
115.69,-64.9963793,0.05295508702,0.5959941737,0.3177324015,0,-1.221322857,4.404136651,-3.18281379
115.7,-64.9963793,0.05295508702,0.5959941736,0.3177324015,0,-1.221322857,4.404136651,-3.18281379
115.71,-64.9963793,0.05295508702,0.5959941735,0.3177324015,0,-1.221322857,4.404136651,-3.18281379
115.72,-64.9963793,0.05295508702,0.5959941735,0.3177324015,0,-1.221322857,4.40413665,-3.18281379
115.73,-64.9963793,0.05295508702,0.5959941734,0.3177324015,0,-1.221322857,4.40413665,-3.18281379
115.74,-64.9963793,0.05295508702,0.5959941734,0.3177324015,0,-1.221322857,4.40413665,-3.18281379
115.75,-64.9963793,0.05295508702,0.5959941733,0.3177324015,0,-1.221322856,4.40413665,-3.18281379
115.76,-64.9963793,0.05295508702,0.5959941732,0.3177324015,0,-1.221322856,4.40413665,-3.18281379
115.77,-64.9963793,0.05295508702,0.5959941732,0.3177324015,0,-1.221322856,4.40413665,-3.18281379
115.78,-64.9963793,0.05295508702,0.5959941731,0.3177324015,0,-1.221322856,4.40413665,-3.18281379
115.79,-64.9963793,0.05295508702,0.5959941731,0.3177324015,0,-1.221322856,4.404136649,-3.18281379
115.8,-64.9963793,0.05295508702,0.595994173,0.3177324015,0,-1.221322856,4.404136649,-3.18281379
115.81,-64.9963793,0.05295508702,0.595994173,0.3177324015,0,-1.221322856,4.404136649,-3.18281379
115.82,-64.9963793,0.05295508702,0.5959941729,0.3177324015,0,-1.221322856,4.404136649,-3.18281379
115.83,-64.9963793,0.05295508702,0.5959941728,0.3177324015,0,-1.221322855,4.404136649,-3.18281379
115.84,-64.9963793,0.05295508702,0.5959941728,0.3177324015,0,-1.221322855,4.404136649,-3.18281379
115.85,-64.9963793,0.05295508702,0.5959941727,0.3177324015,0,-1.221322855,4.404136649,-3.18281379
115.86,-64.9963793,0.05295508702,0.5959941727,0.3177324015,0,-1.221322855,4.404136648,-3.18281379
115.87,-64.9963793,0.05295508702,0.5959941726,0.3177324015,0,-1.221322855,4.404136648,-3.18281379
115.88,-64.9963793,0.05295508702,0.5959941726,0.3177324015,0,-1.221322855,4.404136648,-3.18281379
115.89,-64.9963793,0.05295508702,0.5959941725,0.3177324015,0,-1.221322855,4.404136648,-3.18281379
115.9,-64.9963793,0.05295508702,0.5959941724,0.3177324015,0,-1.221322854,4.404136648,-3.18281379
115.91,-64.9963793,0.05295508702,0.5959941724,0.3177324015,0,-1.221322854,4.404136648,-3.18281379
115.92,-64.9963793,0.05295508702,0.5959941723,0.3177324015,0,-1.221322854,4.404136648,-3.18281379
115.93,-64.9963793,0.05295508702,0.5959941723,0.3177324015,0,-1.221322854,4.404136648,-3.18281379
115.94,-64.9963793,0.05295508702,0.5959941722,0.3177324014,0,-1.221322854,4.404136647,-3.18281379
115.95,-64.9963793,0.05295508702,0.5959941722,0.3177324014,0,-1.221322854,4.404136647,-3.18281379
115.96,-64.9963793,0.05295508702,0.5959941721,0.3177324014,0,-1.221322854,4.404136647,-3.18281379
115.97,-64.9963793,0.05295508702,0.595994172,0.3177324014,0,-1.221322854,4.404136647,-3.18281379
115.98,-64.9963793,0.05295508702,0.595994172,0.3177324014,0,-1.221322853,4.404136647,-3.18281379
115.99,-64.9963793,0.05295508702,0.5959941719,0.3177324014,0,-1.221322853,4.404136647,-3.18281379
116,-64.9963793,0.05295508702,0.5959941719,0.3177324014,0,-1.221322853,4.404136647,-3.18281379
116.01,-64.9963793,0.05295508702,0.5959941718,0.3177324014,0,-1.221322853,4.404136646,-3.18281379
116.02,-64.9963793,0.05295508702,0.5959941718,0.3177324014,0,-1.221322853,4.404136646,-3.18281379
116.03,-64.9963793,0.05295508702,0.5959941717,0.3177324014,0,-1.221322853,4.404136646,-3.18281379
116.04,-64.9963793,0.05295508701,0.5959941716,0.3177324014,0,-1.221322853,4.404136646,-3.18281379
116.05,-64.9963793,0.05295508701,0.5959941716,0.3177324014,0,-1.221322852,4.404136646,-3.18281379
116.06,-64.9963793,0.05295508701,0.5959941715,0.3177324014,0,-1.221322852,4.404136646,-3.18281379
116.07,-64.9963793,0.05295508701,0.5959941715,0.3177324014,0,-1.221322852,4.404136646,-3.18281379
116.08,-64.9963793,0.05295508701,0.5959941714,0.3177324014,0,-1.221322852,4.404136646,-3.18281379
116.09,-64.9963793,0.05295508701,0.5959941714,0.3177324014,0,-1.221322852,4.404136645,-3.18281379
116.1,-64.9963793,0.05295508701,0.5959941713,0.3177324014,0,-1.221322852,4.404136645,-3.18281379
116.11,-64.9963793,0.05295508701,0.5959941713,0.3177324014,0,-1.221322852,4.404136645,-3.18281379
116.12,-64.9963793,0.05295508701,0.5959941712,0.3177324014,0,-1.221322852,4.404136645,-3.18281379
116.13,-64.9963793,0.05295508701,0.5959941711,0.3177324014,0,-1.221322851,4.404136645,-3.18281379
116.14,-64.9963793,0.05295508701,0.5959941711,0.3177324014,0,-1.221322851,4.404136645,-3.18281379
116.15,-64.9963793,0.05295508701,0.595994171,0.3177324014,0,-1.221322851,4.404136645,-3.18281379
116.16,-64.9963793,0.05295508701,0.595994171,0.3177324014,0,-1.221322851,4.404136644,-3.18281379
116.17,-64.9963793,0.05295508701,0.5959941709,0.3177324014,0,-1.221322851,4.404136644,-3.18281379
116.18,-64.9963793,0.05295508701,0.5959941709,0.3177324014,0,-1.221322851,4.404136644,-3.18281379
116.19,-64.9963793,0.05295508701,0.5959941708,0.3177324014,0,-1.221322851,4.404136644,-3.18281379
116.2,-64.9963793,0.05295508701,0.5959941708,0.3177324014,0,-1.221322851,4.404136644,-3.18281379
116.21,-64.9963793,0.05295508701,0.5959941707,0.3177324014,0,-1.22132285,4.404136644,-3.18281379
116.22,-64.9963793,0.05295508701,0.5959941706,0.3177324014,0,-1.22132285,4.404136644,-3.18281379
116.23,-64.9963793,0.05295508701,0.5959941706,0.3177324014,0,-1.22132285,4.404136644,-3.18281379
116.24,-64.9963793,0.05295508701,0.5959941705,0.3177324014,0,-1.22132285,4.404136643,-3.18281379
116.25,-64.9963793,0.05295508701,0.5959941705,0.3177324014,0,-1.22132285,4.404136643,-3.18281379
116.26,-64.9963793,0.05295508701,0.5959941704,0.3177324014,0,-1.22132285,4.404136643,-3.18281379
116.27,-64.9963793,0.05295508701,0.5959941704,0.3177324014,0,-1.22132285,4.404136643,-3.18281379
116.28,-64.9963793,0.05295508701,0.5959941703,0.3177324014,0,-1.221322849,4.404136643,-3.18281379
116.29,-64.9963793,0.05295508701,0.5959941703,0.3177324014,0,-1.221322849,4.404136643,-3.18281379
116.3,-64.9963793,0.05295508701,0.5959941702,0.3177324014,0,-1.221322849,4.404136643,-3.18281379
116.31,-64.9963793,0.05295508701,0.5959941701,0.3177324014,0,-1.221322849,4.404136643,-3.18281379
116.32,-64.9963793,0.05295508701,0.5959941701,0.3177324014,0,-1.221322849,4.404136642,-3.18281379
116.33,-64.9963793,0.05295508701,0.59599417,0.3177324014,0,-1.221322849,4.404136642,-3.18281379
116.34,-64.9963793,0.05295508701,0.59599417,0.3177324014,0,-1.221322849,4.404136642,-3.18281379
116.35,-64.9963793,0.05295508701,0.5959941699,0.3177324014,0,-1.221322849,4.404136642,-3.18281379
116.36,-64.9963793,0.05295508701,0.5959941699,0.3177324014,0,-1.221322848,4.404136642,-3.18281379
116.37,-64.9963793,0.05295508701,0.5959941698,0.3177324014,0,-1.221322848,4.404136642,-3.18281379
116.38,-64.9963793,0.05295508701,0.5959941698,0.3177324014,0,-1.221322848,4.404136642,-3.18281379
116.39,-64.9963793,0.05295508701,0.5959941697,0.3177324014,0,-1.221322848,4.404136642,-3.18281379
116.4,-64.9963793,0.05295508701,0.5959941697,0.3177324013,0,-1.221322848,4.404136641,-3.18281379
116.41,-64.9963793,0.05295508701,0.5959941696,0.3177324013,0,-1.221322848,4.404136641,-3.18281379
116.42,-64.9963793,0.05295508701,0.5959941696,0.3177324013,0,-1.221322848,4.404136641,-3.18281379
116.43,-64.9963793,0.05295508701,0.5959941695,0.3177324013,0,-1.221322848,4.404136641,-3.18281379
116.44,-64.9963793,0.05295508701,0.5959941694,0.3177324013,0,-1.221322847,4.404136641,-3.18281379
116.45,-64.9963793,0.05295508701,0.5959941694,0.3177324013,0,-1.221322847,4.404136641,-3.18281379
116.46,-64.9963793,0.05295508701,0.5959941693,0.3177324013,0,-1.221322847,4.404136641,-3.18281379
116.47,-64.9963793,0.05295508701,0.5959941693,0.3177324013,0,-1.221322847,4.404136641,-3.18281379
116.48,-64.9963793,0.05295508701,0.5959941692,0.3177324013,0,-1.221322847,4.40413664,-3.18281379
116.49,-64.9963793,0.052955087,0.5959941692,0.3177324013,0,-1.221322847,4.40413664,-3.18281379
116.5,-64.9963793,0.052955087,0.5959941691,0.3177324013,0,-1.221322847,4.40413664,-3.18281379
116.51,-64.9963793,0.052955087,0.5959941691,0.3177324013,0,-1.221322847,4.40413664,-3.18281379
116.52,-64.9963793,0.052955087,0.595994169,0.3177324013,0,-1.221322846,4.40413664,-3.18281379
116.53,-64.9963793,0.052955087,0.595994169,0.3177324013,0,-1.221322846,4.40413664,-3.18281379
116.54,-64.9963793,0.052955087,0.5959941689,0.3177324013,0,-1.221322846,4.40413664,-3.18281379
116.55,-64.9963793,0.052955087,0.5959941689,0.3177324013,0,-1.221322846,4.40413664,-3.18281379
116.56,-64.9963793,0.052955087,0.5959941688,0.3177324013,0,-1.221322846,4.404136639,-3.18281379
116.57,-64.9963793,0.052955087,0.5959941688,0.3177324013,0,-1.221322846,4.404136639,-3.18281379
116.58,-64.9963793,0.052955087,0.5959941687,0.3177324013,0,-1.221322846,4.404136639,-3.18281379
116.59,-64.9963793,0.052955087,0.5959941686,0.3177324013,0,-1.221322846,4.404136639,-3.18281379
116.6,-64.9963793,0.052955087,0.5959941686,0.3177324013,0,-1.221322846,4.404136639,-3.18281379
116.61,-64.9963793,0.052955087,0.5959941685,0.3177324013,0,-1.221322845,4.404136639,-3.18281379
116.62,-64.9963793,0.052955087,0.5959941685,0.3177324013,0,-1.221322845,4.404136639,-3.18281379
116.63,-64.9963793,0.052955087,0.5959941684,0.3177324013,0,-1.221322845,4.404136639,-3.18281379
116.64,-64.9963793,0.052955087,0.5959941684,0.3177324013,0,-1.221322845,4.404136638,-3.182813791
116.65,-64.9963793,0.052955087,0.5959941683,0.3177324013,0,-1.221322845,4.404136638,-3.182813791
116.66,-64.9963793,0.052955087,0.5959941683,0.3177324013,0,-1.221322845,4.404136638,-3.182813791
116.67,-64.9963793,0.052955087,0.5959941682,0.3177324013,0,-1.221322845,4.404136638,-3.182813791
116.68,-64.9963793,0.052955087,0.5959941682,0.3177324013,0,-1.221322845,4.404136638,-3.182813791
116.69,-64.9963793,0.052955087,0.5959941681,0.3177324013,0,-1.221322844,4.404136638,-3.182813791
116.7,-64.9963793,0.052955087,0.5959941681,0.3177324013,0,-1.221322844,4.404136638,-3.182813791
116.71,-64.9963793,0.052955087,0.595994168,0.3177324013,0,-1.221322844,4.404136638,-3.182813791
116.72,-64.9963793,0.052955087,0.595994168,0.3177324013,0,-1.221322844,4.404136637,-3.182813791
116.73,-64.9963793,0.052955087,0.5959941679,0.3177324013,0,-1.221322844,4.404136637,-3.182813791
116.74,-64.9963793,0.052955087,0.5959941679,0.3177324013,0,-1.221322844,4.404136637,-3.182813791
116.75,-64.9963793,0.052955087,0.5959941678,0.3177324013,0,-1.221322844,4.404136637,-3.182813791
116.76,-64.9963793,0.052955087,0.5959941678,0.3177324013,0,-1.221322844,4.404136637,-3.182813791
116.77,-64.9963793,0.052955087,0.5959941677,0.3177324013,0,-1.221322843,4.404136637,-3.182813791
116.78,-64.9963793,0.052955087,0.5959941677,0.3177324013,0,-1.221322843,4.404136637,-3.182813791
116.79,-64.9963793,0.052955087,0.5959941676,0.3177324013,0,-1.221322843,4.404136637,-3.182813791
116.8,-64.9963793,0.052955087,0.5959941675,0.3177324013,0,-1.221322843,4.404136637,-3.182813791
116.81,-64.9963793,0.052955087,0.5959941675,0.3177324013,0,-1.221322843,4.404136636,-3.182813791
116.82,-64.9963793,0.052955087,0.5959941674,0.3177324013,0,-1.221322843,4.404136636,-3.182813791
116.83,-64.9963793,0.052955087,0.5959941674,0.3177324013,0,-1.221322843,4.404136636,-3.182813791
116.84,-64.9963793,0.052955087,0.5959941673,0.3177324013,0,-1.221322843,4.404136636,-3.182813791
116.85,-64.9963793,0.052955087,0.5959941673,0.3177324013,0,-1.221322843,4.404136636,-3.182813791
116.86,-64.9963793,0.052955087,0.5959941672,0.3177324013,0,-1.221322842,4.404136636,-3.182813791
116.87,-64.9963793,0.052955087,0.5959941672,0.3177324013,0,-1.221322842,4.404136636,-3.182813791
116.88,-64.9963793,0.052955087,0.5959941671,0.3177324013,0,-1.221322842,4.404136636,-3.182813791
116.89,-64.9963793,0.052955087,0.5959941671,0.3177324013,0,-1.221322842,4.404136635,-3.182813791
116.9,-64.9963793,0.052955087,0.595994167,0.3177324013,0,-1.221322842,4.404136635,-3.182813791
116.91,-64.9963793,0.052955087,0.595994167,0.3177324012,0,-1.221322842,4.404136635,-3.182813791
116.92,-64.9963793,0.052955087,0.5959941669,0.3177324012,0,-1.221322842,4.404136635,-3.182813791
116.93,-64.9963793,0.052955087,0.5959941669,0.3177324012,0,-1.221322842,4.404136635,-3.182813791
116.94,-64.9963793,0.052955087,0.5959941668,0.3177324012,0,-1.221322841,4.404136635,-3.182813791
116.95,-64.9963793,0.052955087,0.5959941668,0.3177324012,0,-1.221322841,4.404136635,-3.182813791
116.96,-64.9963793,0.052955087,0.5959941667,0.3177324012,0,-1.221322841,4.404136635,-3.182813791
116.97,-64.9963793,0.052955087,0.5959941667,0.3177324012,0,-1.221322841,4.404136635,-3.182813791
116.98,-64.9963793,0.052955087,0.5959941666,0.3177324012,0,-1.221322841,4.404136634,-3.182813791
116.99,-64.9963793,0.052955087,0.5959941666,0.3177324012,0,-1.221322841,4.404136634,-3.182813791
117,-64.9963793,0.052955087,0.5959941665,0.3177324012,0,-1.221322841,4.404136634,-3.182813791
117.01,-64.9963793,0.052955087,0.5959941665,0.3177324012,0,-1.221322841,4.404136634,-3.182813791
117.02,-64.9963793,0.05295508699,0.5959941664,0.3177324012,0,-1.221322841,4.404136634,-3.182813791
117.03,-64.9963793,0.05295508699,0.5959941664,0.3177324012,0,-1.22132284,4.404136634,-3.182813791
117.04,-64.9963793,0.05295508699,0.5959941663,0.3177324012,0,-1.22132284,4.404136634,-3.182813791
117.05,-64.9963793,0.05295508699,0.5959941663,0.3177324012,0,-1.22132284,4.404136634,-3.182813791
117.06,-64.9963793,0.05295508699,0.5959941662,0.3177324012,0,-1.22132284,4.404136633,-3.182813791
117.07,-64.9963793,0.05295508699,0.5959941662,0.3177324012,0,-1.22132284,4.404136633,-3.182813791
117.08,-64.9963793,0.05295508699,0.5959941661,0.3177324012,0,-1.22132284,4.404136633,-3.182813791
117.09,-64.9963793,0.05295508699,0.5959941661,0.3177324012,0,-1.22132284,4.404136633,-3.182813791
117.1,-64.9963793,0.05295508699,0.595994166,0.3177324012,0,-1.22132284,4.404136633,-3.182813791
117.11,-64.9963793,0.05295508699,0.595994166,0.3177324012,0,-1.22132284,4.404136633,-3.182813791
117.12,-64.9963793,0.05295508699,0.5959941659,0.3177324012,0,-1.221322839,4.404136633,-3.182813791
117.13,-64.9963793,0.05295508699,0.5959941659,0.3177324012,0,-1.221322839,4.404136633,-3.182813791
117.14,-64.9963793,0.05295508699,0.5959941658,0.3177324012,0,-1.221322839,4.404136633,-3.182813791
117.15,-64.9963793,0.05295508699,0.5959941658,0.3177324012,0,-1.221322839,4.404136632,-3.182813791
117.16,-64.9963793,0.05295508699,0.5959941657,0.3177324012,0,-1.221322839,4.404136632,-3.182813791
117.17,-64.9963793,0.05295508699,0.5959941657,0.3177324012,0,-1.221322839,4.404136632,-3.182813791
117.18,-64.9963793,0.05295508699,0.5959941656,0.3177324012,0,-1.221322839,4.404136632,-3.182813791
117.19,-64.9963793,0.05295508699,0.5959941656,0.3177324012,0,-1.221322839,4.404136632,-3.182813791
117.2,-64.9963793,0.05295508699,0.5959941655,0.3177324012,0,-1.221322839,4.404136632,-3.182813791
117.21,-64.9963793,0.05295508699,0.5959941655,0.3177324012,0,-1.221322838,4.404136632,-3.182813791
117.22,-64.9963793,0.05295508699,0.5959941654,0.3177324012,0,-1.221322838,4.404136632,-3.182813791
117.23,-64.9963793,0.05295508699,0.5959941654,0.3177324012,0,-1.221322838,4.404136632,-3.182813791
117.24,-64.9963793,0.05295508699,0.5959941653,0.3177324012,0,-1.221322838,4.404136631,-3.182813791
117.25,-64.9963793,0.05295508699,0.5959941653,0.3177324012,0,-1.221322838,4.404136631,-3.182813791
117.26,-64.9963793,0.05295508699,0.5959941652,0.3177324012,0,-1.221322838,4.404136631,-3.182813791
117.27,-64.9963793,0.05295508699,0.5959941652,0.3177324012,0,-1.221322838,4.404136631,-3.182813791
117.28,-64.9963793,0.05295508699,0.5959941651,0.3177324012,0,-1.221322838,4.404136631,-3.182813791
117.29,-64.9963793,0.05295508699,0.5959941651,0.3177324012,0,-1.221322838,4.404136631,-3.182813791
117.3,-64.9963793,0.05295508699,0.5959941651,0.3177324012,0,-1.221322837,4.404136631,-3.182813791
117.31,-64.9963793,0.05295508699,0.595994165,0.3177324012,0,-1.221322837,4.404136631,-3.182813791
117.32,-64.9963793,0.05295508699,0.595994165,0.3177324012,0,-1.221322837,4.404136631,-3.182813791
117.33,-64.9963793,0.05295508699,0.5959941649,0.3177324012,0,-1.221322837,4.40413663,-3.182813791
117.34,-64.9963793,0.05295508699,0.5959941649,0.3177324012,0,-1.221322837,4.40413663,-3.182813791
117.35,-64.9963793,0.05295508699,0.5959941648,0.3177324012,0,-1.221322837,4.40413663,-3.182813791
117.36,-64.9963793,0.05295508699,0.5959941648,0.3177324012,0,-1.221322837,4.40413663,-3.182813791
117.37,-64.9963793,0.05295508699,0.5959941647,0.3177324012,0,-1.221322837,4.40413663,-3.182813791
117.38,-64.9963793,0.05295508699,0.5959941647,0.3177324012,0,-1.221322837,4.40413663,-3.182813791
117.39,-64.9963793,0.05295508699,0.5959941646,0.3177324012,0,-1.221322836,4.40413663,-3.182813791
117.4,-64.9963793,0.05295508699,0.5959941646,0.3177324012,0,-1.221322836,4.40413663,-3.182813791
117.41,-64.9963793,0.05295508699,0.5959941645,0.3177324012,0,-1.221322836,4.40413663,-3.182813791
117.42,-64.9963793,0.05295508699,0.5959941645,0.3177324012,0,-1.221322836,4.40413663,-3.182813791
117.43,-64.9963793,0.05295508699,0.5959941644,0.3177324012,0,-1.221322836,4.404136629,-3.182813791
117.44,-64.9963793,0.05295508699,0.5959941644,0.3177324012,0,-1.221322836,4.404136629,-3.182813791
117.45,-64.9963793,0.05295508699,0.5959941643,0.3177324011,0,-1.221322836,4.404136629,-3.182813791
117.46,-64.9963793,0.05295508699,0.5959941643,0.3177324011,0,-1.221322836,4.404136629,-3.182813791
117.47,-64.9963793,0.05295508699,0.5959941642,0.3177324011,0,-1.221322836,4.404136629,-3.182813791
117.48,-64.9963793,0.05295508699,0.5959941642,0.3177324011,0,-1.221322835,4.404136629,-3.182813791
117.49,-64.9963793,0.05295508699,0.5959941641,0.3177324011,0,-1.221322835,4.404136629,-3.182813791
117.5,-64.9963793,0.05295508699,0.5959941641,0.3177324011,0,-1.221322835,4.404136629,-3.182813791
117.51,-64.9963793,0.05295508699,0.595994164,0.3177324011,0,-1.221322835,4.404136629,-3.182813791
117.52,-64.9963793,0.05295508699,0.595994164,0.3177324011,0,-1.221322835,4.404136628,-3.182813791
117.53,-64.9963793,0.05295508699,0.595994164,0.3177324011,0,-1.221322835,4.404136628,-3.182813791
117.54,-64.9963793,0.05295508699,0.5959941639,0.3177324011,0,-1.221322835,4.404136628,-3.182813791
117.55,-64.9963793,0.05295508699,0.5959941639,0.3177324011,0,-1.221322835,4.404136628,-3.182813791
117.56,-64.9963793,0.05295508699,0.5959941638,0.3177324011,0,-1.221322835,4.404136628,-3.182813791
117.57,-64.9963793,0.05295508699,0.5959941638,0.3177324011,0,-1.221322834,4.404136628,-3.182813791
117.58,-64.9963793,0.05295508699,0.5959941637,0.3177324011,0,-1.221322834,4.404136628,-3.182813791
117.59,-64.9963793,0.05295508699,0.5959941637,0.3177324011,0,-1.221322834,4.404136628,-3.182813791
117.6,-64.9963793,0.05295508699,0.5959941636,0.3177324011,0,-1.221322834,4.404136628,-3.182813791
117.61,-64.9963793,0.05295508699,0.5959941636,0.3177324011,0,-1.221322834,4.404136628,-3.182813791
117.62,-64.9963793,0.05295508699,0.5959941635,0.3177324011,0,-1.221322834,4.404136627,-3.182813791
117.63,-64.9963793,0.05295508699,0.5959941635,0.3177324011,0,-1.221322834,4.404136627,-3.182813791
117.64,-64.9963793,0.05295508698,0.5959941634,0.3177324011,0,-1.221322834,4.404136627,-3.182813791
117.65,-64.9963793,0.05295508698,0.5959941634,0.3177324011,0,-1.221322834,4.404136627,-3.182813791
117.66,-64.9963793,0.05295508698,0.5959941633,0.3177324011,0,-1.221322834,4.404136627,-3.182813791
117.67,-64.9963793,0.05295508698,0.5959941633,0.3177324011,0,-1.221322833,4.404136627,-3.182813791
117.68,-64.9963793,0.05295508698,0.5959941633,0.3177324011,0,-1.221322833,4.404136627,-3.182813791
117.69,-64.9963793,0.05295508698,0.5959941632,0.3177324011,0,-1.221322833,4.404136627,-3.182813791
117.7,-64.9963793,0.05295508698,0.5959941632,0.3177324011,0,-1.221322833,4.404136627,-3.182813791
117.71,-64.9963793,0.05295508698,0.5959941631,0.3177324011,0,-1.221322833,4.404136626,-3.182813791
117.72,-64.9963793,0.05295508698,0.5959941631,0.3177324011,0,-1.221322833,4.404136626,-3.182813791
117.73,-64.9963793,0.05295508698,0.595994163,0.3177324011,0,-1.221322833,4.404136626,-3.182813791
117.74,-64.9963793,0.05295508698,0.595994163,0.3177324011,0,-1.221322833,4.404136626,-3.182813791
117.75,-64.9963793,0.05295508698,0.5959941629,0.3177324011,0,-1.221322833,4.404136626,-3.182813791
117.76,-64.9963793,0.05295508698,0.5959941629,0.3177324011,0,-1.221322832,4.404136626,-3.182813791
117.77,-64.9963793,0.05295508698,0.5959941628,0.3177324011,0,-1.221322832,4.404136626,-3.182813791
117.78,-64.9963793,0.05295508698,0.5959941628,0.3177324011,0,-1.221322832,4.404136626,-3.182813791
117.79,-64.9963793,0.05295508698,0.5959941627,0.3177324011,0,-1.221322832,4.404136626,-3.182813791
117.8,-64.9963793,0.05295508698,0.5959941627,0.3177324011,0,-1.221322832,4.404136626,-3.182813791
117.81,-64.9963793,0.05295508698,0.5959941627,0.3177324011,0,-1.221322832,4.404136625,-3.182813791
117.82,-64.9963793,0.05295508698,0.5959941626,0.3177324011,0,-1.221322832,4.404136625,-3.182813791
117.83,-64.9963793,0.05295508698,0.5959941626,0.3177324011,0,-1.221322832,4.404136625,-3.182813791
117.84,-64.9963793,0.05295508698,0.5959941625,0.3177324011,0,-1.221322832,4.404136625,-3.182813791
117.85,-64.9963793,0.05295508698,0.5959941625,0.3177324011,0,-1.221322832,4.404136625,-3.182813791
117.86,-64.9963793,0.05295508698,0.5959941624,0.3177324011,0,-1.221322831,4.404136625,-3.182813791
117.87,-64.9963793,0.05295508698,0.5959941624,0.3177324011,0,-1.221322831,4.404136625,-3.182813791
117.88,-64.9963793,0.05295508698,0.5959941623,0.3177324011,0,-1.221322831,4.404136625,-3.182813791
117.89,-64.9963793,0.05295508698,0.5959941623,0.3177324011,0,-1.221322831,4.404136625,-3.182813791
117.9,-64.9963793,0.05295508698,0.5959941622,0.3177324011,0,-1.221322831,4.404136625,-3.182813791
117.91,-64.9963793,0.05295508698,0.5959941622,0.3177324011,0,-1.221322831,4.404136624,-3.182813791
117.92,-64.9963793,0.05295508698,0.5959941622,0.3177324011,0,-1.221322831,4.404136624,-3.182813791
117.93,-64.9963793,0.05295508698,0.5959941621,0.3177324011,0,-1.221322831,4.404136624,-3.182813791
117.94,-64.9963793,0.05295508698,0.5959941621,0.3177324011,0,-1.221322831,4.404136624,-3.182813791
117.95,-64.9963793,0.05295508698,0.595994162,0.3177324011,0,-1.221322831,4.404136624,-3.182813791
117.96,-64.9963793,0.05295508698,0.595994162,0.3177324011,0,-1.22132283,4.404136624,-3.182813791
117.97,-64.9963793,0.05295508698,0.5959941619,0.3177324011,0,-1.22132283,4.404136624,-3.182813791
117.98,-64.9963793,0.05295508698,0.5959941619,0.3177324011,0,-1.22132283,4.404136624,-3.182813791
117.99,-64.9963793,0.05295508698,0.5959941618,0.3177324011,0,-1.22132283,4.404136624,-3.182813791
118,-64.9963793,0.05295508698,0.5959941618,0.3177324011,0,-1.22132283,4.404136624,-3.182813791
118.01,-64.9963793,0.05295508698,0.5959941618,0.3177324011,0,-1.22132283,4.404136623,-3.182813791
118.02,-64.99637931,0.05295508698,0.5959941617,0.3177324011,0,-1.22132283,4.404136623,-3.182813792
118.03,-64.99637931,0.05295508698,0.5959941617,0.3177324011,0,-1.22132283,4.404136623,-3.182813792
118.04,-64.99637931,0.05295508698,0.5959941616,0.317732401,0,-1.22132283,4.404136623,-3.182813792
118.05,-64.99637931,0.05295508698,0.5959941616,0.317732401,0,-1.22132283,4.404136623,-3.182813792
118.06,-64.99637931,0.05295508698,0.5959941615,0.317732401,0,-1.221322829,4.404136623,-3.182813792
118.07,-64.99637931,0.05295508698,0.5959941615,0.317732401,0,-1.221322829,4.404136623,-3.182813792
118.08,-64.99637931,0.05295508698,0.5959941614,0.317732401,0,-1.221322829,4.404136623,-3.182813792
118.09,-64.99637931,0.05295508698,0.5959941614,0.317732401,0,-1.221322829,4.404136623,-3.182813792
118.1,-64.99637931,0.05295508698,0.5959941614,0.317732401,0,-1.221322829,4.404136623,-3.182813792
118.11,-64.99637931,0.05295508698,0.5959941613,0.317732401,0,-1.221322829,4.404136623,-3.182813792
118.12,-64.99637931,0.05295508698,0.5959941613,0.317732401,0,-1.221322829,4.404136622,-3.182813792
118.13,-64.99637931,0.05295508698,0.5959941612,0.317732401,0,-1.221322829,4.404136622,-3.182813792
118.14,-64.99637931,0.05295508698,0.5959941612,0.317732401,0,-1.221322829,4.404136622,-3.182813792
118.15,-64.99637931,0.05295508698,0.5959941611,0.317732401,0,-1.221322829,4.404136622,-3.182813792
118.16,-64.99637931,0.05295508698,0.5959941611,0.317732401,0,-1.221322828,4.404136622,-3.182813792
118.17,-64.99637931,0.05295508698,0.595994161,0.317732401,0,-1.221322828,4.404136622,-3.182813792
118.18,-64.99637931,0.05295508698,0.595994161,0.317732401,0,-1.221322828,4.404136622,-3.182813792
118.19,-64.99637931,0.05295508698,0.595994161,0.317732401,0,-1.221322828,4.404136622,-3.182813792
118.2,-64.99637931,0.05295508698,0.5959941609,0.317732401,0,-1.221322828,4.404136622,-3.182813792
118.21,-64.99637931,0.05295508698,0.5959941609,0.317732401,0,-1.221322828,4.404136622,-3.182813792
118.22,-64.99637931,0.05295508698,0.5959941608,0.317732401,0,-1.221322828,4.404136621,-3.182813792
118.23,-64.99637931,0.05295508698,0.5959941608,0.317732401,0,-1.221322828,4.404136621,-3.182813792
118.24,-64.99637931,0.05295508698,0.5959941607,0.317732401,0,-1.221322828,4.404136621,-3.182813792
118.25,-64.99637931,0.05295508698,0.5959941607,0.317732401,0,-1.221322828,4.404136621,-3.182813792
118.26,-64.99637931,0.05295508698,0.5959941607,0.317732401,0,-1.221322827,4.404136621,-3.182813792
118.27,-64.99637931,0.05295508698,0.5959941606,0.317732401,0,-1.221322827,4.404136621,-3.182813792
118.28,-64.99637931,0.05295508698,0.5959941606,0.317732401,0,-1.221322827,4.404136621,-3.182813792
118.29,-64.99637931,0.05295508698,0.5959941605,0.317732401,0,-1.221322827,4.404136621,-3.182813792
118.3,-64.99637931,0.05295508698,0.5959941605,0.317732401,0,-1.221322827,4.404136621,-3.182813792
118.31,-64.99637931,0.05295508698,0.5959941604,0.317732401,0,-1.221322827,4.404136621,-3.182813792
118.32,-64.99637931,0.05295508698,0.5959941604,0.317732401,0,-1.221322827,4.404136621,-3.182813792
118.33,-64.99637931,0.05295508698,0.5959941604,0.317732401,0,-1.221322827,4.40413662,-3.182813792
118.34,-64.99637931,0.05295508698,0.5959941603,0.317732401,0,-1.221322827,4.40413662,-3.182813792
118.35,-64.99637931,0.05295508698,0.5959941603,0.317732401,0,-1.221322827,4.40413662,-3.182813792
118.36,-64.99637931,0.05295508698,0.5959941602,0.317732401,0,-1.221322827,4.40413662,-3.182813792
118.37,-64.99637931,0.05295508698,0.5959941602,0.317732401,0,-1.221322826,4.40413662,-3.182813792
118.38,-64.99637931,0.05295508698,0.5959941601,0.317732401,0,-1.221322826,4.40413662,-3.182813792
118.39,-64.99637931,0.05295508697,0.5959941601,0.317732401,0,-1.221322826,4.40413662,-3.182813792
118.4,-64.99637931,0.05295508697,0.5959941601,0.317732401,0,-1.221322826,4.40413662,-3.182813792
118.41,-64.99637931,0.05295508697,0.59599416,0.317732401,0,-1.221322826,4.40413662,-3.182813792
118.42,-64.99637931,0.05295508697,0.59599416,0.317732401,0,-1.221322826,4.40413662,-3.182813792
118.43,-64.99637931,0.05295508697,0.5959941599,0.317732401,0,-1.221322826,4.404136619,-3.182813792
118.44,-64.99637931,0.05295508697,0.5959941599,0.317732401,0,-1.221322826,4.404136619,-3.182813792
118.45,-64.99637931,0.05295508697,0.5959941598,0.317732401,0,-1.221322826,4.404136619,-3.182813792
118.46,-64.99637931,0.05295508697,0.5959941598,0.317732401,0,-1.221322826,4.404136619,-3.182813792
118.47,-64.99637931,0.05295508697,0.5959941598,0.317732401,0,-1.221322825,4.404136619,-3.182813792
118.48,-64.99637931,0.05295508697,0.5959941597,0.317732401,0,-1.221322825,4.404136619,-3.182813792
118.49,-64.99637931,0.05295508697,0.5959941597,0.317732401,0,-1.221322825,4.404136619,-3.182813792
118.5,-64.99637931,0.05295508697,0.5959941596,0.317732401,0,-1.221322825,4.404136619,-3.182813792
118.51,-64.99637931,0.05295508697,0.5959941596,0.317732401,0,-1.221322825,4.404136619,-3.182813792
118.52,-64.99637931,0.05295508697,0.5959941595,0.317732401,0,-1.221322825,4.404136619,-3.182813792
118.53,-64.99637931,0.05295508697,0.5959941595,0.317732401,0,-1.221322825,4.404136619,-3.182813792
118.54,-64.99637931,0.05295508697,0.5959941595,0.317732401,0,-1.221322825,4.404136618,-3.182813792
118.55,-64.99637931,0.05295508697,0.5959941594,0.317732401,0,-1.221322825,4.404136618,-3.182813792
118.56,-64.99637931,0.05295508697,0.5959941594,0.317732401,0,-1.221322825,4.404136618,-3.182813792
118.57,-64.99637931,0.05295508697,0.5959941593,0.317732401,0,-1.221322825,4.404136618,-3.182813792
118.58,-64.99637931,0.05295508697,0.5959941593,0.317732401,0,-1.221322824,4.404136618,-3.182813792
118.59,-64.99637931,0.05295508697,0.5959941593,0.317732401,0,-1.221322824,4.404136618,-3.182813792
118.6,-64.99637931,0.05295508697,0.5959941592,0.317732401,0,-1.221322824,4.404136618,-3.182813792
118.61,-64.99637931,0.05295508697,0.5959941592,0.317732401,0,-1.221322824,4.404136618,-3.182813792
118.62,-64.99637931,0.05295508697,0.5959941591,0.317732401,0,-1.221322824,4.404136618,-3.182813792
118.63,-64.99637931,0.05295508697,0.5959941591,0.317732401,0,-1.221322824,4.404136618,-3.182813792
118.64,-64.99637931,0.05295508697,0.595994159,0.317732401,0,-1.221322824,4.404136618,-3.182813792
118.65,-64.99637931,0.05295508697,0.595994159,0.317732401,0,-1.221322824,4.404136617,-3.182813792
118.66,-64.99637931,0.05295508697,0.595994159,0.317732401,0,-1.221322824,4.404136617,-3.182813792
118.67,-64.99637931,0.05295508697,0.5959941589,0.317732401,0,-1.221322824,4.404136617,-3.182813792
118.68,-64.99637931,0.05295508697,0.5959941589,0.3177324009,0,-1.221322823,4.404136617,-3.182813792
118.69,-64.99637931,0.05295508697,0.5959941588,0.3177324009,0,-1.221322823,4.404136617,-3.182813792
118.7,-64.99637931,0.05295508697,0.5959941588,0.3177324009,0,-1.221322823,4.404136617,-3.182813792
118.71,-64.99637931,0.05295508697,0.5959941588,0.3177324009,0,-1.221322823,4.404136617,-3.182813792
118.72,-64.99637931,0.05295508697,0.5959941587,0.3177324009,0,-1.221322823,4.404136617,-3.182813792
118.73,-64.99637931,0.05295508697,0.5959941587,0.3177324009,0,-1.221322823,4.404136617,-3.182813792
118.74,-64.99637931,0.05295508697,0.5959941586,0.3177324009,0,-1.221322823,4.404136617,-3.182813792
118.75,-64.99637931,0.05295508697,0.5959941586,0.3177324009,0,-1.221322823,4.404136617,-3.182813792
118.76,-64.99637931,0.05295508697,0.5959941586,0.3177324009,0,-1.221322823,4.404136617,-3.182813792
118.77,-64.99637931,0.05295508697,0.5959941585,0.3177324009,0,-1.221322823,4.404136616,-3.182813792
118.78,-64.99637931,0.05295508697,0.5959941585,0.3177324009,0,-1.221322823,4.404136616,-3.182813792
118.79,-64.99637931,0.05295508697,0.5959941584,0.3177324009,0,-1.221322822,4.404136616,-3.182813792
118.8,-64.99637931,0.05295508697,0.5959941584,0.3177324009,0,-1.221322822,4.404136616,-3.182813792
118.81,-64.99637931,0.05295508697,0.5959941584,0.3177324009,0,-1.221322822,4.404136616,-3.182813792
118.82,-64.99637931,0.05295508697,0.5959941583,0.3177324009,0,-1.221322822,4.404136616,-3.182813792
118.83,-64.99637931,0.05295508697,0.5959941583,0.3177324009,0,-1.221322822,4.404136616,-3.182813792
118.84,-64.99637931,0.05295508697,0.5959941582,0.3177324009,0,-1.221322822,4.404136616,-3.182813792
118.85,-64.99637931,0.05295508697,0.5959941582,0.3177324009,0,-1.221322822,4.404136616,-3.182813792
118.86,-64.99637931,0.05295508697,0.5959941582,0.3177324009,0,-1.221322822,4.404136616,-3.182813792
118.87,-64.99637931,0.05295508697,0.5959941581,0.3177324009,0,-1.221322822,4.404136616,-3.182813792
118.88,-64.99637931,0.05295508697,0.5959941581,0.3177324009,0,-1.221322822,4.404136615,-3.182813792
118.89,-64.99637931,0.05295508697,0.595994158,0.3177324009,0,-1.221322822,4.404136615,-3.182813792
118.9,-64.99637931,0.05295508697,0.595994158,0.3177324009,0,-1.221322821,4.404136615,-3.182813792
118.91,-64.99637931,0.05295508697,0.595994158,0.3177324009,0,-1.221322821,4.404136615,-3.182813792
118.92,-64.99637931,0.05295508697,0.5959941579,0.3177324009,0,-1.221322821,4.404136615,-3.182813792
118.93,-64.99637931,0.05295508697,0.5959941579,0.3177324009,0,-1.221322821,4.404136615,-3.182813792
118.94,-64.99637931,0.05295508697,0.5959941578,0.3177324009,0,-1.221322821,4.404136615,-3.182813792
118.95,-64.99637931,0.05295508697,0.5959941578,0.3177324009,0,-1.221322821,4.404136615,-3.182813792
118.96,-64.99637931,0.05295508697,0.5959941578,0.3177324009,0,-1.221322821,4.404136615,-3.182813792
118.97,-64.99637931,0.05295508697,0.5959941577,0.3177324009,0,-1.221322821,4.404136615,-3.182813792
118.98,-64.99637931,0.05295508697,0.5959941577,0.3177324009,0,-1.221322821,4.404136615,-3.182813792
118.99,-64.99637931,0.05295508697,0.5959941576,0.3177324009,0,-1.221322821,4.404136615,-3.182813792
119,-64.99637931,0.05295508697,0.5959941576,0.3177324009,0,-1.221322821,4.404136614,-3.182813792
119.01,-64.99637931,0.05295508697,0.5959941576,0.3177324009,0,-1.221322821,4.404136614,-3.182813792
119.02,-64.99637931,0.05295508697,0.5959941575,0.3177324009,0,-1.22132282,4.404136614,-3.182813792
119.03,-64.99637931,0.05295508697,0.5959941575,0.3177324009,0,-1.22132282,4.404136614,-3.182813792
119.04,-64.99637931,0.05295508697,0.5959941574,0.3177324009,0,-1.22132282,4.404136614,-3.182813792
119.05,-64.99637931,0.05295508697,0.5959941574,0.3177324009,0,-1.22132282,4.404136614,-3.182813792
119.06,-64.99637931,0.05295508697,0.5959941574,0.3177324009,0,-1.22132282,4.404136614,-3.182813792
119.07,-64.99637931,0.05295508697,0.5959941573,0.3177324009,0,-1.22132282,4.404136614,-3.182813792
119.08,-64.99637931,0.05295508697,0.5959941573,0.3177324009,0,-1.22132282,4.404136614,-3.182813792
119.09,-64.99637931,0.05295508697,0.5959941572,0.3177324009,0,-1.22132282,4.404136614,-3.182813792
119.1,-64.99637931,0.05295508697,0.5959941572,0.3177324009,0,-1.22132282,4.404136614,-3.182813792
119.11,-64.99637931,0.05295508697,0.5959941572,0.3177324009,0,-1.22132282,4.404136614,-3.182813792
119.12,-64.99637931,0.05295508697,0.5959941571,0.3177324009,0,-1.22132282,4.404136613,-3.182813792
119.13,-64.99637931,0.05295508697,0.5959941571,0.3177324009,0,-1.221322819,4.404136613,-3.182813792
119.14,-64.99637931,0.05295508697,0.595994157,0.3177324009,0,-1.221322819,4.404136613,-3.182813792
119.15,-64.99637931,0.05295508697,0.595994157,0.3177324009,0,-1.221322819,4.404136613,-3.182813792
119.16,-64.99637931,0.05295508697,0.595994157,0.3177324009,0,-1.221322819,4.404136613,-3.182813792
119.17,-64.99637931,0.05295508697,0.5959941569,0.3177324009,0,-1.221322819,4.404136613,-3.182813792
119.18,-64.99637931,0.05295508697,0.5959941569,0.3177324009,0,-1.221322819,4.404136613,-3.182813792
119.19,-64.99637931,0.05295508697,0.5959941568,0.3177324009,0,-1.221322819,4.404136613,-3.182813792
119.2,-64.99637931,0.05295508697,0.5959941568,0.3177324009,0,-1.221322819,4.404136613,-3.182813792
119.21,-64.99637931,0.05295508697,0.5959941568,0.3177324009,0,-1.221322819,4.404136613,-3.182813792
119.22,-64.99637931,0.05295508697,0.5959941567,0.3177324009,0,-1.221322819,4.404136613,-3.182813792
119.23,-64.99637931,0.05295508696,0.5959941567,0.3177324009,0,-1.221322819,4.404136613,-3.182813792
119.24,-64.99637931,0.05295508696,0.5959941567,0.3177324009,0,-1.221322818,4.404136612,-3.182813792
119.25,-64.99637931,0.05295508696,0.5959941566,0.3177324009,0,-1.221322818,4.404136612,-3.182813792
119.26,-64.99637931,0.05295508696,0.5959941566,0.3177324009,0,-1.221322818,4.404136612,-3.182813792
119.27,-64.99637931,0.05295508696,0.5959941565,0.3177324009,0,-1.221322818,4.404136612,-3.182813792
119.28,-64.99637931,0.05295508696,0.5959941565,0.3177324009,0,-1.221322818,4.404136612,-3.182813792
119.29,-64.99637931,0.05295508696,0.5959941565,0.3177324009,0,-1.221322818,4.404136612,-3.182813792
119.3,-64.99637931,0.05295508696,0.5959941564,0.3177324009,0,-1.221322818,4.404136612,-3.182813792
119.31,-64.99637931,0.05295508696,0.5959941564,0.3177324009,0,-1.221322818,4.404136612,-3.182813792
119.32,-64.99637931,0.05295508696,0.5959941564,0.3177324009,0,-1.221322818,4.404136612,-3.182813792
119.33,-64.99637931,0.05295508696,0.5959941563,0.3177324009,0,-1.221322818,4.404136612,-3.182813792
119.34,-64.99637931,0.05295508696,0.5959941563,0.3177324009,0,-1.221322818,4.404136612,-3.182813792
119.35,-64.99637931,0.05295508696,0.5959941562,0.3177324009,0,-1.221322818,4.404136612,-3.182813792
119.36,-64.99637931,0.05295508696,0.5959941562,0.3177324009,0,-1.221322817,4.404136611,-3.182813792
119.37,-64.99637931,0.05295508696,0.5959941562,0.3177324009,0,-1.221322817,4.404136611,-3.182813792
119.38,-64.99637931,0.05295508696,0.5959941561,0.3177324009,0,-1.221322817,4.404136611,-3.182813792
119.39,-64.99637931,0.05295508696,0.5959941561,0.3177324008,0,-1.221322817,4.404136611,-3.182813792
119.4,-64.99637931,0.05295508696,0.595994156,0.3177324008,0,-1.221322817,4.404136611,-3.182813792
119.41,-64.99637931,0.05295508696,0.595994156,0.3177324008,0,-1.221322817,4.404136611,-3.182813792
119.42,-64.99637931,0.05295508696,0.595994156,0.3177324008,0,-1.221322817,4.404136611,-3.182813792
119.43,-64.99637931,0.05295508696,0.5959941559,0.3177324008,0,-1.221322817,4.404136611,-3.182813792
119.44,-64.99637931,0.05295508696,0.5959941559,0.3177324008,0,-1.221322817,4.404136611,-3.182813792
119.45,-64.99637931,0.05295508696,0.5959941559,0.3177324008,0,-1.221322817,4.404136611,-3.182813792
119.46,-64.99637931,0.05295508696,0.5959941558,0.3177324008,0,-1.221322817,4.404136611,-3.182813792
119.47,-64.99637931,0.05295508696,0.5959941558,0.3177324008,0,-1.221322817,4.404136611,-3.182813792
119.48,-64.99637931,0.05295508696,0.5959941557,0.3177324008,0,-1.221322816,4.404136611,-3.182813792
119.49,-64.99637931,0.05295508696,0.5959941557,0.3177324008,0,-1.221322816,4.40413661,-3.182813792
119.5,-64.99637931,0.05295508696,0.5959941557,0.3177324008,0,-1.221322816,4.40413661,-3.182813792
119.51,-64.99637931,0.05295508696,0.5959941556,0.3177324008,0,-1.221322816,4.40413661,-3.182813792
119.52,-64.99637931,0.05295508696,0.5959941556,0.3177324008,0,-1.221322816,4.40413661,-3.182813792
119.53,-64.99637931,0.05295508696,0.5959941556,0.3177324008,0,-1.221322816,4.40413661,-3.182813792
119.54,-64.99637931,0.05295508696,0.5959941555,0.3177324008,0,-1.221322816,4.40413661,-3.182813792
119.55,-64.99637931,0.05295508696,0.5959941555,0.3177324008,0,-1.221322816,4.40413661,-3.182813792
119.56,-64.99637931,0.05295508696,0.5959941554,0.3177324008,0,-1.221322816,4.40413661,-3.182813792
119.57,-64.99637931,0.05295508696,0.5959941554,0.3177324008,0,-1.221322816,4.40413661,-3.182813792
119.58,-64.99637931,0.05295508696,0.5959941554,0.3177324008,0,-1.221322816,4.40413661,-3.182813792
119.59,-64.99637931,0.05295508696,0.5959941553,0.3177324008,0,-1.221322816,4.40413661,-3.182813792
119.6,-64.99637931,0.05295508696,0.5959941553,0.3177324008,0,-1.221322815,4.40413661,-3.182813792
119.61,-64.99637931,0.05295508696,0.5959941553,0.3177324008,0,-1.221322815,4.404136609,-3.182813792
119.62,-64.99637931,0.05295508696,0.5959941552,0.3177324008,0,-1.221322815,4.404136609,-3.182813792
119.63,-64.99637931,0.05295508696,0.5959941552,0.3177324008,0,-1.221322815,4.404136609,-3.182813792
119.64,-64.99637931,0.05295508696,0.5959941552,0.3177324008,0,-1.221322815,4.404136609,-3.182813792
119.65,-64.99637931,0.05295508696,0.5959941551,0.3177324008,0,-1.221322815,4.404136609,-3.182813792
119.66,-64.99637931,0.05295508696,0.5959941551,0.3177324008,0,-1.221322815,4.404136609,-3.182813792
119.67,-64.99637931,0.05295508696,0.595994155,0.3177324008,0,-1.221322815,4.404136609,-3.182813792
119.68,-64.99637931,0.05295508696,0.595994155,0.3177324008,0,-1.221322815,4.404136609,-3.182813792
119.69,-64.99637931,0.05295508696,0.595994155,0.3177324008,0,-1.221322815,4.404136609,-3.182813792
119.7,-64.99637931,0.05295508696,0.5959941549,0.3177324008,0,-1.221322815,4.404136609,-3.182813792
119.71,-64.99637931,0.05295508696,0.5959941549,0.3177324008,0,-1.221322815,4.404136609,-3.182813792
119.72,-64.99637931,0.05295508696,0.5959941549,0.3177324008,0,-1.221322814,4.404136609,-3.182813792
119.73,-64.99637931,0.05295508696,0.5959941548,0.3177324008,0,-1.221322814,4.404136609,-3.182813792
119.74,-64.99637931,0.05295508696,0.5959941548,0.3177324008,0,-1.221322814,4.404136608,-3.182813792
119.75,-64.99637931,0.05295508696,0.5959941548,0.3177324008,0,-1.221322814,4.404136608,-3.182813792
119.76,-64.99637931,0.05295508696,0.5959941547,0.3177324008,0,-1.221322814,4.404136608,-3.182813792
119.77,-64.99637931,0.05295508696,0.5959941547,0.3177324008,0,-1.221322814,4.404136608,-3.182813792
119.78,-64.99637931,0.05295508696,0.5959941546,0.3177324008,0,-1.221322814,4.404136608,-3.182813792
119.79,-64.99637931,0.05295508696,0.5959941546,0.3177324008,0,-1.221322814,4.404136608,-3.182813792
119.8,-64.99637931,0.05295508696,0.5959941546,0.3177324008,0,-1.221322814,4.404136608,-3.182813792
119.81,-64.99637931,0.05295508696,0.5959941545,0.3177324008,0,-1.221322814,4.404136608,-3.182813792
119.82,-64.99637931,0.05295508696,0.5959941545,0.3177324008,0,-1.221322814,4.404136608,-3.182813792
119.83,-64.99637931,0.05295508696,0.5959941545,0.3177324008,0,-1.221322814,4.404136608,-3.182813792
119.84,-64.99637931,0.05295508696,0.5959941544,0.3177324008,0,-1.221322813,4.404136608,-3.182813793
119.85,-64.99637931,0.05295508696,0.5959941544,0.3177324008,0,-1.221322813,4.404136608,-3.182813793
119.86,-64.99637931,0.05295508696,0.5959941544,0.3177324008,0,-1.221322813,4.404136608,-3.182813793
119.87,-64.99637931,0.05295508696,0.5959941543,0.3177324008,0,-1.221322813,4.404136608,-3.182813793
119.88,-64.99637931,0.05295508696,0.5959941543,0.3177324008,0,-1.221322813,4.404136607,-3.182813793
119.89,-64.99637931,0.05295508696,0.5959941543,0.3177324008,0,-1.221322813,4.404136607,-3.182813793
119.9,-64.99637931,0.05295508696,0.5959941542,0.3177324008,0,-1.221322813,4.404136607,-3.182813793
119.91,-64.99637931,0.05295508696,0.5959941542,0.3177324008,0,-1.221322813,4.404136607,-3.182813793
119.92,-64.99637931,0.05295508696,0.5959941541,0.3177324008,0,-1.221322813,4.404136607,-3.182813793
119.93,-64.99637931,0.05295508696,0.5959941541,0.3177324008,0,-1.221322813,4.404136607,-3.182813793
119.94,-64.99637931,0.05295508696,0.5959941541,0.3177324008,0,-1.221322813,4.404136607,-3.182813793
119.95,-64.99637931,0.05295508696,0.595994154,0.3177324008,0,-1.221322813,4.404136607,-3.182813793
119.96,-64.99637931,0.05295508696,0.595994154,0.3177324008,0,-1.221322813,4.404136607,-3.182813793
119.97,-64.99637931,0.05295508696,0.595994154,0.3177324008,0,-1.221322812,4.404136607,-3.182813793
119.98,-64.99637931,0.05295508696,0.5959941539,0.3177324008,0,-1.221322812,4.404136607,-3.182813793
119.99,-64.99637931,0.05295508696,0.5959941539,0.3177324008,0,-1.221322812,4.404136607,-3.182813793
120,-64.99637931,0.05295508696,0.5959941539,0.3177324008,0,-1.221322812,4.404136607,-3.182813793
120.01,-64.99637931,0.05295508696,0.5959941538,0.3177324008,0,-1.221322812,4.404136606,-3.182813793
120.02,-64.99637931,0.05295508696,0.5959941538,0.3177324008,0,-1.221322812,4.404136606,-3.182813793
120.03,-64.99637931,0.05295508696,0.5959941538,0.3177324008,0,-1.221322812,4.404136606,-3.182813793
120.04,-64.99637931,0.05295508696,0.5959941537,0.3177324008,0,-1.221322812,4.404136606,-3.182813793
120.05,-64.99637931,0.05295508696,0.5959941537,0.3177324008,0,-1.221322812,4.404136606,-3.182813793
120.06,-64.99637931,0.05295508696,0.5959941537,0.3177324008,0,-1.221322812,4.404136606,-3.182813793
120.07,-64.99637931,0.05295508696,0.5959941536,0.3177324008,0,-1.221322812,4.404136606,-3.182813793
120.08,-64.99637931,0.05295508696,0.5959941536,0.3177324008,0,-1.221322812,4.404136606,-3.182813793
120.09,-64.99637931,0.05295508696,0.5959941535,0.3177324008,0,-1.221322811,4.404136606,-3.182813793
120.1,-64.99637931,0.05295508696,0.5959941535,0.3177324008,0,-1.221322811,4.404136606,-3.182813793
120.11,-64.99637931,0.05295508696,0.5959941535,0.3177324008,0,-1.221322811,4.404136606,-3.182813793
120.12,-64.99637931,0.05295508696,0.5959941534,0.3177324008,0,-1.221322811,4.404136606,-3.182813793
120.13,-64.99637931,0.05295508696,0.5959941534,0.3177324008,0,-1.221322811,4.404136606,-3.182813793
120.14,-64.99637931,0.05295508695,0.5959941534,0.3177324008,0,-1.221322811,4.404136606,-3.182813793
120.15,-64.99637931,0.05295508695,0.5959941533,0.3177324008,0,-1.221322811,4.404136605,-3.182813793
120.16,-64.99637931,0.05295508695,0.5959941533,0.3177324008,0,-1.221322811,4.404136605,-3.182813793
120.17,-64.99637931,0.05295508695,0.5959941533,0.3177324008,0,-1.221322811,4.404136605,-3.182813793
120.18,-64.99637931,0.05295508695,0.5959941532,0.3177324008,0,-1.221322811,4.404136605,-3.182813793
120.19,-64.99637931,0.05295508695,0.5959941532,0.3177324007,0,-1.221322811,4.404136605,-3.182813793
120.2,-64.99637931,0.05295508695,0.5959941532,0.3177324007,0,-1.221322811,4.404136605,-3.182813793
120.21,-64.99637931,0.05295508695,0.5959941531,0.3177324007,0,-1.221322811,4.404136605,-3.182813793
120.22,-64.99637931,0.05295508695,0.5959941531,0.3177324007,0,-1.22132281,4.404136605,-3.182813793
120.23,-64.99637931,0.05295508695,0.5959941531,0.3177324007,0,-1.22132281,4.404136605,-3.182813793
120.24,-64.99637931,0.05295508695,0.595994153,0.3177324007,0,-1.22132281,4.404136605,-3.182813793
120.25,-64.99637931,0.05295508695,0.595994153,0.3177324007,0,-1.22132281,4.404136605,-3.182813793
120.26,-64.99637931,0.05295508695,0.595994153,0.3177324007,0,-1.22132281,4.404136605,-3.182813793
120.27,-64.99637931,0.05295508695,0.5959941529,0.3177324007,0,-1.22132281,4.404136605,-3.182813793
120.28,-64.99637931,0.05295508695,0.5959941529,0.3177324007,0,-1.22132281,4.404136604,-3.182813793
120.29,-64.99637931,0.05295508695,0.5959941529,0.3177324007,0,-1.22132281,4.404136604,-3.182813793
120.3,-64.99637931,0.05295508695,0.5959941528,0.3177324007,0,-1.22132281,4.404136604,-3.182813793
120.31,-64.99637931,0.05295508695,0.5959941528,0.3177324007,0,-1.22132281,4.404136604,-3.182813793
120.32,-64.99637931,0.05295508695,0.5959941528,0.3177324007,0,-1.22132281,4.404136604,-3.182813793
120.33,-64.99637931,0.05295508695,0.5959941527,0.3177324007,0,-1.22132281,4.404136604,-3.182813793
120.34,-64.99637931,0.05295508695,0.5959941527,0.3177324007,0,-1.22132281,4.404136604,-3.182813793
120.35,-64.99637931,0.05295508695,0.5959941527,0.3177324007,0,-1.221322809,4.404136604,-3.182813793
120.36,-64.99637931,0.05295508695,0.5959941526,0.3177324007,0,-1.221322809,4.404136604,-3.182813793
120.37,-64.99637931,0.05295508695,0.5959941526,0.3177324007,0,-1.221322809,4.404136604,-3.182813793
120.38,-64.99637931,0.05295508695,0.5959941526,0.3177324007,0,-1.221322809,4.404136604,-3.182813793
120.39,-64.99637931,0.05295508695,0.5959941525,0.3177324007,0,-1.221322809,4.404136604,-3.182813793
120.4,-64.99637931,0.05295508695,0.5959941525,0.3177324007,0,-1.221322809,4.404136604,-3.182813793
120.41,-64.99637931,0.05295508695,0.5959941525,0.3177324007,0,-1.221322809,4.404136604,-3.182813793
120.42,-64.99637931,0.05295508695,0.5959941524,0.3177324007,0,-1.221322809,4.404136604,-3.182813793
120.43,-64.99637931,0.05295508695,0.5959941524,0.3177324007,0,-1.221322809,4.404136603,-3.182813793
120.44,-64.99637931,0.05295508695,0.5959941524,0.3177324007,0,-1.221322809,4.404136603,-3.182813793
120.45,-64.99637931,0.05295508695,0.5959941523,0.3177324007,0,-1.221322809,4.404136603,-3.182813793
120.46,-64.99637931,0.05295508695,0.5959941523,0.3177324007,0,-1.221322809,4.404136603,-3.182813793
120.47,-64.99637931,0.05295508695,0.5959941523,0.3177324007,0,-1.221322809,4.404136603,-3.182813793
120.48,-64.99637931,0.05295508695,0.5959941522,0.3177324007,0,-1.221322808,4.404136603,-3.182813793
120.49,-64.99637931,0.05295508695,0.5959941522,0.3177324007,0,-1.221322808,4.404136603,-3.182813793
120.5,-64.99637931,0.05295508695,0.5959941522,0.3177324007,0,-1.221322808,4.404136603,-3.182813793
120.51,-64.99637931,0.05295508695,0.5959941521,0.3177324007,0,-1.221322808,4.404136603,-3.182813793
120.52,-64.99637931,0.05295508695,0.5959941521,0.3177324007,0,-1.221322808,4.404136603,-3.182813793
120.53,-64.99637931,0.05295508695,0.5959941521,0.3177324007,0,-1.221322808,4.404136603,-3.182813793
120.54,-64.99637931,0.05295508695,0.595994152,0.3177324007,0,-1.221322808,4.404136603,-3.182813793
120.55,-64.99637931,0.05295508695,0.595994152,0.3177324007,0,-1.221322808,4.404136603,-3.182813793
120.56,-64.99637931,0.05295508695,0.595994152,0.3177324007,0,-1.221322808,4.404136603,-3.182813793
120.57,-64.99637931,0.05295508695,0.5959941519,0.3177324007,0,-1.221322808,4.404136602,-3.182813793
120.58,-64.99637931,0.05295508695,0.5959941519,0.3177324007,0,-1.221322808,4.404136602,-3.182813793
120.59,-64.99637931,0.05295508695,0.5959941519,0.3177324007,0,-1.221322808,4.404136602,-3.182813793
120.6,-64.99637931,0.05295508695,0.5959941518,0.3177324007,0,-1.221322808,4.404136602,-3.182813793
120.61,-64.99637931,0.05295508695,0.5959941518,0.3177324007,0,-1.221322808,4.404136602,-3.182813793
120.62,-64.99637931,0.05295508695,0.5959941518,0.3177324007,0,-1.221322807,4.404136602,-3.182813793
120.63,-64.99637931,0.05295508695,0.5959941517,0.3177324007,0,-1.221322807,4.404136602,-3.182813793
120.64,-64.99637931,0.05295508695,0.5959941517,0.3177324007,0,-1.221322807,4.404136602,-3.182813793
120.65,-64.99637931,0.05295508695,0.5959941517,0.3177324007,0,-1.221322807,4.404136602,-3.182813793
120.66,-64.99637931,0.05295508695,0.5959941516,0.3177324007,0,-1.221322807,4.404136602,-3.182813793
120.67,-64.99637931,0.05295508695,0.5959941516,0.3177324007,0,-1.221322807,4.404136602,-3.182813793
120.68,-64.99637931,0.05295508695,0.5959941516,0.3177324007,0,-1.221322807,4.404136602,-3.182813793
120.69,-64.99637931,0.05295508695,0.5959941515,0.3177324007,0,-1.221322807,4.404136602,-3.182813793
120.7,-64.99637931,0.05295508695,0.5959941515,0.3177324007,0,-1.221322807,4.404136602,-3.182813793
120.71,-64.99637931,0.05295508695,0.5959941515,0.3177324007,0,-1.221322807,4.404136602,-3.182813793
120.72,-64.99637931,0.05295508695,0.5959941514,0.3177324007,0,-1.221322807,4.404136601,-3.182813793
120.73,-64.99637931,0.05295508695,0.5959941514,0.3177324007,0,-1.221322807,4.404136601,-3.182813793
120.74,-64.99637931,0.05295508695,0.5959941514,0.3177324007,0,-1.221322807,4.404136601,-3.182813793
120.75,-64.99637931,0.05295508695,0.5959941513,0.3177324007,0,-1.221322806,4.404136601,-3.182813793
120.76,-64.99637931,0.05295508695,0.5959941513,0.3177324007,0,-1.221322806,4.404136601,-3.182813793
120.77,-64.99637931,0.05295508695,0.5959941513,0.3177324007,0,-1.221322806,4.404136601,-3.182813793
120.78,-64.99637931,0.05295508695,0.5959941512,0.3177324007,0,-1.221322806,4.404136601,-3.182813793
120.79,-64.99637931,0.05295508695,0.5959941512,0.3177324007,0,-1.221322806,4.404136601,-3.182813793
120.8,-64.99637931,0.05295508695,0.5959941512,0.3177324007,0,-1.221322806,4.404136601,-3.182813793
120.81,-64.99637931,0.05295508695,0.5959941512,0.3177324007,0,-1.221322806,4.404136601,-3.182813793
120.82,-64.99637931,0.05295508695,0.5959941511,0.3177324007,0,-1.221322806,4.404136601,-3.182813793
120.83,-64.99637931,0.05295508695,0.5959941511,0.3177324007,0,-1.221322806,4.404136601,-3.182813793
120.84,-64.99637931,0.05295508695,0.5959941511,0.3177324007,0,-1.221322806,4.404136601,-3.182813793
120.85,-64.99637931,0.05295508695,0.595994151,0.3177324007,0,-1.221322806,4.404136601,-3.182813793
120.86,-64.99637931,0.05295508695,0.595994151,0.3177324007,0,-1.221322806,4.404136601,-3.182813793
120.87,-64.99637931,0.05295508695,0.595994151,0.3177324007,0,-1.221322806,4.4041366,-3.182813793
120.88,-64.99637931,0.05295508695,0.5959941509,0.3177324007,0,-1.221322806,4.4041366,-3.182813793
120.89,-64.99637931,0.05295508695,0.5959941509,0.3177324007,0,-1.221322805,4.4041366,-3.182813793
120.9,-64.99637931,0.05295508695,0.5959941509,0.3177324007,0,-1.221322805,4.4041366,-3.182813793
120.91,-64.99637931,0.05295508695,0.5959941508,0.3177324007,0,-1.221322805,4.4041366,-3.182813793
120.92,-64.99637931,0.05295508695,0.5959941508,0.3177324007,0,-1.221322805,4.4041366,-3.182813793
120.93,-64.99637931,0.05295508695,0.5959941508,0.3177324007,0,-1.221322805,4.4041366,-3.182813793
120.94,-64.99637931,0.05295508695,0.5959941507,0.3177324007,0,-1.221322805,4.4041366,-3.182813793
120.95,-64.99637931,0.05295508695,0.5959941507,0.3177324007,0,-1.221322805,4.4041366,-3.182813793
120.96,-64.99637931,0.05295508695,0.5959941507,0.3177324007,0,-1.221322805,4.4041366,-3.182813793
120.97,-64.99637931,0.05295508695,0.5959941506,0.3177324007,0,-1.221322805,4.4041366,-3.182813793
120.98,-64.99637931,0.05295508695,0.5959941506,0.3177324007,0,-1.221322805,4.4041366,-3.182813793
120.99,-64.99637931,0.05295508695,0.5959941506,0.3177324007,0,-1.221322805,4.4041366,-3.182813793
121,-64.99637931,0.05295508695,0.5959941506,0.3177324007,0,-1.221322805,4.4041366,-3.182813793
121.01,-64.99637931,0.05295508695,0.5959941505,0.3177324007,0,-1.221322805,4.4041366,-3.182813793
121.02,-64.99637931,0.05295508695,0.5959941505,0.3177324007,0,-1.221322805,4.404136599,-3.182813793
121.03,-64.99637931,0.05295508695,0.5959941505,0.3177324007,0,-1.221322804,4.404136599,-3.182813793
121.04,-64.99637931,0.05295508695,0.5959941504,0.3177324007,0,-1.221322804,4.404136599,-3.182813793
121.05,-64.99637931,0.05295508694,0.5959941504,0.3177324007,0,-1.221322804,4.404136599,-3.182813793
121.06,-64.99637931,0.05295508694,0.5959941504,0.3177324007,0,-1.221322804,4.404136599,-3.182813793
121.07,-64.99637931,0.05295508694,0.5959941503,0.3177324007,0,-1.221322804,4.404136599,-3.182813793
121.08,-64.99637931,0.05295508694,0.5959941503,0.3177324006,0,-1.221322804,4.404136599,-3.182813793
121.09,-64.99637931,0.05295508694,0.5959941503,0.3177324006,0,-1.221322804,4.404136599,-3.182813793
121.1,-64.99637931,0.05295508694,0.5959941502,0.3177324006,0,-1.221322804,4.404136599,-3.182813793
121.11,-64.99637931,0.05295508694,0.5959941502,0.3177324006,0,-1.221322804,4.404136599,-3.182813793
121.12,-64.99637931,0.05295508694,0.5959941502,0.3177324006,0,-1.221322804,4.404136599,-3.182813793
121.13,-64.99637931,0.05295508694,0.5959941501,0.3177324006,0,-1.221322804,4.404136599,-3.182813793
121.14,-64.99637931,0.05295508694,0.5959941501,0.3177324006,0,-1.221322804,4.404136599,-3.182813793
121.15,-64.99637931,0.05295508694,0.5959941501,0.3177324006,0,-1.221322804,4.404136599,-3.182813793
121.16,-64.99637931,0.05295508694,0.5959941501,0.3177324006,0,-1.221322804,4.404136599,-3.182813793
121.17,-64.99637931,0.05295508694,0.59599415,0.3177324006,0,-1.221322803,4.404136598,-3.182813793
121.18,-64.99637931,0.05295508694,0.59599415,0.3177324006,0,-1.221322803,4.404136598,-3.182813793
121.19,-64.99637931,0.05295508694,0.59599415,0.3177324006,0,-1.221322803,4.404136598,-3.182813793
121.2,-64.99637931,0.05295508694,0.5959941499,0.3177324006,0,-1.221322803,4.404136598,-3.182813793
121.21,-64.99637931,0.05295508694,0.5959941499,0.3177324006,0,-1.221322803,4.404136598,-3.182813793
121.22,-64.99637931,0.05295508694,0.5959941499,0.3177324006,0,-1.221322803,4.404136598,-3.182813793
121.23,-64.99637931,0.05295508694,0.5959941498,0.3177324006,0,-1.221322803,4.404136598,-3.182813793
121.24,-64.99637931,0.05295508694,0.5959941498,0.3177324006,0,-1.221322803,4.404136598,-3.182813793
121.25,-64.99637931,0.05295508694,0.5959941498,0.3177324006,0,-1.221322803,4.404136598,-3.182813793
121.26,-64.99637931,0.05295508694,0.5959941498,0.3177324006,0,-1.221322803,4.404136598,-3.182813793
121.27,-64.99637931,0.05295508694,0.5959941497,0.3177324006,0,-1.221322803,4.404136598,-3.182813793
121.28,-64.99637931,0.05295508694,0.5959941497,0.3177324006,0,-1.221322803,4.404136598,-3.182813793
121.29,-64.99637931,0.05295508694,0.5959941497,0.3177324006,0,-1.221322803,4.404136598,-3.182813793
121.3,-64.99637931,0.05295508694,0.5959941496,0.3177324006,0,-1.221322803,4.404136598,-3.182813793
121.31,-64.99637931,0.05295508694,0.5959941496,0.3177324006,0,-1.221322802,4.404136598,-3.182813793
121.32,-64.99637931,0.05295508694,0.5959941496,0.3177324006,0,-1.221322802,4.404136598,-3.182813793
121.33,-64.99637931,0.05295508694,0.5959941495,0.3177324006,0,-1.221322802,4.404136597,-3.182813793
121.34,-64.99637931,0.05295508694,0.5959941495,0.3177324006,0,-1.221322802,4.404136597,-3.182813793
121.35,-64.99637931,0.05295508694,0.5959941495,0.3177324006,0,-1.221322802,4.404136597,-3.182813793
121.36,-64.99637931,0.05295508694,0.5959941495,0.3177324006,0,-1.221322802,4.404136597,-3.182813793
121.37,-64.99637931,0.05295508694,0.5959941494,0.3177324006,0,-1.221322802,4.404136597,-3.182813793
121.38,-64.99637931,0.05295508694,0.5959941494,0.3177324006,0,-1.221322802,4.404136597,-3.182813793
121.39,-64.99637931,0.05295508694,0.5959941494,0.3177324006,0,-1.221322802,4.404136597,-3.182813793
121.4,-64.99637931,0.05295508694,0.5959941493,0.3177324006,0,-1.221322802,4.404136597,-3.182813793
121.41,-64.99637931,0.05295508694,0.5959941493,0.3177324006,0,-1.221322802,4.404136597,-3.182813793
121.42,-64.99637931,0.05295508694,0.5959941493,0.3177324006,0,-1.221322802,4.404136597,-3.182813793
121.43,-64.99637931,0.05295508694,0.5959941492,0.3177324006,0,-1.221322802,4.404136597,-3.182813793
121.44,-64.99637931,0.05295508694,0.5959941492,0.3177324006,0,-1.221322802,4.404136597,-3.182813793
121.45,-64.99637931,0.05295508694,0.5959941492,0.3177324006,0,-1.221322802,4.404136597,-3.182813793
121.46,-64.99637931,0.05295508694,0.5959941492,0.3177324006,0,-1.221322801,4.404136597,-3.182813793
121.47,-64.99637931,0.05295508694,0.5959941491,0.3177324006,0,-1.221322801,4.404136597,-3.182813793
121.48,-64.99637931,0.05295508694,0.5959941491,0.3177324006,0,-1.221322801,4.404136597,-3.182813793
121.49,-64.99637931,0.05295508694,0.5959941491,0.3177324006,0,-1.221322801,4.404136596,-3.182813793
121.5,-64.99637931,0.05295508694,0.595994149,0.3177324006,0,-1.221322801,4.404136596,-3.182813793
121.51,-64.99637931,0.05295508694,0.595994149,0.3177324006,0,-1.221322801,4.404136596,-3.182813793
121.52,-64.99637931,0.05295508694,0.595994149,0.3177324006,0,-1.221322801,4.404136596,-3.182813793
121.53,-64.99637931,0.05295508694,0.595994149,0.3177324006,0,-1.221322801,4.404136596,-3.182813793
121.54,-64.99637931,0.05295508694,0.5959941489,0.3177324006,0,-1.221322801,4.404136596,-3.182813793
121.55,-64.99637931,0.05295508694,0.5959941489,0.3177324006,0,-1.221322801,4.404136596,-3.182813793
121.56,-64.99637931,0.05295508694,0.5959941489,0.3177324006,0,-1.221322801,4.404136596,-3.182813793
121.57,-64.99637931,0.05295508694,0.5959941488,0.3177324006,0,-1.221322801,4.404136596,-3.182813793
121.58,-64.99637931,0.05295508694,0.5959941488,0.3177324006,0,-1.221322801,4.404136596,-3.182813793
121.59,-64.99637931,0.05295508694,0.5959941488,0.3177324006,0,-1.221322801,4.404136596,-3.182813793
121.6,-64.99637931,0.05295508694,0.5959941487,0.3177324006,0,-1.221322801,4.404136596,-3.182813793
121.61,-64.99637931,0.05295508694,0.5959941487,0.3177324006,0,-1.2213228,4.404136596,-3.182813793
121.62,-64.99637931,0.05295508694,0.5959941487,0.3177324006,0,-1.2213228,4.404136596,-3.182813793
121.63,-64.99637931,0.05295508694,0.5959941487,0.3177324006,0,-1.2213228,4.404136596,-3.182813793
121.64,-64.99637931,0.05295508694,0.5959941486,0.3177324006,0,-1.2213228,4.404136596,-3.182813793
121.65,-64.99637931,0.05295508694,0.5959941486,0.3177324006,0,-1.2213228,4.404136595,-3.182813793
121.66,-64.99637931,0.05295508694,0.5959941486,0.3177324006,0,-1.2213228,4.404136595,-3.182813793
121.67,-64.99637931,0.05295508694,0.5959941485,0.3177324006,0,-1.2213228,4.404136595,-3.182813793
121.68,-64.99637931,0.05295508694,0.5959941485,0.3177324006,0,-1.2213228,4.404136595,-3.182813793
121.69,-64.99637931,0.05295508694,0.5959941485,0.3177324006,0,-1.2213228,4.404136595,-3.182813793
121.7,-64.99637931,0.05295508694,0.5959941485,0.3177324006,0,-1.2213228,4.404136595,-3.182813793
121.71,-64.99637931,0.05295508694,0.5959941484,0.3177324006,0,-1.2213228,4.404136595,-3.182813794
121.72,-64.99637931,0.05295508694,0.5959941484,0.3177324006,0,-1.2213228,4.404136595,-3.182813794
121.73,-64.99637931,0.05295508694,0.5959941484,0.3177324006,0,-1.2213228,4.404136595,-3.182813794
121.74,-64.99637931,0.05295508694,0.5959941483,0.3177324006,0,-1.2213228,4.404136595,-3.182813794
121.75,-64.99637931,0.05295508694,0.5959941483,0.3177324006,0,-1.2213228,4.404136595,-3.182813794
121.76,-64.99637931,0.05295508694,0.5959941483,0.3177324006,0,-1.221322799,4.404136595,-3.182813794
121.77,-64.99637931,0.05295508694,0.5959941483,0.3177324006,0,-1.221322799,4.404136595,-3.182813794
121.78,-64.99637931,0.05295508694,0.5959941482,0.3177324006,0,-1.221322799,4.404136595,-3.182813794
121.79,-64.99637931,0.05295508694,0.5959941482,0.3177324006,0,-1.221322799,4.404136595,-3.182813794
121.8,-64.99637931,0.05295508694,0.5959941482,0.3177324006,0,-1.221322799,4.404136595,-3.182813794
121.81,-64.99637931,0.05295508694,0.5959941481,0.3177324006,0,-1.221322799,4.404136595,-3.182813794
121.82,-64.99637931,0.05295508694,0.5959941481,0.3177324006,0,-1.221322799,4.404136594,-3.182813794
121.83,-64.99637931,0.05295508694,0.5959941481,0.3177324006,0,-1.221322799,4.404136594,-3.182813794
121.84,-64.99637931,0.05295508694,0.5959941481,0.3177324006,0,-1.221322799,4.404136594,-3.182813794
121.85,-64.99637931,0.05295508694,0.595994148,0.3177324006,0,-1.221322799,4.404136594,-3.182813794
121.86,-64.99637931,0.05295508694,0.595994148,0.3177324006,0,-1.221322799,4.404136594,-3.182813794
121.87,-64.99637931,0.05295508694,0.595994148,0.3177324006,0,-1.221322799,4.404136594,-3.182813794
121.88,-64.99637931,0.05295508694,0.5959941479,0.3177324006,0,-1.221322799,4.404136594,-3.182813794
121.89,-64.99637931,0.05295508694,0.5959941479,0.3177324006,0,-1.221322799,4.404136594,-3.182813794
121.9,-64.99637931,0.05295508694,0.5959941479,0.3177324006,0,-1.221322799,4.404136594,-3.182813794
121.91,-64.99637931,0.05295508694,0.5959941479,0.3177324006,0,-1.221322798,4.404136594,-3.182813794
121.92,-64.99637931,0.05295508694,0.5959941478,0.3177324006,0,-1.221322798,4.404136594,-3.182813794
121.93,-64.99637931,0.05295508694,0.5959941478,0.3177324006,0,-1.221322798,4.404136594,-3.182813794
121.94,-64.99637931,0.05295508693,0.5959941478,0.3177324006,0,-1.221322798,4.404136594,-3.182813794
121.95,-64.99637931,0.05295508693,0.5959941478,0.3177324006,0,-1.221322798,4.404136594,-3.182813794
121.96,-64.99637931,0.05295508693,0.5959941477,0.3177324006,0,-1.221322798,4.404136594,-3.182813794
121.97,-64.99637931,0.05295508693,0.5959941477,0.3177324006,0,-1.221322798,4.404136594,-3.182813794
121.98,-64.99637931,0.05295508693,0.5959941477,0.3177324006,0,-1.221322798,4.404136594,-3.182813794
121.99,-64.99637931,0.05295508693,0.5959941476,0.3177324006,0,-1.221322798,4.404136593,-3.182813794
122,-64.99637931,0.05295508693,0.5959941476,0.3177324006,0,-1.221322798,4.404136593,-3.182813794
122.01,-64.99637931,0.05295508693,0.5959941476,0.3177324006,0,-1.221322798,4.404136593,-3.182813794
122.02,-64.99637931,0.05295508693,0.5959941476,0.3177324006,0,-1.221322798,4.404136593,-3.182813794
122.03,-64.99637931,0.05295508693,0.5959941475,0.3177324006,0,-1.221322798,4.404136593,-3.182813794
122.04,-64.99637931,0.05295508693,0.5959941475,0.3177324006,0,-1.221322798,4.404136593,-3.182813794
122.05,-64.99637931,0.05295508693,0.5959941475,0.3177324006,0,-1.221322798,4.404136593,-3.182813794
122.06,-64.99637931,0.05295508693,0.5959941474,0.3177324006,0,-1.221322798,4.404136593,-3.182813794
122.07,-64.99637931,0.05295508693,0.5959941474,0.3177324006,0,-1.221322797,4.404136593,-3.182813794
122.08,-64.99637931,0.05295508693,0.5959941474,0.3177324006,0,-1.221322797,4.404136593,-3.182813794
122.09,-64.99637931,0.05295508693,0.5959941474,0.3177324006,0,-1.221322797,4.404136593,-3.182813794
122.1,-64.99637931,0.05295508693,0.5959941473,0.3177324005,0,-1.221322797,4.404136593,-3.182813794
122.11,-64.99637931,0.05295508693,0.5959941473,0.3177324005,0,-1.221322797,4.404136593,-3.182813794
122.12,-64.99637931,0.05295508693,0.5959941473,0.3177324005,0,-1.221322797,4.404136593,-3.182813794
122.13,-64.99637931,0.05295508693,0.5959941473,0.3177324005,0,-1.221322797,4.404136593,-3.182813794
122.14,-64.99637931,0.05295508693,0.5959941472,0.3177324005,0,-1.221322797,4.404136593,-3.182813794
122.15,-64.99637931,0.05295508693,0.5959941472,0.3177324005,0,-1.221322797,4.404136593,-3.182813794
122.16,-64.99637931,0.05295508693,0.5959941472,0.3177324005,0,-1.221322797,4.404136592,-3.182813794
122.17,-64.99637931,0.05295508693,0.5959941471,0.3177324005,0,-1.221322797,4.404136592,-3.182813794
122.18,-64.99637931,0.05295508693,0.5959941471,0.3177324005,0,-1.221322797,4.404136592,-3.182813794
122.19,-64.99637931,0.05295508693,0.5959941471,0.3177324005,0,-1.221322797,4.404136592,-3.182813794
122.2,-64.99637931,0.05295508693,0.5959941471,0.3177324005,0,-1.221322797,4.404136592,-3.182813794
122.21,-64.99637931,0.05295508693,0.595994147,0.3177324005,0,-1.221322797,4.404136592,-3.182813794
122.22,-64.99637931,0.05295508693,0.595994147,0.3177324005,0,-1.221322796,4.404136592,-3.182813794
122.23,-64.99637931,0.05295508693,0.595994147,0.3177324005,0,-1.221322796,4.404136592,-3.182813794
122.24,-64.99637931,0.05295508693,0.595994147,0.3177324005,0,-1.221322796,4.404136592,-3.182813794
122.25,-64.99637931,0.05295508693,0.5959941469,0.3177324005,0,-1.221322796,4.404136592,-3.182813794
122.26,-64.99637931,0.05295508693,0.5959941469,0.3177324005,0,-1.221322796,4.404136592,-3.182813794
122.27,-64.99637931,0.05295508693,0.5959941469,0.3177324005,0,-1.221322796,4.404136592,-3.182813794
122.28,-64.99637931,0.05295508693,0.5959941469,0.3177324005,0,-1.221322796,4.404136592,-3.182813794
122.29,-64.99637931,0.05295508693,0.5959941468,0.3177324005,0,-1.221322796,4.404136592,-3.182813794
122.3,-64.99637931,0.05295508693,0.5959941468,0.3177324005,0,-1.221322796,4.404136592,-3.182813794
122.31,-64.99637931,0.05295508693,0.5959941468,0.3177324005,0,-1.221322796,4.404136592,-3.182813794
122.32,-64.99637931,0.05295508693,0.5959941467,0.3177324005,0,-1.221322796,4.404136592,-3.182813794
122.33,-64.99637931,0.05295508693,0.5959941467,0.3177324005,0,-1.221322796,4.404136592,-3.182813794
122.34,-64.99637931,0.05295508693,0.5959941467,0.3177324005,0,-1.221322796,4.404136591,-3.182813794
122.35,-64.99637931,0.05295508693,0.5959941467,0.3177324005,0,-1.221322796,4.404136591,-3.182813794
122.36,-64.99637931,0.05295508693,0.5959941466,0.3177324005,0,-1.221322796,4.404136591,-3.182813794
122.37,-64.99637931,0.05295508693,0.5959941466,0.3177324005,0,-1.221322796,4.404136591,-3.182813794
122.38,-64.99637931,0.05295508693,0.5959941466,0.3177324005,0,-1.221322795,4.404136591,-3.182813794
122.39,-64.99637931,0.05295508693,0.5959941466,0.3177324005,0,-1.221322795,4.404136591,-3.182813794
122.4,-64.99637931,0.05295508693,0.5959941465,0.3177324005,0,-1.221322795,4.404136591,-3.182813794
122.41,-64.99637931,0.05295508693,0.5959941465,0.3177324005,0,-1.221322795,4.404136591,-3.182813794
122.42,-64.99637931,0.05295508693,0.5959941465,0.3177324005,0,-1.221322795,4.404136591,-3.182813794
122.43,-64.99637931,0.05295508693,0.5959941465,0.3177324005,0,-1.221322795,4.404136591,-3.182813794
122.44,-64.99637931,0.05295508693,0.5959941464,0.3177324005,0,-1.221322795,4.404136591,-3.182813794
122.45,-64.99637931,0.05295508693,0.5959941464,0.3177324005,0,-1.221322795,4.404136591,-3.182813794
122.46,-64.99637931,0.05295508693,0.5959941464,0.3177324005,0,-1.221322795,4.404136591,-3.182813794
122.47,-64.99637931,0.05295508693,0.5959941464,0.3177324005,0,-1.221322795,4.404136591,-3.182813794
122.48,-64.99637931,0.05295508693,0.5959941463,0.3177324005,0,-1.221322795,4.404136591,-3.182813794
122.49,-64.99637931,0.05295508693,0.5959941463,0.3177324005,0,-1.221322795,4.404136591,-3.182813794
122.5,-64.99637931,0.05295508693,0.5959941463,0.3177324005,0,-1.221322795,4.404136591,-3.182813794
122.51,-64.99637931,0.05295508693,0.5959941462,0.3177324005,0,-1.221322795,4.404136591,-3.182813794
122.52,-64.99637931,0.05295508693,0.5959941462,0.3177324005,0,-1.221322795,4.40413659,-3.182813794
122.53,-64.99637931,0.05295508693,0.5959941462,0.3177324005,0,-1.221322795,4.40413659,-3.182813794
122.54,-64.99637931,0.05295508693,0.5959941462,0.3177324005,0,-1.221322795,4.40413659,-3.182813794
122.55,-64.99637931,0.05295508693,0.5959941461,0.3177324005,0,-1.221322794,4.40413659,-3.182813794
122.56,-64.99637931,0.05295508693,0.5959941461,0.3177324005,0,-1.221322794,4.40413659,-3.182813794
122.57,-64.99637931,0.05295508693,0.5959941461,0.3177324005,0,-1.221322794,4.40413659,-3.182813794
122.58,-64.99637931,0.05295508693,0.5959941461,0.3177324005,0,-1.221322794,4.40413659,-3.182813794
122.59,-64.99637931,0.05295508693,0.595994146,0.3177324005,0,-1.221322794,4.40413659,-3.182813794
122.6,-64.99637931,0.05295508693,0.595994146,0.3177324005,0,-1.221322794,4.40413659,-3.182813794
122.61,-64.99637931,0.05295508693,0.595994146,0.3177324005,0,-1.221322794,4.40413659,-3.182813794
122.62,-64.99637931,0.05295508693,0.595994146,0.3177324005,0,-1.221322794,4.40413659,-3.182813794
122.63,-64.99637931,0.05295508693,0.5959941459,0.3177324005,0,-1.221322794,4.40413659,-3.182813794
122.64,-64.99637931,0.05295508693,0.5959941459,0.3177324005,0,-1.221322794,4.40413659,-3.182813794
122.65,-64.99637931,0.05295508693,0.5959941459,0.3177324005,0,-1.221322794,4.40413659,-3.182813794
122.66,-64.99637931,0.05295508693,0.5959941459,0.3177324005,0,-1.221322794,4.40413659,-3.182813794
122.67,-64.99637931,0.05295508693,0.5959941458,0.3177324005,0,-1.221322794,4.40413659,-3.182813794
122.68,-64.99637931,0.05295508693,0.5959941458,0.3177324005,0,-1.221322794,4.40413659,-3.182813794
122.69,-64.99637931,0.05295508693,0.5959941458,0.3177324005,0,-1.221322794,4.40413659,-3.182813794
122.7,-64.99637931,0.05295508693,0.5959941458,0.3177324005,0,-1.221322794,4.404136589,-3.182813794
122.71,-64.99637931,0.05295508693,0.5959941457,0.3177324005,0,-1.221322793,4.404136589,-3.182813794
122.72,-64.99637931,0.05295508693,0.5959941457,0.3177324005,0,-1.221322793,4.404136589,-3.182813794
122.73,-64.99637931,0.05295508693,0.5959941457,0.3177324005,0,-1.221322793,4.404136589,-3.182813794
122.74,-64.99637931,0.05295508693,0.5959941457,0.3177324005,0,-1.221322793,4.404136589,-3.182813794
122.75,-64.99637931,0.05295508693,0.5959941456,0.3177324005,0,-1.221322793,4.404136589,-3.182813794
122.76,-64.99637931,0.05295508693,0.5959941456,0.3177324005,0,-1.221322793,4.404136589,-3.182813794
122.77,-64.99637931,0.05295508693,0.5959941456,0.3177324005,0,-1.221322793,4.404136589,-3.182813794
122.78,-64.99637931,0.05295508693,0.5959941456,0.3177324005,0,-1.221322793,4.404136589,-3.182813794
122.79,-64.99637931,0.05295508693,0.5959941455,0.3177324005,0,-1.221322793,4.404136589,-3.182813794
122.8,-64.99637931,0.05295508692,0.5959941455,0.3177324005,0,-1.221322793,4.404136589,-3.182813794
122.81,-64.99637931,0.05295508692,0.5959941455,0.3177324005,0,-1.221322793,4.404136589,-3.182813794
122.82,-64.99637931,0.05295508692,0.5959941455,0.3177324005,0,-1.221322793,4.404136589,-3.182813794
122.83,-64.99637931,0.05295508692,0.5959941454,0.3177324005,0,-1.221322793,4.404136589,-3.182813794
122.84,-64.99637931,0.05295508692,0.5959941454,0.3177324005,0,-1.221322793,4.404136589,-3.182813794
122.85,-64.99637931,0.05295508692,0.5959941454,0.3177324005,0,-1.221322793,4.404136589,-3.182813794
122.86,-64.99637931,0.05295508692,0.5959941454,0.3177324005,0,-1.221322793,4.404136589,-3.182813794
122.87,-64.99637931,0.05295508692,0.5959941453,0.3177324005,0,-1.221322793,4.404136589,-3.182813794
122.88,-64.99637931,0.05295508692,0.5959941453,0.3177324005,0,-1.221322792,4.404136589,-3.182813794
122.89,-64.99637931,0.05295508692,0.5959941453,0.3177324005,0,-1.221322792,4.404136588,-3.182813794
122.9,-64.99637931,0.05295508692,0.5959941453,0.3177324005,0,-1.221322792,4.404136588,-3.182813794
122.91,-64.99637931,0.05295508692,0.5959941452,0.3177324005,0,-1.221322792,4.404136588,-3.182813794
122.92,-64.99637931,0.05295508692,0.5959941452,0.3177324005,0,-1.221322792,4.404136588,-3.182813794
122.93,-64.99637931,0.05295508692,0.5959941452,0.3177324005,0,-1.221322792,4.404136588,-3.182813794
122.94,-64.99637931,0.05295508692,0.5959941452,0.3177324005,0,-1.221322792,4.404136588,-3.182813794
122.95,-64.99637931,0.05295508692,0.5959941451,0.3177324005,0,-1.221322792,4.404136588,-3.182813794
122.96,-64.99637931,0.05295508692,0.5959941451,0.3177324005,0,-1.221322792,4.404136588,-3.182813794
122.97,-64.99637931,0.05295508692,0.5959941451,0.3177324005,0,-1.221322792,4.404136588,-3.182813794
122.98,-64.99637931,0.05295508692,0.5959941451,0.3177324005,0,-1.221322792,4.404136588,-3.182813794
122.99,-64.99637931,0.05295508692,0.595994145,0.3177324005,0,-1.221322792,4.404136588,-3.182813794
123,-64.99637931,0.05295508692,0.595994145,0.3177324005,0,-1.221322792,4.404136588,-3.182813794
123.01,-64.99637931,0.05295508692,0.595994145,0.3177324005,0,-1.221322792,4.404136588,-3.182813794
123.02,-64.99637931,0.05295508692,0.595994145,0.3177324005,0,-1.221322792,4.404136588,-3.182813794
123.03,-64.99637931,0.05295508692,0.5959941449,0.3177324005,0,-1.221322792,4.404136588,-3.182813794
123.04,-64.99637931,0.05295508692,0.5959941449,0.3177324005,0,-1.221322792,4.404136588,-3.182813794
123.05,-64.99637931,0.05295508692,0.5959941449,0.3177324005,0,-1.221322791,4.404136588,-3.182813794
123.06,-64.99637931,0.05295508692,0.5959941449,0.3177324005,0,-1.221322791,4.404136588,-3.182813794
123.07,-64.99637931,0.05295508692,0.5959941448,0.3177324005,0,-1.221322791,4.404136588,-3.182813794
123.08,-64.99637931,0.05295508692,0.5959941448,0.3177324005,0,-1.221322791,4.404136587,-3.182813794
123.09,-64.99637931,0.05295508692,0.5959941448,0.3177324005,0,-1.221322791,4.404136587,-3.182813794
123.1,-64.99637931,0.05295508692,0.5959941448,0.3177324005,0,-1.221322791,4.404136587,-3.182813794
123.11,-64.99637931,0.05295508692,0.5959941447,0.3177324005,0,-1.221322791,4.404136587,-3.182813794
123.12,-64.99637931,0.05295508692,0.5959941447,0.3177324005,0,-1.221322791,4.404136587,-3.182813794
123.13,-64.99637931,0.05295508692,0.5959941447,0.3177324005,0,-1.221322791,4.404136587,-3.182813794
123.14,-64.99637931,0.05295508692,0.5959941447,0.3177324005,0,-1.221322791,4.404136587,-3.182813794
123.15,-64.99637931,0.05295508692,0.5959941446,0.3177324005,0,-1.221322791,4.404136587,-3.182813794
123.16,-64.99637931,0.05295508692,0.5959941446,0.3177324005,0,-1.221322791,4.404136587,-3.182813794
123.17,-64.99637931,0.05295508692,0.5959941446,0.3177324005,0,-1.221322791,4.404136587,-3.182813794
123.18,-64.99637931,0.05295508692,0.5959941446,0.3177324005,0,-1.221322791,4.404136587,-3.182813794
123.19,-64.99637931,0.05295508692,0.5959941446,0.3177324005,0,-1.221322791,4.404136587,-3.182813794
123.2,-64.99637931,0.05295508692,0.5959941445,0.3177324005,0,-1.221322791,4.404136587,-3.182813794
123.21,-64.99637931,0.05295508692,0.5959941445,0.3177324005,0,-1.221322791,4.404136587,-3.182813794
123.22,-64.99637931,0.05295508692,0.5959941445,0.3177324005,0,-1.221322791,4.404136587,-3.182813794
123.23,-64.99637931,0.05295508692,0.5959941445,0.3177324005,0,-1.22132279,4.404136587,-3.182813794
123.24,-64.99637931,0.05295508692,0.5959941444,0.3177324005,0,-1.22132279,4.404136587,-3.182813794
123.25,-64.99637931,0.05295508692,0.5959941444,0.3177324005,0,-1.22132279,4.404136587,-3.182813794
123.26,-64.99637931,0.05295508692,0.5959941444,0.3177324005,0,-1.22132279,4.404136587,-3.182813794
123.27,-64.99637931,0.05295508692,0.5959941444,0.3177324004,0,-1.22132279,4.404136586,-3.182813794
123.28,-64.99637931,0.05295508692,0.5959941443,0.3177324004,0,-1.22132279,4.404136586,-3.182813794
123.29,-64.99637931,0.05295508692,0.5959941443,0.3177324004,0,-1.22132279,4.404136586,-3.182813794
123.3,-64.99637931,0.05295508692,0.5959941443,0.3177324004,0,-1.22132279,4.404136586,-3.182813794
123.31,-64.99637931,0.05295508692,0.5959941443,0.3177324004,0,-1.22132279,4.404136586,-3.182813794
123.32,-64.99637931,0.05295508692,0.5959941442,0.3177324004,0,-1.22132279,4.404136586,-3.182813794
123.33,-64.99637931,0.05295508692,0.5959941442,0.3177324004,0,-1.22132279,4.404136586,-3.182813794
123.34,-64.99637931,0.05295508692,0.5959941442,0.3177324004,0,-1.22132279,4.404136586,-3.182813794
123.35,-64.99637931,0.05295508692,0.5959941442,0.3177324004,0,-1.22132279,4.404136586,-3.182813794
123.36,-64.99637931,0.05295508692,0.5959941441,0.3177324004,0,-1.22132279,4.404136586,-3.182813794
123.37,-64.99637931,0.05295508692,0.5959941441,0.3177324004,0,-1.22132279,4.404136586,-3.182813794
123.38,-64.99637931,0.05295508692,0.5959941441,0.3177324004,0,-1.22132279,4.404136586,-3.182813794
123.39,-64.99637931,0.05295508692,0.5959941441,0.3177324004,0,-1.22132279,4.404136586,-3.182813794
123.4,-64.99637931,0.05295508692,0.5959941441,0.3177324004,0,-1.221322789,4.404136586,-3.182813794
123.41,-64.99637931,0.05295508692,0.595994144,0.3177324004,0,-1.221322789,4.404136586,-3.182813794
123.42,-64.99637931,0.05295508692,0.595994144,0.3177324004,0,-1.221322789,4.404136586,-3.182813794
123.43,-64.99637931,0.05295508692,0.595994144,0.3177324004,0,-1.221322789,4.404136586,-3.182813794
123.44,-64.99637931,0.05295508692,0.595994144,0.3177324004,0,-1.221322789,4.404136586,-3.182813794
123.45,-64.99637931,0.05295508692,0.5959941439,0.3177324004,0,-1.221322789,4.404136586,-3.182813794
123.46,-64.99637931,0.05295508692,0.5959941439,0.3177324004,0,-1.221322789,4.404136586,-3.182813794
123.47,-64.99637931,0.05295508692,0.5959941439,0.3177324004,0,-1.221322789,4.404136585,-3.182813794
123.48,-64.99637931,0.05295508692,0.5959941439,0.3177324004,0,-1.221322789,4.404136585,-3.182813794
123.49,-64.99637932,0.05295508692,0.5959941438,0.3177324004,0,-1.221322789,4.404136585,-3.182813795
123.5,-64.99637932,0.05295508692,0.5959941438,0.3177324004,0,-1.221322789,4.404136585,-3.182813795
123.51,-64.99637932,0.05295508692,0.5959941438,0.3177324004,0,-1.221322789,4.404136585,-3.182813795
123.52,-64.99637932,0.05295508692,0.5959941438,0.3177324004,0,-1.221322789,4.404136585,-3.182813795
123.53,-64.99637932,0.05295508692,0.5959941438,0.3177324004,0,-1.221322789,4.404136585,-3.182813795
123.54,-64.99637932,0.05295508692,0.5959941437,0.3177324004,0,-1.221322789,4.404136585,-3.182813795
123.55,-64.99637932,0.05295508692,0.5959941437,0.3177324004,0,-1.221322789,4.404136585,-3.182813795
123.56,-64.99637932,0.05295508692,0.5959941437,0.3177324004,0,-1.221322789,4.404136585,-3.182813795
123.57,-64.99637932,0.05295508692,0.5959941437,0.3177324004,0,-1.221322789,4.404136585,-3.182813795
123.58,-64.99637932,0.05295508692,0.5959941436,0.3177324004,0,-1.221322789,4.404136585,-3.182813795
123.59,-64.99637932,0.05295508692,0.5959941436,0.3177324004,0,-1.221322788,4.404136585,-3.182813795
123.6,-64.99637932,0.05295508692,0.5959941436,0.3177324004,0,-1.221322788,4.404136585,-3.182813795
123.61,-64.99637932,0.05295508692,0.5959941436,0.3177324004,0,-1.221322788,4.404136585,-3.182813795
123.62,-64.99637932,0.05295508692,0.5959941435,0.3177324004,0,-1.221322788,4.404136585,-3.182813795
123.63,-64.99637932,0.05295508692,0.5959941435,0.3177324004,0,-1.221322788,4.404136585,-3.182813795
123.64,-64.99637932,0.05295508692,0.5959941435,0.3177324004,0,-1.221322788,4.404136585,-3.182813795
123.65,-64.99637932,0.05295508691,0.5959941435,0.3177324004,0,-1.221322788,4.404136585,-3.182813795
123.66,-64.99637932,0.05295508691,0.5959941435,0.3177324004,0,-1.221322788,4.404136585,-3.182813795
123.67,-64.99637932,0.05295508691,0.5959941434,0.3177324004,0,-1.221322788,4.404136584,-3.182813795
123.68,-64.99637932,0.05295508691,0.5959941434,0.3177324004,0,-1.221322788,4.404136584,-3.182813795
123.69,-64.99637932,0.05295508691,0.5959941434,0.3177324004,0,-1.221322788,4.404136584,-3.182813795
123.7,-64.99637932,0.05295508691,0.5959941434,0.3177324004,0,-1.221322788,4.404136584,-3.182813795
123.71,-64.99637932,0.05295508691,0.5959941433,0.3177324004,0,-1.221322788,4.404136584,-3.182813795
123.72,-64.99637932,0.05295508691,0.5959941433,0.3177324004,0,-1.221322788,4.404136584,-3.182813795
123.73,-64.99637932,0.05295508691,0.5959941433,0.3177324004,0,-1.221322788,4.404136584,-3.182813795
123.74,-64.99637932,0.05295508691,0.5959941433,0.3177324004,0,-1.221322788,4.404136584,-3.182813795
123.75,-64.99637932,0.05295508691,0.5959941433,0.3177324004,0,-1.221322788,4.404136584,-3.182813795
123.76,-64.99637932,0.05295508691,0.5959941432,0.3177324004,0,-1.221322788,4.404136584,-3.182813795
123.77,-64.99637932,0.05295508691,0.5959941432,0.3177324004,0,-1.221322787,4.404136584,-3.182813795
123.78,-64.99637932,0.05295508691,0.5959941432,0.3177324004,0,-1.221322787,4.404136584,-3.182813795
123.79,-64.99637932,0.05295508691,0.5959941432,0.3177324004,0,-1.221322787,4.404136584,-3.182813795
123.8,-64.99637932,0.05295508691,0.5959941431,0.3177324004,0,-1.221322787,4.404136584,-3.182813795
123.81,-64.99637932,0.05295508691,0.5959941431,0.3177324004,0,-1.221322787,4.404136584,-3.182813795
123.82,-64.99637932,0.05295508691,0.5959941431,0.3177324004,0,-1.221322787,4.404136584,-3.182813795
123.83,-64.99637932,0.05295508691,0.5959941431,0.3177324004,0,-1.221322787,4.404136584,-3.182813795
123.84,-64.99637932,0.05295508691,0.5959941431,0.3177324004,0,-1.221322787,4.404136584,-3.182813795
123.85,-64.99637932,0.05295508691,0.595994143,0.3177324004,0,-1.221322787,4.404136584,-3.182813795
123.86,-64.99637932,0.05295508691,0.595994143,0.3177324004,0,-1.221322787,4.404136584,-3.182813795
123.87,-64.99637932,0.05295508691,0.595994143,0.3177324004,0,-1.221322787,4.404136584,-3.182813795
123.88,-64.99637932,0.05295508691,0.595994143,0.3177324004,0,-1.221322787,4.404136583,-3.182813795
123.89,-64.99637932,0.05295508691,0.5959941429,0.3177324004,0,-1.221322787,4.404136583,-3.182813795
123.9,-64.99637932,0.05295508691,0.5959941429,0.3177324004,0,-1.221322787,4.404136583,-3.182813795
123.91,-64.99637932,0.05295508691,0.5959941429,0.3177324004,0,-1.221322787,4.404136583,-3.182813795
123.92,-64.99637932,0.05295508691,0.5959941429,0.3177324004,0,-1.221322787,4.404136583,-3.182813795
123.93,-64.99637932,0.05295508691,0.5959941429,0.3177324004,0,-1.221322787,4.404136583,-3.182813795
123.94,-64.99637932,0.05295508691,0.5959941428,0.3177324004,0,-1.221322787,4.404136583,-3.182813795
123.95,-64.99637932,0.05295508691,0.5959941428,0.3177324004,0,-1.221322787,4.404136583,-3.182813795
123.96,-64.99637932,0.05295508691,0.5959941428,0.3177324004,0,-1.221322786,4.404136583,-3.182813795
123.97,-64.99637932,0.05295508691,0.5959941428,0.3177324004,0,-1.221322786,4.404136583,-3.182813795
123.98,-64.99637932,0.05295508691,0.5959941427,0.3177324004,0,-1.221322786,4.404136583,-3.182813795
123.99,-64.99637932,0.05295508691,0.5959941427,0.3177324004,0,-1.221322786,4.404136583,-3.182813795
124,-64.99637932,0.05295508691,0.5959941427,0.3177324004,0,-1.221322786,4.404136583,-3.182813795
124.01,-64.99637932,0.05295508691,0.5959941427,0.3177324004,0,-1.221322786,4.404136583,-3.182813795
124.02,-64.99637932,0.05295508691,0.5959941427,0.3177324004,0,-1.221322786,4.404136583,-3.182813795
124.03,-64.99637932,0.05295508691,0.5959941426,0.3177324004,0,-1.221322786,4.404136583,-3.182813795
124.04,-64.99637932,0.05295508691,0.5959941426,0.3177324004,0,-1.221322786,4.404136583,-3.182813795
124.05,-64.99637932,0.05295508691,0.5959941426,0.3177324004,0,-1.221322786,4.404136583,-3.182813795
124.06,-64.99637932,0.05295508691,0.5959941426,0.3177324004,0,-1.221322786,4.404136583,-3.182813795
124.07,-64.99637932,0.05295508691,0.5959941426,0.3177324004,0,-1.221322786,4.404136583,-3.182813795
124.08,-64.99637932,0.05295508691,0.5959941425,0.3177324004,0,-1.221322786,4.404136583,-3.182813795
124.09,-64.99637932,0.05295508691,0.5959941425,0.3177324004,0,-1.221322786,4.404136582,-3.182813795
124.1,-64.99637932,0.05295508691,0.5959941425,0.3177324004,0,-1.221322786,4.404136582,-3.182813795
124.11,-64.99637932,0.05295508691,0.5959941425,0.3177324004,0,-1.221322786,4.404136582,-3.182813795
124.12,-64.99637932,0.05295508691,0.5959941424,0.3177324004,0,-1.221322786,4.404136582,-3.182813795
124.13,-64.99637932,0.05295508691,0.5959941424,0.3177324004,0,-1.221322786,4.404136582,-3.182813795
124.14,-64.99637932,0.05295508691,0.5959941424,0.3177324004,0,-1.221322786,4.404136582,-3.182813795
124.15,-64.99637932,0.05295508691,0.5959941424,0.3177324004,0,-1.221322785,4.404136582,-3.182813795
124.16,-64.99637932,0.05295508691,0.5959941424,0.3177324004,0,-1.221322785,4.404136582,-3.182813795
124.17,-64.99637932,0.05295508691,0.5959941423,0.3177324004,0,-1.221322785,4.404136582,-3.182813795
124.18,-64.99637932,0.05295508691,0.5959941423,0.3177324004,0,-1.221322785,4.404136582,-3.182813795
124.19,-64.99637932,0.05295508691,0.5959941423,0.3177324004,0,-1.221322785,4.404136582,-3.182813795
124.2,-64.99637932,0.05295508691,0.5959941423,0.3177324004,0,-1.221322785,4.404136582,-3.182813795
124.21,-64.99637932,0.05295508691,0.5959941423,0.3177324004,0,-1.221322785,4.404136582,-3.182813795
124.22,-64.99637932,0.05295508691,0.5959941422,0.3177324004,0,-1.221322785,4.404136582,-3.182813795
124.23,-64.99637932,0.05295508691,0.5959941422,0.3177324004,0,-1.221322785,4.404136582,-3.182813795
124.24,-64.99637932,0.05295508691,0.5959941422,0.3177324004,0,-1.221322785,4.404136582,-3.182813795
124.25,-64.99637932,0.05295508691,0.5959941422,0.3177324004,0,-1.221322785,4.404136582,-3.182813795
124.26,-64.99637932,0.05295508691,0.5959941421,0.3177324004,0,-1.221322785,4.404136582,-3.182813795
124.27,-64.99637932,0.05295508691,0.5959941421,0.3177324004,0,-1.221322785,4.404136582,-3.182813795
124.28,-64.99637932,0.05295508691,0.5959941421,0.3177324004,0,-1.221322785,4.404136582,-3.182813795
124.29,-64.99637932,0.05295508691,0.5959941421,0.3177324004,0,-1.221322785,4.404136582,-3.182813795
124.3,-64.99637932,0.05295508691,0.5959941421,0.3177324004,0,-1.221322785,4.404136581,-3.182813795
124.31,-64.99637932,0.05295508691,0.595994142,0.3177324004,0,-1.221322785,4.404136581,-3.182813795
124.32,-64.99637932,0.05295508691,0.595994142,0.3177324004,0,-1.221322785,4.404136581,-3.182813795
124.33,-64.99637932,0.05295508691,0.595994142,0.3177324004,0,-1.221322785,4.404136581,-3.182813795
124.34,-64.99637932,0.05295508691,0.595994142,0.3177324004,0,-1.221322785,4.404136581,-3.182813795
124.35,-64.99637932,0.05295508691,0.595994142,0.3177324004,0,-1.221322784,4.404136581,-3.182813795
124.36,-64.99637932,0.05295508691,0.5959941419,0.3177324004,0,-1.221322784,4.404136581,-3.182813795
124.37,-64.99637932,0.05295508691,0.5959941419,0.3177324004,0,-1.221322784,4.404136581,-3.182813795
124.38,-64.99637932,0.05295508691,0.5959941419,0.3177324004,0,-1.221322784,4.404136581,-3.182813795
124.39,-64.99637932,0.05295508691,0.5959941419,0.3177324004,0,-1.221322784,4.404136581,-3.182813795
124.4,-64.99637932,0.05295508691,0.5959941419,0.3177324004,0,-1.221322784,4.404136581,-3.182813795
124.41,-64.99637932,0.05295508691,0.5959941418,0.3177324004,0,-1.221322784,4.404136581,-3.182813795
124.42,-64.99637932,0.05295508691,0.5959941418,0.3177324004,0,-1.221322784,4.404136581,-3.182813795
124.43,-64.99637932,0.05295508691,0.5959941418,0.3177324004,0,-1.221322784,4.404136581,-3.182813795
124.44,-64.99637932,0.05295508691,0.5959941418,0.3177324004,0,-1.221322784,4.404136581,-3.182813795
124.45,-64.99637932,0.05295508691,0.5959941418,0.3177324004,0,-1.221322784,4.404136581,-3.182813795
124.46,-64.99637932,0.05295508691,0.5959941417,0.3177324004,0,-1.221322784,4.404136581,-3.182813795
124.47,-64.99637932,0.05295508691,0.5959941417,0.3177324004,0,-1.221322784,4.404136581,-3.182813795
124.48,-64.99637932,0.05295508691,0.5959941417,0.3177324004,0,-1.221322784,4.404136581,-3.182813795
124.49,-64.99637932,0.05295508691,0.5959941417,0.3177324004,0,-1.221322784,4.404136581,-3.182813795
124.5,-64.99637932,0.05295508691,0.5959941416,0.3177324004,0,-1.221322784,4.404136581,-3.182813795
124.51,-64.99637932,0.05295508691,0.5959941416,0.3177324004,0,-1.221322784,4.404136581,-3.182813795
124.52,-64.99637932,0.0529550869,0.5959941416,0.3177324004,0,-1.221322784,4.40413658,-3.182813795
124.53,-64.99637932,0.0529550869,0.5959941416,0.3177324004,0,-1.221322784,4.40413658,-3.182813795
124.54,-64.99637932,0.0529550869,0.5959941416,0.3177324004,0,-1.221322784,4.40413658,-3.182813795
124.55,-64.99637932,0.0529550869,0.5959941415,0.3177324004,0,-1.221322783,4.40413658,-3.182813795
124.56,-64.99637932,0.0529550869,0.5959941415,0.3177324004,0,-1.221322783,4.40413658,-3.182813795
124.57,-64.99637932,0.0529550869,0.5959941415,0.3177324004,0,-1.221322783,4.40413658,-3.182813795
124.58,-64.99637932,0.0529550869,0.5959941415,0.3177324004,0,-1.221322783,4.40413658,-3.182813795
124.59,-64.99637932,0.0529550869,0.5959941415,0.3177324004,0,-1.221322783,4.40413658,-3.182813795
124.6,-64.99637932,0.0529550869,0.5959941414,0.3177324004,0,-1.221322783,4.40413658,-3.182813795
124.61,-64.99637932,0.0529550869,0.5959941414,0.3177324004,0,-1.221322783,4.40413658,-3.182813795
124.62,-64.99637932,0.0529550869,0.5959941414,0.3177324004,0,-1.221322783,4.40413658,-3.182813795
124.63,-64.99637932,0.0529550869,0.5959941414,0.3177324003,0,-1.221322783,4.40413658,-3.182813795
124.64,-64.99637932,0.0529550869,0.5959941414,0.3177324003,0,-1.221322783,4.40413658,-3.182813795
124.65,-64.99637932,0.0529550869,0.5959941413,0.3177324003,0,-1.221322783,4.40413658,-3.182813795
124.66,-64.99637932,0.0529550869,0.5959941413,0.3177324003,0,-1.221322783,4.40413658,-3.182813795
124.67,-64.99637932,0.0529550869,0.5959941413,0.3177324003,0,-1.221322783,4.40413658,-3.182813795
124.68,-64.99637932,0.0529550869,0.5959941413,0.3177324003,0,-1.221322783,4.40413658,-3.182813795
124.69,-64.99637932,0.0529550869,0.5959941413,0.3177324003,0,-1.221322783,4.40413658,-3.182813795
124.7,-64.99637932,0.0529550869,0.5959941412,0.3177324003,0,-1.221322783,4.40413658,-3.182813795
124.71,-64.99637932,0.0529550869,0.5959941412,0.3177324003,0,-1.221322783,4.40413658,-3.182813795
124.72,-64.99637932,0.0529550869,0.5959941412,0.3177324003,0,-1.221322783,4.40413658,-3.182813795
124.73,-64.99637932,0.0529550869,0.5959941412,0.3177324003,0,-1.221322783,4.40413658,-3.182813795
124.74,-64.99637932,0.0529550869,0.5959941412,0.3177324003,0,-1.221322783,4.40413658,-3.182813795
124.75,-64.99637932,0.0529550869,0.5959941411,0.3177324003,0,-1.221322782,4.404136579,-3.182813795
124.76,-64.99637932,0.0529550869,0.5959941411,0.3177324003,0,-1.221322782,4.404136579,-3.182813795
124.77,-64.99637932,0.0529550869,0.5959941411,0.3177324003,0,-1.221322782,4.404136579,-3.182813795
124.78,-64.99637932,0.0529550869,0.5959941411,0.3177324003,0,-1.221322782,4.404136579,-3.182813795
124.79,-64.99637932,0.0529550869,0.5959941411,0.3177324003,0,-1.221322782,4.404136579,-3.182813795
124.8,-64.99637932,0.0529550869,0.595994141,0.3177324003,0,-1.221322782,4.404136579,-3.182813795
124.81,-64.99637932,0.0529550869,0.595994141,0.3177324003,0,-1.221322782,4.404136579,-3.182813795
124.82,-64.99637932,0.0529550869,0.595994141,0.3177324003,0,-1.221322782,4.404136579,-3.182813795
124.83,-64.99637932,0.0529550869,0.595994141,0.3177324003,0,-1.221322782,4.404136579,-3.182813795
124.84,-64.99637932,0.0529550869,0.595994141,0.3177324003,0,-1.221322782,4.404136579,-3.182813795
124.85,-64.99637932,0.0529550869,0.5959941409,0.3177324003,0,-1.221322782,4.404136579,-3.182813795
124.86,-64.99637932,0.0529550869,0.5959941409,0.3177324003,0,-1.221322782,4.404136579,-3.182813795
124.87,-64.99637932,0.0529550869,0.5959941409,0.3177324003,0,-1.221322782,4.404136579,-3.182813795
124.88,-64.99637932,0.0529550869,0.5959941409,0.3177324003,0,-1.221322782,4.404136579,-3.182813795
124.89,-64.99637932,0.0529550869,0.5959941409,0.3177324003,0,-1.221322782,4.404136579,-3.182813795
124.9,-64.99637932,0.0529550869,0.5959941408,0.3177324003,0,-1.221322782,4.404136579,-3.182813795
124.91,-64.99637932,0.0529550869,0.5959941408,0.3177324003,0,-1.221322782,4.404136579,-3.182813795
124.92,-64.99637932,0.0529550869,0.5959941408,0.3177324003,0,-1.221322782,4.404136579,-3.182813795
124.93,-64.99637932,0.0529550869,0.5959941408,0.3177324003,0,-1.221322782,4.404136579,-3.182813795
124.94,-64.99637932,0.0529550869,0.5959941408,0.3177324003,0,-1.221322782,4.404136579,-3.182813795
124.95,-64.99637932,0.0529550869,0.5959941408,0.3177324003,0,-1.221322782,4.404136579,-3.182813795
124.96,-64.99637932,0.0529550869,0.5959941407,0.3177324003,0,-1.221322781,4.404136579,-3.182813795
124.97,-64.99637932,0.0529550869,0.5959941407,0.3177324003,0,-1.221322781,4.404136579,-3.182813795
124.98,-64.99637932,0.0529550869,0.5959941407,0.3177324003,0,-1.221322781,4.404136578,-3.182813795
124.99,-64.99637932,0.0529550869,0.5959941407,0.3177324003,0,-1.221322781,4.404136578,-3.182813795
125,-64.99637932,0.0529550869,0.5959941407,0.3177324003,0,-1.221322781,4.404136578,-3.182813795
125.01,-64.99637932,0.0529550869,0.5959941406,0.3177324003,0,-1.221322781,4.404136578,-3.182813795
125.02,-64.99637932,0.0529550869,0.5959941406,0.3177324003,0,-1.221322781,4.404136578,-3.182813795
125.03,-64.99637932,0.0529550869,0.5959941406,0.3177324003,0,-1.221322781,4.404136578,-3.182813795
125.04,-64.99637932,0.0529550869,0.5959941406,0.3177324003,0,-1.221322781,4.404136578,-3.182813795
125.05,-64.99637932,0.0529550869,0.5959941406,0.3177324003,0,-1.221322781,4.404136578,-3.182813795
125.06,-64.99637932,0.0529550869,0.5959941405,0.3177324003,0,-1.221322781,4.404136578,-3.182813795
125.07,-64.99637932,0.0529550869,0.5959941405,0.3177324003,0,-1.221322781,4.404136578,-3.182813795
125.08,-64.99637932,0.0529550869,0.5959941405,0.3177324003,0,-1.221322781,4.404136578,-3.182813795
125.09,-64.99637932,0.0529550869,0.5959941405,0.3177324003,0,-1.221322781,4.404136578,-3.182813795
125.1,-64.99637932,0.0529550869,0.5959941405,0.3177324003,0,-1.221322781,4.404136578,-3.182813795
125.11,-64.99637932,0.0529550869,0.5959941404,0.3177324003,0,-1.221322781,4.404136578,-3.182813795
125.12,-64.99637932,0.0529550869,0.5959941404,0.3177324003,0,-1.221322781,4.404136578,-3.182813795
125.13,-64.99637932,0.0529550869,0.5959941404,0.3177324003,0,-1.221322781,4.404136578,-3.182813795
125.14,-64.99637932,0.0529550869,0.5959941404,0.3177324003,0,-1.221322781,4.404136578,-3.182813795
125.15,-64.99637932,0.0529550869,0.5959941404,0.3177324003,0,-1.221322781,4.404136578,-3.182813795
125.16,-64.99637932,0.0529550869,0.5959941404,0.3177324003,0,-1.221322781,4.404136578,-3.182813795
125.17,-64.99637932,0.0529550869,0.5959941403,0.3177324003,0,-1.22132278,4.404136578,-3.182813795
125.18,-64.99637932,0.0529550869,0.5959941403,0.3177324003,0,-1.22132278,4.404136578,-3.182813795
125.19,-64.99637932,0.0529550869,0.5959941403,0.3177324003,0,-1.22132278,4.404136578,-3.182813795
125.2,-64.99637932,0.0529550869,0.5959941403,0.3177324003,0,-1.22132278,4.404136578,-3.182813795
125.21,-64.99637932,0.0529550869,0.5959941403,0.3177324003,0,-1.22132278,4.404136577,-3.182813795
125.22,-64.99637932,0.0529550869,0.5959941402,0.3177324003,0,-1.22132278,4.404136577,-3.182813795
125.23,-64.99637932,0.0529550869,0.5959941402,0.3177324003,0,-1.22132278,4.404136577,-3.182813795
125.24,-64.99637932,0.0529550869,0.5959941402,0.3177324003,0,-1.22132278,4.404136577,-3.182813795
125.25,-64.99637932,0.0529550869,0.5959941402,0.3177324003,0,-1.22132278,4.404136577,-3.182813795
125.26,-64.99637932,0.0529550869,0.5959941402,0.3177324003,0,-1.22132278,4.404136577,-3.182813795
125.27,-64.99637932,0.0529550869,0.5959941401,0.3177324003,0,-1.22132278,4.404136577,-3.182813795
125.28,-64.99637932,0.0529550869,0.5959941401,0.3177324003,0,-1.22132278,4.404136577,-3.182813795
125.29,-64.99637932,0.0529550869,0.5959941401,0.3177324003,0,-1.22132278,4.404136577,-3.182813795
125.3,-64.99637932,0.0529550869,0.5959941401,0.3177324003,0,-1.22132278,4.404136577,-3.182813795
125.31,-64.99637932,0.0529550869,0.5959941401,0.3177324003,0,-1.22132278,4.404136577,-3.182813795
125.32,-64.99637932,0.0529550869,0.5959941401,0.3177324003,0,-1.22132278,4.404136577,-3.182813795
125.33,-64.99637932,0.0529550869,0.59599414,0.3177324003,0,-1.22132278,4.404136577,-3.182813796
125.34,-64.99637932,0.0529550869,0.59599414,0.3177324003,0,-1.22132278,4.404136577,-3.182813796
125.35,-64.99637932,0.0529550869,0.59599414,0.3177324003,0,-1.22132278,4.404136577,-3.182813796
125.36,-64.99637932,0.0529550869,0.59599414,0.3177324003,0,-1.22132278,4.404136577,-3.182813796
125.37,-64.99637932,0.0529550869,0.59599414,0.3177324003,0,-1.22132278,4.404136577,-3.182813796
125.38,-64.99637932,0.0529550869,0.5959941399,0.3177324003,0,-1.22132278,4.404136577,-3.182813796
125.39,-64.99637932,0.0529550869,0.5959941399,0.3177324003,0,-1.221322779,4.404136577,-3.182813796
125.4,-64.99637932,0.0529550869,0.5959941399,0.3177324003,0,-1.221322779,4.404136577,-3.182813796
125.41,-64.99637932,0.05295508689,0.5959941399,0.3177324003,0,-1.221322779,4.404136577,-3.182813796
125.42,-64.99637932,0.05295508689,0.5959941399,0.3177324003,0,-1.221322779,4.404136577,-3.182813796
125.43,-64.99637932,0.05295508689,0.5959941399,0.3177324003,0,-1.221322779,4.404136577,-3.182813796
125.44,-64.99637932,0.05295508689,0.5959941398,0.3177324003,0,-1.221322779,4.404136577,-3.182813796
125.45,-64.99637932,0.05295508689,0.5959941398,0.3177324003,0,-1.221322779,4.404136576,-3.182813796
125.46,-64.99637932,0.05295508689,0.5959941398,0.3177324003,0,-1.221322779,4.404136576,-3.182813796
125.47,-64.99637932,0.05295508689,0.5959941398,0.3177324003,0,-1.221322779,4.404136576,-3.182813796
125.48,-64.99637932,0.05295508689,0.5959941398,0.3177324003,0,-1.221322779,4.404136576,-3.182813796
125.49,-64.99637932,0.05295508689,0.5959941397,0.3177324003,0,-1.221322779,4.404136576,-3.182813796
125.5,-64.99637932,0.05295508689,0.5959941397,0.3177324003,0,-1.221322779,4.404136576,-3.182813796
125.51,-64.99637932,0.05295508689,0.5959941397,0.3177324003,0,-1.221322779,4.404136576,-3.182813796
125.52,-64.99637932,0.05295508689,0.5959941397,0.3177324003,0,-1.221322779,4.404136576,-3.182813796
125.53,-64.99637932,0.05295508689,0.5959941397,0.3177324003,0,-1.221322779,4.404136576,-3.182813796
125.54,-64.99637932,0.05295508689,0.5959941397,0.3177324003,0,-1.221322779,4.404136576,-3.182813796
125.55,-64.99637932,0.05295508689,0.5959941396,0.3177324003,0,-1.221322779,4.404136576,-3.182813796
125.56,-64.99637932,0.05295508689,0.5959941396,0.3177324003,0,-1.221322779,4.404136576,-3.182813796
125.57,-64.99637932,0.05295508689,0.5959941396,0.3177324003,0,-1.221322779,4.404136576,-3.182813796
125.58,-64.99637932,0.05295508689,0.5959941396,0.3177324003,0,-1.221322779,4.404136576,-3.182813796
125.59,-64.99637932,0.05295508689,0.5959941396,0.3177324003,0,-1.221322779,4.404136576,-3.182813796
125.6,-64.99637932,0.05295508689,0.5959941395,0.3177324003,0,-1.221322779,4.404136576,-3.182813796
125.61,-64.99637932,0.05295508689,0.5959941395,0.3177324003,0,-1.221322779,4.404136576,-3.182813796
125.62,-64.99637932,0.05295508689,0.5959941395,0.3177324003,0,-1.221322778,4.404136576,-3.182813796
125.63,-64.99637932,0.05295508689,0.5959941395,0.3177324003,0,-1.221322778,4.404136576,-3.182813796
125.64,-64.99637932,0.05295508689,0.5959941395,0.3177324003,0,-1.221322778,4.404136576,-3.182813796
125.65,-64.99637932,0.05295508689,0.5959941395,0.3177324003,0,-1.221322778,4.404136576,-3.182813796
125.66,-64.99637932,0.05295508689,0.5959941394,0.3177324003,0,-1.221322778,4.404136576,-3.182813796
125.67,-64.99637932,0.05295508689,0.5959941394,0.3177324003,0,-1.221322778,4.404136576,-3.182813796
125.68,-64.99637932,0.05295508689,0.5959941394,0.3177324003,0,-1.221322778,4.404136576,-3.182813796
125.69,-64.99637932,0.05295508689,0.5959941394,0.3177324003,0,-1.221322778,4.404136576,-3.182813796
125.7,-64.99637932,0.05295508689,0.5959941394,0.3177324003,0,-1.221322778,4.404136575,-3.182813796
125.71,-64.99637932,0.05295508689,0.5959941393,0.3177324003,0,-1.221322778,4.404136575,-3.182813796
125.72,-64.99637932,0.05295508689,0.5959941393,0.3177324003,0,-1.221322778,4.404136575,-3.182813796
125.73,-64.99637932,0.05295508689,0.5959941393,0.3177324003,0,-1.221322778,4.404136575,-3.182813796
125.74,-64.99637932,0.05295508689,0.5959941393,0.3177324003,0,-1.221322778,4.404136575,-3.182813796
125.75,-64.99637932,0.05295508689,0.5959941393,0.3177324003,0,-1.221322778,4.404136575,-3.182813796
125.76,-64.99637932,0.05295508689,0.5959941393,0.3177324003,0,-1.221322778,4.404136575,-3.182813796
125.77,-64.99637932,0.05295508689,0.5959941392,0.3177324003,0,-1.221322778,4.404136575,-3.182813796
125.78,-64.99637932,0.05295508689,0.5959941392,0.3177324003,0,-1.221322778,4.404136575,-3.182813796
125.79,-64.99637932,0.05295508689,0.5959941392,0.3177324003,0,-1.221322778,4.404136575,-3.182813796
125.8,-64.99637932,0.05295508689,0.5959941392,0.3177324003,0,-1.221322778,4.404136575,-3.182813796
125.81,-64.99637932,0.05295508689,0.5959941392,0.3177324003,0,-1.221322778,4.404136575,-3.182813796
125.82,-64.99637932,0.05295508689,0.5959941392,0.3177324003,0,-1.221322778,4.404136575,-3.182813796
125.83,-64.99637932,0.05295508689,0.5959941391,0.3177324003,0,-1.221322778,4.404136575,-3.182813796
125.84,-64.99637932,0.05295508689,0.5959941391,0.3177324003,0,-1.221322778,4.404136575,-3.182813796
125.85,-64.99637932,0.05295508689,0.5959941391,0.3177324003,0,-1.221322777,4.404136575,-3.182813796
125.86,-64.99637932,0.05295508689,0.5959941391,0.3177324003,0,-1.221322777,4.404136575,-3.182813796
125.87,-64.99637932,0.05295508689,0.5959941391,0.3177324003,0,-1.221322777,4.404136575,-3.182813796
125.88,-64.99637932,0.05295508689,0.5959941391,0.3177324003,0,-1.221322777,4.404136575,-3.182813796
125.89,-64.99637932,0.05295508689,0.595994139,0.3177324003,0,-1.221322777,4.404136575,-3.182813796
125.9,-64.99637932,0.05295508689,0.595994139,0.3177324003,0,-1.221322777,4.404136575,-3.182813796
125.91,-64.99637932,0.05295508689,0.595994139,0.3177324003,0,-1.221322777,4.404136575,-3.182813796
125.92,-64.99637932,0.05295508689,0.595994139,0.3177324003,0,-1.221322777,4.404136575,-3.182813796
125.93,-64.99637932,0.05295508689,0.595994139,0.3177324003,0,-1.221322777,4.404136575,-3.182813796
125.94,-64.99637932,0.05295508689,0.5959941389,0.3177324003,0,-1.221322777,4.404136575,-3.182813796
125.95,-64.99637932,0.05295508689,0.5959941389,0.3177324003,0,-1.221322777,4.404136575,-3.182813796
125.96,-64.99637932,0.05295508689,0.5959941389,0.3177324003,0,-1.221322777,4.404136574,-3.182813796
125.97,-64.99637932,0.05295508689,0.5959941389,0.3177324003,0,-1.221322777,4.404136574,-3.182813796
125.98,-64.99637932,0.05295508689,0.5959941389,0.3177324003,0,-1.221322777,4.404136574,-3.182813796
125.99,-64.99637932,0.05295508689,0.5959941389,0.3177324003,0,-1.221322777,4.404136574,-3.182813796
126,-64.99637932,0.05295508689,0.5959941388,0.3177324003,0,-1.221322777,4.404136574,-3.182813796
126.01,-64.99637932,0.05295508689,0.5959941388,0.3177324003,0,-1.221322777,4.404136574,-3.182813796
126.02,-64.99637932,0.05295508689,0.5959941388,0.3177324003,0,-1.221322777,4.404136574,-3.182813796
126.03,-64.99637932,0.05295508689,0.5959941388,0.3177324003,0,-1.221322777,4.404136574,-3.182813796
126.04,-64.99637932,0.05295508689,0.5959941388,0.3177324003,0,-1.221322777,4.404136574,-3.182813796
126.05,-64.99637932,0.05295508689,0.5959941388,0.3177324003,0,-1.221322777,4.404136574,-3.182813796
126.06,-64.99637932,0.05295508689,0.5959941387,0.3177324003,0,-1.221322777,4.404136574,-3.182813796
126.07,-64.99637932,0.05295508689,0.5959941387,0.3177324003,0,-1.221322777,4.404136574,-3.182813796
126.08,-64.99637932,0.05295508689,0.5959941387,0.3177324003,0,-1.221322777,4.404136574,-3.182813796
126.09,-64.99637932,0.05295508689,0.5959941387,0.3177324003,0,-1.221322776,4.404136574,-3.182813796
126.1,-64.99637932,0.05295508689,0.5959941387,0.3177324003,0,-1.221322776,4.404136574,-3.182813796
126.11,-64.99637932,0.05295508689,0.5959941387,0.3177324003,0,-1.221322776,4.404136574,-3.182813796
126.12,-64.99637932,0.05295508689,0.5959941386,0.3177324003,0,-1.221322776,4.404136574,-3.182813796
126.13,-64.99637932,0.05295508689,0.5959941386,0.3177324003,0,-1.221322776,4.404136574,-3.182813796
126.14,-64.99637932,0.05295508689,0.5959941386,0.3177324003,0,-1.221322776,4.404136574,-3.182813796
126.15,-64.99637932,0.05295508689,0.5959941386,0.3177324003,0,-1.221322776,4.404136574,-3.182813796
126.16,-64.99637932,0.05295508689,0.5959941386,0.3177324003,0,-1.221322776,4.404136574,-3.182813796
126.17,-64.99637932,0.05295508689,0.5959941386,0.3177324003,0,-1.221322776,4.404136574,-3.182813796
126.18,-64.99637932,0.05295508689,0.5959941385,0.3177324003,0,-1.221322776,4.404136574,-3.182813796
126.19,-64.99637932,0.05295508689,0.5959941385,0.3177324003,0,-1.221322776,4.404136574,-3.182813796
126.2,-64.99637932,0.05295508689,0.5959941385,0.3177324003,0,-1.221322776,4.404136574,-3.182813796
126.21,-64.99637932,0.05295508689,0.5959941385,0.3177324003,0,-1.221322776,4.404136574,-3.182813796
126.22,-64.99637932,0.05295508689,0.5959941385,0.3177324002,0,-1.221322776,4.404136573,-3.182813796
126.23,-64.99637932,0.05295508689,0.5959941385,0.3177324002,0,-1.221322776,4.404136573,-3.182813796
126.24,-64.99637932,0.05295508689,0.5959941384,0.3177324002,0,-1.221322776,4.404136573,-3.182813796
126.25,-64.99637932,0.05295508689,0.5959941384,0.3177324002,0,-1.221322776,4.404136573,-3.182813796
126.26,-64.99637932,0.05295508689,0.5959941384,0.3177324002,0,-1.221322776,4.404136573,-3.182813796
126.27,-64.99637932,0.05295508689,0.5959941384,0.3177324002,0,-1.221322776,4.404136573,-3.182813796
126.28,-64.99637932,0.05295508689,0.5959941384,0.3177324002,0,-1.221322776,4.404136573,-3.182813796
126.29,-64.99637932,0.05295508689,0.5959941384,0.3177324002,0,-1.221322776,4.404136573,-3.182813796
126.3,-64.99637932,0.05295508689,0.5959941383,0.3177324002,0,-1.221322776,4.404136573,-3.182813796
126.31,-64.99637932,0.05295508689,0.5959941383,0.3177324002,0,-1.221322776,4.404136573,-3.182813796
126.32,-64.99637932,0.05295508689,0.5959941383,0.3177324002,0,-1.221322776,4.404136573,-3.182813796
126.33,-64.99637932,0.05295508689,0.5959941383,0.3177324002,0,-1.221322775,4.404136573,-3.182813796
126.34,-64.99637932,0.05295508689,0.5959941383,0.3177324002,0,-1.221322775,4.404136573,-3.182813796
126.35,-64.99637932,0.05295508689,0.5959941383,0.3177324002,0,-1.221322775,4.404136573,-3.182813796
126.36,-64.99637932,0.05295508689,0.5959941382,0.3177324002,0,-1.221322775,4.404136573,-3.182813796
126.37,-64.99637932,0.05295508688,0.5959941382,0.3177324002,0,-1.221322775,4.404136573,-3.182813796
126.38,-64.99637932,0.05295508688,0.5959941382,0.3177324002,0,-1.221322775,4.404136573,-3.182813796
126.39,-64.99637932,0.05295508688,0.5959941382,0.3177324002,0,-1.221322775,4.404136573,-3.182813796
126.4,-64.99637932,0.05295508688,0.5959941382,0.3177324002,0,-1.221322775,4.404136573,-3.182813796
126.41,-64.99637932,0.05295508688,0.5959941382,0.3177324002,0,-1.221322775,4.404136573,-3.182813796
126.42,-64.99637932,0.05295508688,0.5959941381,0.3177324002,0,-1.221322775,4.404136573,-3.182813796
126.43,-64.99637932,0.05295508688,0.5959941381,0.3177324002,0,-1.221322775,4.404136573,-3.182813796
126.44,-64.99637932,0.05295508688,0.5959941381,0.3177324002,0,-1.221322775,4.404136573,-3.182813796
126.45,-64.99637932,0.05295508688,0.5959941381,0.3177324002,0,-1.221322775,4.404136573,-3.182813796
126.46,-64.99637932,0.05295508688,0.5959941381,0.3177324002,0,-1.221322775,4.404136573,-3.182813796
126.47,-64.99637932,0.05295508688,0.5959941381,0.3177324002,0,-1.221322775,4.404136573,-3.182813796
126.48,-64.99637932,0.05295508688,0.595994138,0.3177324002,0,-1.221322775,4.404136572,-3.182813796
126.49,-64.99637932,0.05295508688,0.595994138,0.3177324002,0,-1.221322775,4.404136572,-3.182813796
126.5,-64.99637932,0.05295508688,0.595994138,0.3177324002,0,-1.221322775,4.404136572,-3.182813796
126.51,-64.99637932,0.05295508688,0.595994138,0.3177324002,0,-1.221322775,4.404136572,-3.182813796
126.52,-64.99637932,0.05295508688,0.595994138,0.3177324002,0,-1.221322775,4.404136572,-3.182813796
126.53,-64.99637932,0.05295508688,0.595994138,0.3177324002,0,-1.221322775,4.404136572,-3.182813796
126.54,-64.99637932,0.05295508688,0.595994138,0.3177324002,0,-1.221322775,4.404136572,-3.182813796
126.55,-64.99637932,0.05295508688,0.5959941379,0.3177324002,0,-1.221322775,4.404136572,-3.182813796
126.56,-64.99637932,0.05295508688,0.5959941379,0.3177324002,0,-1.221322775,4.404136572,-3.182813796
126.57,-64.99637932,0.05295508688,0.5959941379,0.3177324002,0,-1.221322775,4.404136572,-3.182813796
126.58,-64.99637932,0.05295508688,0.5959941379,0.3177324002,0,-1.221322774,4.404136572,-3.182813796
126.59,-64.99637932,0.05295508688,0.5959941379,0.3177324002,0,-1.221322774,4.404136572,-3.182813796
126.6,-64.99637932,0.05295508688,0.5959941379,0.3177324002,0,-1.221322774,4.404136572,-3.182813796
126.61,-64.99637932,0.05295508688,0.5959941378,0.3177324002,0,-1.221322774,4.404136572,-3.182813796
126.62,-64.99637932,0.05295508688,0.5959941378,0.3177324002,0,-1.221322774,4.404136572,-3.182813796
126.63,-64.99637932,0.05295508688,0.5959941378,0.3177324002,0,-1.221322774,4.404136572,-3.182813796
126.64,-64.99637932,0.05295508688,0.5959941378,0.3177324002,0,-1.221322774,4.404136572,-3.182813796
126.65,-64.99637932,0.05295508688,0.5959941378,0.3177324002,0,-1.221322774,4.404136572,-3.182813796
126.66,-64.99637932,0.05295508688,0.5959941378,0.3177324002,0,-1.221322774,4.404136572,-3.182813796
126.67,-64.99637932,0.05295508688,0.5959941377,0.3177324002,0,-1.221322774,4.404136572,-3.182813796
126.68,-64.99637932,0.05295508688,0.5959941377,0.3177324002,0,-1.221322774,4.404136572,-3.182813796
126.69,-64.99637932,0.05295508688,0.5959941377,0.3177324002,0,-1.221322774,4.404136572,-3.182813796
126.7,-64.99637932,0.05295508688,0.5959941377,0.3177324002,0,-1.221322774,4.404136572,-3.182813796
126.71,-64.99637932,0.05295508688,0.5959941377,0.3177324002,0,-1.221322774,4.404136572,-3.182813796
126.72,-64.99637932,0.05295508688,0.5959941377,0.3177324002,0,-1.221322774,4.404136572,-3.182813796
126.73,-64.99637932,0.05295508688,0.5959941377,0.3177324002,0,-1.221322774,4.404136572,-3.182813796
126.74,-64.99637932,0.05295508688,0.5959941376,0.3177324002,0,-1.221322774,4.404136572,-3.182813796
126.75,-64.99637932,0.05295508688,0.5959941376,0.3177324002,0,-1.221322774,4.404136572,-3.182813796
126.76,-64.99637932,0.05295508688,0.5959941376,0.3177324002,0,-1.221322774,4.404136571,-3.182813796
126.77,-64.99637932,0.05295508688,0.5959941376,0.3177324002,0,-1.221322774,4.404136571,-3.182813796
126.78,-64.99637932,0.05295508688,0.5959941376,0.3177324002,0,-1.221322774,4.404136571,-3.182813796
126.79,-64.99637932,0.05295508688,0.5959941376,0.3177324002,0,-1.221322774,4.404136571,-3.182813796
126.8,-64.99637932,0.05295508688,0.5959941375,0.3177324002,0,-1.221322774,4.404136571,-3.182813796
126.81,-64.99637932,0.05295508688,0.5959941375,0.3177324002,0,-1.221322774,4.404136571,-3.182813796
126.82,-64.99637932,0.05295508688,0.5959941375,0.3177324002,0,-1.221322774,4.404136571,-3.182813796
126.83,-64.99637932,0.05295508688,0.5959941375,0.3177324002,0,-1.221322774,4.404136571,-3.182813796
126.84,-64.99637932,0.05295508688,0.5959941375,0.3177324002,0,-1.221322773,4.404136571,-3.182813796
126.85,-64.99637932,0.05295508688,0.5959941375,0.3177324002,0,-1.221322773,4.404136571,-3.182813796
126.86,-64.99637932,0.05295508688,0.5959941375,0.3177324002,0,-1.221322773,4.404136571,-3.182813796
126.87,-64.99637932,0.05295508688,0.5959941374,0.3177324002,0,-1.221322773,4.404136571,-3.182813796
126.88,-64.99637932,0.05295508688,0.5959941374,0.3177324002,0,-1.221322773,4.404136571,-3.182813796
126.89,-64.99637932,0.05295508688,0.5959941374,0.3177324002,0,-1.221322773,4.404136571,-3.182813796
126.9,-64.99637932,0.05295508688,0.5959941374,0.3177324002,0,-1.221322773,4.404136571,-3.182813796
126.91,-64.99637932,0.05295508688,0.5959941374,0.3177324002,0,-1.221322773,4.404136571,-3.182813796
126.92,-64.99637932,0.05295508688,0.5959941374,0.3177324002,0,-1.221322773,4.404136571,-3.182813796
126.93,-64.99637932,0.05295508688,0.5959941373,0.3177324002,0,-1.221322773,4.404136571,-3.182813796
126.94,-64.99637932,0.05295508688,0.5959941373,0.3177324002,0,-1.221322773,4.404136571,-3.182813796
126.95,-64.99637932,0.05295508688,0.5959941373,0.3177324002,0,-1.221322773,4.404136571,-3.182813796
126.96,-64.99637932,0.05295508688,0.5959941373,0.3177324002,0,-1.221322773,4.404136571,-3.182813796
126.97,-64.99637932,0.05295508688,0.5959941373,0.3177324002,0,-1.221322773,4.404136571,-3.182813796
126.98,-64.99637932,0.05295508688,0.5959941373,0.3177324002,0,-1.221322773,4.404136571,-3.182813796
126.99,-64.99637932,0.05295508688,0.5959941373,0.3177324002,0,-1.221322773,4.404136571,-3.182813796
127,-64.99637932,0.05295508688,0.5959941372,0.3177324002,0,-1.221322773,4.404136571,-3.182813796
127.01,-64.99637932,0.05295508688,0.5959941372,0.3177324002,0,-1.221322773,4.404136571,-3.182813796
127.02,-64.99637932,0.05295508688,0.5959941372,0.3177324002,0,-1.221322773,4.404136571,-3.182813796
127.03,-64.99637932,0.05295508688,0.5959941372,0.3177324002,0,-1.221322773,4.404136571,-3.182813796
127.04,-64.99637932,0.05295508688,0.5959941372,0.3177324002,0,-1.221322773,4.404136571,-3.182813796
127.05,-64.99637932,0.05295508688,0.5959941372,0.3177324002,0,-1.221322773,4.40413657,-3.182813796
127.06,-64.99637932,0.05295508688,0.5959941371,0.3177324002,0,-1.221322773,4.40413657,-3.182813796
127.07,-64.99637932,0.05295508688,0.5959941371,0.3177324002,0,-1.221322773,4.40413657,-3.182813796
127.08,-64.99637932,0.05295508688,0.5959941371,0.3177324002,0,-1.221322773,4.40413657,-3.182813796
127.09,-64.99637932,0.05295508688,0.5959941371,0.3177324002,0,-1.221322773,4.40413657,-3.182813796
127.1,-64.99637932,0.05295508688,0.5959941371,0.3177324002,0,-1.221322773,4.40413657,-3.182813796
127.11,-64.99637932,0.05295508688,0.5959941371,0.3177324002,0,-1.221322772,4.40413657,-3.182813796
127.12,-64.99637932,0.05295508688,0.5959941371,0.3177324002,0,-1.221322772,4.40413657,-3.182813796
127.13,-64.99637932,0.05295508688,0.595994137,0.3177324002,0,-1.221322772,4.40413657,-3.182813796
127.14,-64.99637932,0.05295508688,0.595994137,0.3177324002,0,-1.221322772,4.40413657,-3.182813796
127.15,-64.99637932,0.05295508688,0.595994137,0.3177324002,0,-1.221322772,4.40413657,-3.182813796
127.16,-64.99637932,0.05295508688,0.595994137,0.3177324002,0,-1.221322772,4.40413657,-3.182813796
127.17,-64.99637932,0.05295508688,0.595994137,0.3177324002,0,-1.221322772,4.40413657,-3.182813796
127.18,-64.99637932,0.05295508688,0.595994137,0.3177324002,0,-1.221322772,4.40413657,-3.182813796
127.19,-64.99637932,0.05295508688,0.595994137,0.3177324002,0,-1.221322772,4.40413657,-3.182813796
127.2,-64.99637932,0.05295508688,0.5959941369,0.3177324002,0,-1.221322772,4.40413657,-3.182813796
127.21,-64.99637932,0.05295508688,0.5959941369,0.3177324002,0,-1.221322772,4.40413657,-3.182813796
127.22,-64.99637932,0.05295508688,0.5959941369,0.3177324002,0,-1.221322772,4.40413657,-3.182813796
127.23,-64.99637932,0.05295508688,0.5959941369,0.3177324002,0,-1.221322772,4.40413657,-3.182813796
127.24,-64.99637932,0.05295508688,0.5959941369,0.3177324002,0,-1.221322772,4.40413657,-3.182813796
127.25,-64.99637932,0.05295508688,0.5959941369,0.3177324002,0,-1.221322772,4.40413657,-3.182813796
127.26,-64.99637932,0.05295508688,0.5959941369,0.3177324002,0,-1.221322772,4.40413657,-3.182813796
127.27,-64.99637932,0.05295508688,0.5959941368,0.3177324002,0,-1.221322772,4.40413657,-3.182813796
127.28,-64.99637932,0.05295508688,0.5959941368,0.3177324002,0,-1.221322772,4.40413657,-3.182813796
127.29,-64.99637932,0.05295508688,0.5959941368,0.3177324002,0,-1.221322772,4.40413657,-3.182813796
127.3,-64.99637932,0.05295508688,0.5959941368,0.3177324002,0,-1.221322772,4.40413657,-3.182813796
127.31,-64.99637932,0.05295508688,0.5959941368,0.3177324002,0,-1.221322772,4.40413657,-3.182813796
127.32,-64.99637932,0.05295508688,0.5959941368,0.3177324002,0,-1.221322772,4.40413657,-3.182813796
127.33,-64.99637932,0.05295508688,0.5959941368,0.3177324002,0,-1.221322772,4.40413657,-3.182813796
127.34,-64.99637932,0.05295508688,0.5959941367,0.3177324002,0,-1.221322772,4.404136569,-3.182813796
127.35,-64.99637932,0.05295508688,0.5959941367,0.3177324002,0,-1.221322772,4.404136569,-3.182813796
127.36,-64.99637932,0.05295508688,0.5959941367,0.3177324002,0,-1.221322772,4.404136569,-3.182813796
127.37,-64.99637932,0.05295508688,0.5959941367,0.3177324002,0,-1.221322772,4.404136569,-3.182813796
127.38,-64.99637932,0.05295508688,0.5959941367,0.3177324002,0,-1.221322772,4.404136569,-3.182813796
127.39,-64.99637932,0.05295508688,0.5959941367,0.3177324002,0,-1.221322771,4.404136569,-3.182813796
127.4,-64.99637932,0.05295508688,0.5959941366,0.3177324002,0,-1.221322771,4.404136569,-3.182813796
127.41,-64.99637932,0.05295508688,0.5959941366,0.3177324002,0,-1.221322771,4.404136569,-3.182813796
127.42,-64.99637932,0.05295508688,0.5959941366,0.3177324002,0,-1.221322771,4.404136569,-3.182813796
127.43,-64.99637932,0.05295508687,0.5959941366,0.3177324002,0,-1.221322771,4.404136569,-3.182813796
127.44,-64.99637932,0.05295508687,0.5959941366,0.3177324002,0,-1.221322771,4.404136569,-3.182813796
127.45,-64.99637932,0.05295508687,0.5959941366,0.3177324002,0,-1.221322771,4.404136569,-3.182813796
127.46,-64.99637932,0.05295508687,0.5959941366,0.3177324002,0,-1.221322771,4.404136569,-3.182813796
127.47,-64.99637932,0.05295508687,0.5959941365,0.3177324002,0,-1.221322771,4.404136569,-3.182813796
127.48,-64.99637932,0.05295508687,0.5959941365,0.3177324002,0,-1.221322771,4.404136569,-3.182813797
127.49,-64.99637932,0.05295508687,0.5959941365,0.3177324002,0,-1.221322771,4.404136569,-3.182813797
127.5,-64.99637932,0.05295508687,0.5959941365,0.3177324002,0,-1.221322771,4.404136569,-3.182813797
127.51,-64.99637932,0.05295508687,0.5959941365,0.3177324002,0,-1.221322771,4.404136569,-3.182813797
127.52,-64.99637932,0.05295508687,0.5959941365,0.3177324002,0,-1.221322771,4.404136569,-3.182813797
127.53,-64.99637932,0.05295508687,0.5959941365,0.3177324002,0,-1.221322771,4.404136569,-3.182813797
127.54,-64.99637932,0.05295508687,0.5959941365,0.3177324002,0,-1.221322771,4.404136569,-3.182813797
127.55,-64.99637932,0.05295508687,0.5959941364,0.3177324002,0,-1.221322771,4.404136569,-3.182813797
127.56,-64.99637932,0.05295508687,0.5959941364,0.3177324002,0,-1.221322771,4.404136569,-3.182813797
127.57,-64.99637932,0.05295508687,0.5959941364,0.3177324002,0,-1.221322771,4.404136569,-3.182813797
127.58,-64.99637932,0.05295508687,0.5959941364,0.3177324002,0,-1.221322771,4.404136569,-3.182813797
127.59,-64.99637932,0.05295508687,0.5959941364,0.3177324002,0,-1.221322771,4.404136569,-3.182813797
127.6,-64.99637932,0.05295508687,0.5959941364,0.3177324002,0,-1.221322771,4.404136569,-3.182813797
127.61,-64.99637932,0.05295508687,0.5959941364,0.3177324002,0,-1.221322771,4.404136569,-3.182813797
127.62,-64.99637932,0.05295508687,0.5959941363,0.3177324002,0,-1.221322771,4.404136569,-3.182813797
127.63,-64.99637932,0.05295508687,0.5959941363,0.3177324002,0,-1.221322771,4.404136569,-3.182813797
127.64,-64.99637932,0.05295508687,0.5959941363,0.3177324002,0,-1.221322771,4.404136568,-3.182813797
127.65,-64.99637932,0.05295508687,0.5959941363,0.3177324002,0,-1.221322771,4.404136568,-3.182813797
127.66,-64.99637932,0.05295508687,0.5959941363,0.3177324002,0,-1.221322771,4.404136568,-3.182813797
127.67,-64.99637932,0.05295508687,0.5959941363,0.3177324002,0,-1.22132277,4.404136568,-3.182813797
127.68,-64.99637932,0.05295508687,0.5959941363,0.3177324002,0,-1.22132277,4.404136568,-3.182813797
127.69,-64.99637932,0.05295508687,0.5959941362,0.3177324002,0,-1.22132277,4.404136568,-3.182813797
127.7,-64.99637932,0.05295508687,0.5959941362,0.3177324002,0,-1.22132277,4.404136568,-3.182813797
127.71,-64.99637932,0.05295508687,0.5959941362,0.3177324002,0,-1.22132277,4.404136568,-3.182813797
127.72,-64.99637932,0.05295508687,0.5959941362,0.3177324002,0,-1.22132277,4.404136568,-3.182813797
127.73,-64.99637932,0.05295508687,0.5959941362,0.3177324002,0,-1.22132277,4.404136568,-3.182813797
127.74,-64.99637932,0.05295508687,0.5959941362,0.3177324002,0,-1.22132277,4.404136568,-3.182813797
127.75,-64.99637932,0.05295508687,0.5959941362,0.3177324002,0,-1.22132277,4.404136568,-3.182813797
127.76,-64.99637932,0.05295508687,0.5959941361,0.3177324002,0,-1.22132277,4.404136568,-3.182813797
127.77,-64.99637932,0.05295508687,0.5959941361,0.3177324002,0,-1.22132277,4.404136568,-3.182813797
127.78,-64.99637932,0.05295508687,0.5959941361,0.3177324002,0,-1.22132277,4.404136568,-3.182813797
127.79,-64.99637932,0.05295508687,0.5959941361,0.3177324002,0,-1.22132277,4.404136568,-3.182813797
127.8,-64.99637932,0.05295508687,0.5959941361,0.3177324002,0,-1.22132277,4.404136568,-3.182813797
127.81,-64.99637932,0.05295508687,0.5959941361,0.3177324002,0,-1.22132277,4.404136568,-3.182813797
127.82,-64.99637932,0.05295508687,0.5959941361,0.3177324002,0,-1.22132277,4.404136568,-3.182813797
127.83,-64.99637932,0.05295508687,0.595994136,0.3177324002,0,-1.22132277,4.404136568,-3.182813797
127.84,-64.99637932,0.05295508687,0.595994136,0.3177324002,0,-1.22132277,4.404136568,-3.182813797
127.85,-64.99637932,0.05295508687,0.595994136,0.3177324002,0,-1.22132277,4.404136568,-3.182813797
127.86,-64.99637932,0.05295508687,0.595994136,0.3177324002,0,-1.22132277,4.404136568,-3.182813797
127.87,-64.99637932,0.05295508687,0.595994136,0.3177324002,0,-1.22132277,4.404136568,-3.182813797
127.88,-64.99637932,0.05295508687,0.595994136,0.3177324002,0,-1.22132277,4.404136568,-3.182813797
127.89,-64.99637932,0.05295508687,0.595994136,0.3177324002,0,-1.22132277,4.404136568,-3.182813797
127.9,-64.99637932,0.05295508687,0.595994136,0.3177324002,0,-1.22132277,4.404136568,-3.182813797
127.91,-64.99637932,0.05295508687,0.5959941359,0.3177324002,0,-1.22132277,4.404136568,-3.182813797
127.92,-64.99637932,0.05295508687,0.5959941359,0.3177324002,0,-1.22132277,4.404136568,-3.182813797
127.93,-64.99637932,0.05295508687,0.5959941359,0.3177324002,0,-1.22132277,4.404136568,-3.182813797
127.94,-64.99637932,0.05295508687,0.5959941359,0.3177324002,0,-1.22132277,4.404136568,-3.182813797
127.95,-64.99637932,0.05295508687,0.5959941359,0.3177324002,0,-1.22132277,4.404136568,-3.182813797
127.96,-64.99637932,0.05295508687,0.5959941359,0.3177324002,0,-1.22132277,4.404136567,-3.182813797
127.97,-64.99637932,0.05295508687,0.5959941359,0.3177324002,0,-1.221322769,4.404136567,-3.182813797
127.98,-64.99637932,0.05295508687,0.5959941358,0.3177324002,0,-1.221322769,4.404136567,-3.182813797
127.99,-64.99637932,0.05295508687,0.5959941358,0.3177324002,0,-1.221322769,4.404136567,-3.182813797
128,-64.99637932,0.05295508687,0.5959941358,0.3177324002,0,-1.221322769,4.404136567,-3.182813797
128.01,-64.99637932,0.05295508687,0.5959941358,0.3177324002,0,-1.221322769,4.404136567,-3.182813797
128.02,-64.99637932,0.05295508687,0.5959941358,0.3177324002,0,-1.221322769,4.404136567,-3.182813797
128.03,-64.99637932,0.05295508687,0.5959941358,0.3177324002,0,-1.221322769,4.404136567,-3.182813797
128.04,-64.99637932,0.05295508687,0.5959941358,0.3177324002,0,-1.221322769,4.404136567,-3.182813797
128.05,-64.99637932,0.05295508687,0.5959941358,0.3177324002,0,-1.221322769,4.404136567,-3.182813797
128.06,-64.99637932,0.05295508687,0.5959941357,0.3177324002,0,-1.221322769,4.404136567,-3.182813797
128.07,-64.99637932,0.05295508687,0.5959941357,0.3177324002,0,-1.221322769,4.404136567,-3.182813797
128.08,-64.99637932,0.05295508687,0.5959941357,0.3177324002,0,-1.221322769,4.404136567,-3.182813797
128.09,-64.99637932,0.05295508687,0.5959941357,0.3177324002,0,-1.221322769,4.404136567,-3.182813797
128.1,-64.99637932,0.05295508687,0.5959941357,0.3177324002,0,-1.221322769,4.404136567,-3.182813797
128.11,-64.99637932,0.05295508687,0.5959941357,0.3177324002,0,-1.221322769,4.404136567,-3.182813797
128.12,-64.99637932,0.05295508687,0.5959941357,0.3177324002,0,-1.221322769,4.404136567,-3.182813797
128.13,-64.99637932,0.05295508687,0.5959941356,0.3177324002,0,-1.221322769,4.404136567,-3.182813797
128.14,-64.99637932,0.05295508687,0.5959941356,0.3177324001,0,-1.221322769,4.404136567,-3.182813797
128.15,-64.99637932,0.05295508687,0.5959941356,0.3177324001,0,-1.221322769,4.404136567,-3.182813797
128.16,-64.99637932,0.05295508687,0.5959941356,0.3177324001,0,-1.221322769,4.404136567,-3.182813797
128.17,-64.99637932,0.05295508687,0.5959941356,0.3177324001,0,-1.221322769,4.404136567,-3.182813797
128.18,-64.99637932,0.05295508687,0.5959941356,0.3177324001,0,-1.221322769,4.404136567,-3.182813797
128.19,-64.99637932,0.05295508687,0.5959941356,0.3177324001,0,-1.221322769,4.404136567,-3.182813797
128.2,-64.99637932,0.05295508687,0.5959941356,0.3177324001,0,-1.221322769,4.404136567,-3.182813797
128.21,-64.99637932,0.05295508687,0.5959941355,0.3177324001,0,-1.221322769,4.404136567,-3.182813797
128.22,-64.99637932,0.05295508687,0.5959941355,0.3177324001,0,-1.221322769,4.404136567,-3.182813797
128.23,-64.99637932,0.05295508687,0.5959941355,0.3177324001,0,-1.221322769,4.404136567,-3.182813797
128.24,-64.99637932,0.05295508687,0.5959941355,0.3177324001,0,-1.221322769,4.404136567,-3.182813797
128.25,-64.99637932,0.05295508687,0.5959941355,0.3177324001,0,-1.221322769,4.404136567,-3.182813797
128.26,-64.99637932,0.05295508687,0.5959941355,0.3177324001,0,-1.221322769,4.404136567,-3.182813797
128.27,-64.99637932,0.05295508687,0.5959941355,0.3177324001,0,-1.221322769,4.404136567,-3.182813797
128.28,-64.99637932,0.05295508687,0.5959941354,0.3177324001,0,-1.221322768,4.404136567,-3.182813797
128.29,-64.99637932,0.05295508687,0.5959941354,0.3177324001,0,-1.221322768,4.404136566,-3.182813797
128.3,-64.99637932,0.05295508687,0.5959941354,0.3177324001,0,-1.221322768,4.404136566,-3.182813797
128.31,-64.99637932,0.05295508687,0.5959941354,0.3177324001,0,-1.221322768,4.404136566,-3.182813797
128.32,-64.99637932,0.05295508687,0.5959941354,0.3177324001,0,-1.221322768,4.404136566,-3.182813797
128.33,-64.99637932,0.05295508687,0.5959941354,0.3177324001,0,-1.221322768,4.404136566,-3.182813797
128.34,-64.99637932,0.05295508687,0.5959941354,0.3177324001,0,-1.221322768,4.404136566,-3.182813797
128.35,-64.99637932,0.05295508687,0.5959941354,0.3177324001,0,-1.221322768,4.404136566,-3.182813797
128.36,-64.99637932,0.05295508687,0.5959941353,0.3177324001,0,-1.221322768,4.404136566,-3.182813797
128.37,-64.99637932,0.05295508687,0.5959941353,0.3177324001,0,-1.221322768,4.404136566,-3.182813797
128.38,-64.99637932,0.05295508687,0.5959941353,0.3177324001,0,-1.221322768,4.404136566,-3.182813797
128.39,-64.99637932,0.05295508687,0.5959941353,0.3177324001,0,-1.221322768,4.404136566,-3.182813797
128.4,-64.99637932,0.05295508687,0.5959941353,0.3177324001,0,-1.221322768,4.404136566,-3.182813797
128.41,-64.99637932,0.05295508687,0.5959941353,0.3177324001,0,-1.221322768,4.404136566,-3.182813797
128.42,-64.99637932,0.05295508687,0.5959941353,0.3177324001,0,-1.221322768,4.404136566,-3.182813797
128.43,-64.99637932,0.05295508687,0.5959941353,0.3177324001,0,-1.221322768,4.404136566,-3.182813797
128.44,-64.99637932,0.05295508687,0.5959941352,0.3177324001,0,-1.221322768,4.404136566,-3.182813797
128.45,-64.99637932,0.05295508687,0.5959941352,0.3177324001,0,-1.221322768,4.404136566,-3.182813797
128.46,-64.99637932,0.05295508687,0.5959941352,0.3177324001,0,-1.221322768,4.404136566,-3.182813797
128.47,-64.99637932,0.05295508687,0.5959941352,0.3177324001,0,-1.221322768,4.404136566,-3.182813797
128.48,-64.99637932,0.05295508687,0.5959941352,0.3177324001,0,-1.221322768,4.404136566,-3.182813797
128.49,-64.99637932,0.05295508687,0.5959941352,0.3177324001,0,-1.221322768,4.404136566,-3.182813797
128.5,-64.99637932,0.05295508687,0.5959941352,0.3177324001,0,-1.221322768,4.404136566,-3.182813797
128.51,-64.99637932,0.05295508687,0.5959941352,0.3177324001,0,-1.221322768,4.404136566,-3.182813797
128.52,-64.99637932,0.05295508687,0.5959941351,0.3177324001,0,-1.221322768,4.404136566,-3.182813797
128.53,-64.99637932,0.05295508687,0.5959941351,0.3177324001,0,-1.221322768,4.404136566,-3.182813797
128.54,-64.99637932,0.05295508687,0.5959941351,0.3177324001,0,-1.221322768,4.404136566,-3.182813797
128.55,-64.99637932,0.05295508687,0.5959941351,0.3177324001,0,-1.221322768,4.404136566,-3.182813797
128.56,-64.99637932,0.05295508687,0.5959941351,0.3177324001,0,-1.221322768,4.404136566,-3.182813797
128.57,-64.99637932,0.05295508687,0.5959941351,0.3177324001,0,-1.221322768,4.404136566,-3.182813797
128.58,-64.99637932,0.05295508687,0.5959941351,0.3177324001,0,-1.221322768,4.404136566,-3.182813797
128.59,-64.99637932,0.05295508687,0.5959941351,0.3177324001,0,-1.221322768,4.404136566,-3.182813797
128.6,-64.99637932,0.05295508687,0.595994135,0.3177324001,0,-1.221322767,4.404136566,-3.182813797
128.61,-64.99637932,0.05295508687,0.595994135,0.3177324001,0,-1.221322767,4.404136566,-3.182813797
128.62,-64.99637932,0.05295508687,0.595994135,0.3177324001,0,-1.221322767,4.404136566,-3.182813797
128.63,-64.99637932,0.05295508687,0.595994135,0.3177324001,0,-1.221322767,4.404136565,-3.182813797
128.64,-64.99637932,0.05295508687,0.595994135,0.3177324001,0,-1.221322767,4.404136565,-3.182813797
128.65,-64.99637932,0.05295508687,0.595994135,0.3177324001,0,-1.221322767,4.404136565,-3.182813797
128.66,-64.99637932,0.05295508686,0.595994135,0.3177324001,0,-1.221322767,4.404136565,-3.182813797
128.67,-64.99637932,0.05295508686,0.595994135,0.3177324001,0,-1.221322767,4.404136565,-3.182813797
128.68,-64.99637932,0.05295508686,0.5959941349,0.3177324001,0,-1.221322767,4.404136565,-3.182813797
128.69,-64.99637932,0.05295508686,0.5959941349,0.3177324001,0,-1.221322767,4.404136565,-3.182813797
128.7,-64.99637932,0.05295508686,0.5959941349,0.3177324001,0,-1.221322767,4.404136565,-3.182813797
128.71,-64.99637932,0.05295508686,0.5959941349,0.3177324001,0,-1.221322767,4.404136565,-3.182813797
128.72,-64.99637932,0.05295508686,0.5959941349,0.3177324001,0,-1.221322767,4.404136565,-3.182813797
128.73,-64.99637932,0.05295508686,0.5959941349,0.3177324001,0,-1.221322767,4.404136565,-3.182813797
128.74,-64.99637932,0.05295508686,0.5959941349,0.3177324001,0,-1.221322767,4.404136565,-3.182813797
128.75,-64.99637932,0.05295508686,0.5959941349,0.3177324001,0,-1.221322767,4.404136565,-3.182813797
128.76,-64.99637932,0.05295508686,0.5959941348,0.3177324001,0,-1.221322767,4.404136565,-3.182813797
128.77,-64.99637932,0.05295508686,0.5959941348,0.3177324001,0,-1.221322767,4.404136565,-3.182813797
128.78,-64.99637932,0.05295508686,0.5959941348,0.3177324001,0,-1.221322767,4.404136565,-3.182813797
128.79,-64.99637932,0.05295508686,0.5959941348,0.3177324001,0,-1.221322767,4.404136565,-3.182813797
128.8,-64.99637932,0.05295508686,0.5959941348,0.3177324001,0,-1.221322767,4.404136565,-3.182813797
128.81,-64.99637932,0.05295508686,0.5959941348,0.3177324001,0,-1.221322767,4.404136565,-3.182813797
128.82,-64.99637932,0.05295508686,0.5959941348,0.3177324001,0,-1.221322767,4.404136565,-3.182813797
128.83,-64.99637932,0.05295508686,0.5959941348,0.3177324001,0,-1.221322767,4.404136565,-3.182813797
128.84,-64.99637932,0.05295508686,0.5959941347,0.3177324001,0,-1.221322767,4.404136565,-3.182813797
128.85,-64.99637932,0.05295508686,0.5959941347,0.3177324001,0,-1.221322767,4.404136565,-3.182813797
128.86,-64.99637932,0.05295508686,0.5959941347,0.3177324001,0,-1.221322767,4.404136565,-3.182813797
128.87,-64.99637932,0.05295508686,0.5959941347,0.3177324001,0,-1.221322767,4.404136565,-3.182813797
128.88,-64.99637932,0.05295508686,0.5959941347,0.3177324001,0,-1.221322767,4.404136565,-3.182813797
128.89,-64.99637932,0.05295508686,0.5959941347,0.3177324001,0,-1.221322767,4.404136565,-3.182813797
128.9,-64.99637932,0.05295508686,0.5959941347,0.3177324001,0,-1.221322767,4.404136565,-3.182813797
128.91,-64.99637932,0.05295508686,0.5959941347,0.3177324001,0,-1.221322767,4.404136565,-3.182813797
128.92,-64.99637932,0.05295508686,0.5959941347,0.3177324001,0,-1.221322767,4.404136565,-3.182813797
128.93,-64.99637932,0.05295508686,0.5959941346,0.3177324001,0,-1.221322767,4.404136565,-3.182813797
128.94,-64.99637932,0.05295508686,0.5959941346,0.3177324001,0,-1.221322766,4.404136565,-3.182813797
128.95,-64.99637932,0.05295508686,0.5959941346,0.3177324001,0,-1.221322766,4.404136565,-3.182813797
128.96,-64.99637932,0.05295508686,0.5959941346,0.3177324001,0,-1.221322766,4.404136565,-3.182813797
128.97,-64.99637932,0.05295508686,0.5959941346,0.3177324001,0,-1.221322766,4.404136565,-3.182813797
128.98,-64.99637932,0.05295508686,0.5959941346,0.3177324001,0,-1.221322766,4.404136564,-3.182813797
128.99,-64.99637932,0.05295508686,0.5959941346,0.3177324001,0,-1.221322766,4.404136564,-3.182813797
129,-64.99637932,0.05295508686,0.5959941346,0.3177324001,0,-1.221322766,4.404136564,-3.182813797
129.01,-64.99637932,0.05295508686,0.5959941345,0.3177324001,0,-1.221322766,4.404136564,-3.182813797
129.02,-64.99637932,0.05295508686,0.5959941345,0.3177324001,0,-1.221322766,4.404136564,-3.182813797
129.03,-64.99637932,0.05295508686,0.5959941345,0.3177324001,0,-1.221322766,4.404136564,-3.182813797
129.04,-64.99637932,0.05295508686,0.5959941345,0.3177324001,0,-1.221322766,4.404136564,-3.182813797
129.05,-64.99637932,0.05295508686,0.5959941345,0.3177324001,0,-1.221322766,4.404136564,-3.182813797
129.06,-64.99637932,0.05295508686,0.5959941345,0.3177324001,0,-1.221322766,4.404136564,-3.182813797
129.07,-64.99637932,0.05295508686,0.5959941345,0.3177324001,0,-1.221322766,4.404136564,-3.182813797
129.08,-64.99637932,0.05295508686,0.5959941345,0.3177324001,0,-1.221322766,4.404136564,-3.182813797
129.09,-64.99637932,0.05295508686,0.5959941345,0.3177324001,0,-1.221322766,4.404136564,-3.182813797
129.1,-64.99637932,0.05295508686,0.5959941344,0.3177324001,0,-1.221322766,4.404136564,-3.182813797
129.11,-64.99637932,0.05295508686,0.5959941344,0.3177324001,0,-1.221322766,4.404136564,-3.182813797
129.12,-64.99637932,0.05295508686,0.5959941344,0.3177324001,0,-1.221322766,4.404136564,-3.182813797
129.13,-64.99637932,0.05295508686,0.5959941344,0.3177324001,0,-1.221322766,4.404136564,-3.182813797
129.14,-64.99637932,0.05295508686,0.5959941344,0.3177324001,0,-1.221322766,4.404136564,-3.182813797
129.15,-64.99637932,0.05295508686,0.5959941344,0.3177324001,0,-1.221322766,4.404136564,-3.182813797
129.16,-64.99637932,0.05295508686,0.5959941344,0.3177324001,0,-1.221322766,4.404136564,-3.182813797
129.17,-64.99637932,0.05295508686,0.5959941344,0.3177324001,0,-1.221322766,4.404136564,-3.182813797
129.18,-64.99637932,0.05295508686,0.5959941343,0.3177324001,0,-1.221322766,4.404136564,-3.182813797
129.19,-64.99637932,0.05295508686,0.5959941343,0.3177324001,0,-1.221322766,4.404136564,-3.182813797
129.2,-64.99637932,0.05295508686,0.5959941343,0.3177324001,0,-1.221322766,4.404136564,-3.182813797
129.21,-64.99637932,0.05295508686,0.5959941343,0.3177324001,0,-1.221322766,4.404136564,-3.182813797
129.22,-64.99637932,0.05295508686,0.5959941343,0.3177324001,0,-1.221322766,4.404136564,-3.182813797
129.23,-64.99637932,0.05295508686,0.5959941343,0.3177324001,0,-1.221322766,4.404136564,-3.182813797
129.24,-64.99637932,0.05295508686,0.5959941343,0.3177324001,0,-1.221322766,4.404136564,-3.182813797
129.25,-64.99637932,0.05295508686,0.5959941343,0.3177324001,0,-1.221322766,4.404136564,-3.182813797
129.26,-64.99637932,0.05295508686,0.5959941343,0.3177324001,0,-1.221322766,4.404136564,-3.182813797
129.27,-64.99637932,0.05295508686,0.5959941342,0.3177324001,0,-1.221322766,4.404136564,-3.182813797
129.28,-64.99637932,0.05295508686,0.5959941342,0.3177324001,0,-1.221322766,4.404136564,-3.182813797
129.29,-64.99637932,0.05295508686,0.5959941342,0.3177324001,0,-1.221322765,4.404136564,-3.182813797
129.3,-64.99637932,0.05295508686,0.5959941342,0.3177324001,0,-1.221322765,4.404136564,-3.182813797
129.31,-64.99637932,0.05295508686,0.5959941342,0.3177324001,0,-1.221322765,4.404136564,-3.182813797
129.32,-64.99637932,0.05295508686,0.5959941342,0.3177324001,0,-1.221322765,4.404136564,-3.182813797
129.33,-64.99637932,0.05295508686,0.5959941342,0.3177324001,0,-1.221322765,4.404136564,-3.182813797
129.34,-64.99637932,0.05295508686,0.5959941342,0.3177324001,0,-1.221322765,4.404136564,-3.182813797
129.35,-64.99637932,0.05295508686,0.5959941342,0.3177324001,0,-1.221322765,4.404136563,-3.182813797
129.36,-64.99637932,0.05295508686,0.5959941341,0.3177324001,0,-1.221322765,4.404136563,-3.182813797
129.37,-64.99637932,0.05295508686,0.5959941341,0.3177324001,0,-1.221322765,4.404136563,-3.182813797
129.38,-64.99637932,0.05295508686,0.5959941341,0.3177324001,0,-1.221322765,4.404136563,-3.182813797
129.39,-64.99637932,0.05295508686,0.5959941341,0.3177324001,0,-1.221322765,4.404136563,-3.182813797
129.4,-64.99637932,0.05295508686,0.5959941341,0.3177324001,0,-1.221322765,4.404136563,-3.182813797
129.41,-64.99637932,0.05295508686,0.5959941341,0.3177324001,0,-1.221322765,4.404136563,-3.182813797
129.42,-64.99637932,0.05295508686,0.5959941341,0.3177324001,0,-1.221322765,4.404136563,-3.182813797
129.43,-64.99637932,0.05295508686,0.5959941341,0.3177324001,0,-1.221322765,4.404136563,-3.182813797
129.44,-64.99637932,0.05295508686,0.5959941341,0.3177324001,0,-1.221322765,4.404136563,-3.182813797
129.45,-64.99637932,0.05295508686,0.595994134,0.3177324001,0,-1.221322765,4.404136563,-3.182813797
129.46,-64.99637932,0.05295508686,0.595994134,0.3177324001,0,-1.221322765,4.404136563,-3.182813797
129.47,-64.99637932,0.05295508686,0.595994134,0.3177324001,0,-1.221322765,4.404136563,-3.182813797
129.48,-64.99637932,0.05295508686,0.595994134,0.3177324001,0,-1.221322765,4.404136563,-3.182813797
129.49,-64.99637932,0.05295508686,0.595994134,0.3177324001,0,-1.221322765,4.404136563,-3.182813797
129.5,-64.99637932,0.05295508686,0.595994134,0.3177324001,0,-1.221322765,4.404136563,-3.182813797
129.51,-64.99637932,0.05295508686,0.595994134,0.3177324001,0,-1.221322765,4.404136563,-3.182813797
129.52,-64.99637932,0.05295508686,0.595994134,0.3177324001,0,-1.221322765,4.404136563,-3.182813797
129.53,-64.99637932,0.05295508686,0.595994134,0.3177324001,0,-1.221322765,4.404136563,-3.182813797
129.54,-64.99637932,0.05295508686,0.5959941339,0.3177324001,0,-1.221322765,4.404136563,-3.182813797
129.55,-64.99637932,0.05295508686,0.5959941339,0.3177324001,0,-1.221322765,4.404136563,-3.182813797
129.56,-64.99637932,0.05295508686,0.5959941339,0.3177324001,0,-1.221322765,4.404136563,-3.182813797
129.57,-64.99637932,0.05295508686,0.5959941339,0.3177324001,0,-1.221322765,4.404136563,-3.182813797
129.58,-64.99637932,0.05295508686,0.5959941339,0.3177324001,0,-1.221322765,4.404136563,-3.182813797
129.59,-64.99637932,0.05295508686,0.5959941339,0.3177324001,0,-1.221322765,4.404136563,-3.182813797
129.6,-64.99637932,0.05295508686,0.5959941339,0.3177324001,0,-1.221322765,4.404136563,-3.182813797
129.61,-64.99637932,0.05295508686,0.5959941339,0.3177324001,0,-1.221322765,4.404136563,-3.182813797
129.62,-64.99637932,0.05295508686,0.5959941339,0.3177324001,0,-1.221322765,4.404136563,-3.182813797
129.63,-64.99637932,0.05295508686,0.5959941338,0.3177324001,0,-1.221322765,4.404136563,-3.182813797
129.64,-64.99637932,0.05295508686,0.5959941338,0.3177324001,0,-1.221322765,4.404136563,-3.182813797
129.65,-64.99637932,0.05295508686,0.5959941338,0.3177324001,0,-1.221322764,4.404136563,-3.182813797
129.66,-64.99637932,0.05295508686,0.5959941338,0.3177324001,0,-1.221322764,4.404136563,-3.182813797
129.67,-64.99637932,0.05295508686,0.5959941338,0.3177324001,0,-1.221322764,4.404136563,-3.182813797
129.68,-64.99637932,0.05295508686,0.5959941338,0.3177324001,0,-1.221322764,4.404136563,-3.182813797
129.69,-64.99637932,0.05295508686,0.5959941338,0.3177324001,0,-1.221322764,4.404136563,-3.182813797
129.7,-64.99637932,0.05295508686,0.5959941338,0.3177324001,0,-1.221322764,4.404136563,-3.182813797
129.71,-64.99637932,0.05295508686,0.5959941338,0.3177324001,0,-1.221322764,4.404136563,-3.182813797
129.72,-64.99637932,0.05295508686,0.5959941337,0.3177324001,0,-1.221322764,4.404136563,-3.182813797
129.73,-64.99637932,0.05295508686,0.5959941337,0.3177324001,0,-1.221322764,4.404136563,-3.182813797
129.74,-64.99637932,0.05295508686,0.5959941337,0.3177324001,0,-1.221322764,4.404136562,-3.182813797
129.75,-64.99637932,0.05295508686,0.5959941337,0.3177324001,0,-1.221322764,4.404136562,-3.182813797
129.76,-64.99637932,0.05295508686,0.5959941337,0.3177324001,0,-1.221322764,4.404136562,-3.182813797
129.77,-64.99637932,0.05295508686,0.5959941337,0.3177324001,0,-1.221322764,4.404136562,-3.182813797
129.78,-64.99637932,0.05295508686,0.5959941337,0.3177324001,0,-1.221322764,4.404136562,-3.182813797
129.79,-64.99637932,0.05295508686,0.5959941337,0.3177324001,0,-1.221322764,4.404136562,-3.182813797
129.8,-64.99637932,0.05295508686,0.5959941337,0.3177324001,0,-1.221322764,4.404136562,-3.182813797
129.81,-64.99637932,0.05295508686,0.5959941336,0.3177324001,0,-1.221322764,4.404136562,-3.182813797
129.82,-64.99637932,0.05295508686,0.5959941336,0.3177324001,0,-1.221322764,4.404136562,-3.182813797
129.83,-64.99637932,0.05295508686,0.5959941336,0.3177324001,0,-1.221322764,4.404136562,-3.182813797
129.84,-64.99637932,0.05295508686,0.5959941336,0.3177324001,0,-1.221322764,4.404136562,-3.182813797
129.85,-64.99637932,0.05295508686,0.5959941336,0.3177324001,0,-1.221322764,4.404136562,-3.182813797
129.86,-64.99637932,0.05295508686,0.5959941336,0.3177324001,0,-1.221322764,4.404136562,-3.182813797
129.87,-64.99637932,0.05295508686,0.5959941336,0.3177324001,0,-1.221322764,4.404136562,-3.182813797
129.88,-64.99637932,0.05295508686,0.5959941336,0.3177324001,0,-1.221322764,4.404136562,-3.182813797
129.89,-64.99637932,0.05295508686,0.5959941336,0.3177324001,0,-1.221322764,4.404136562,-3.182813797
129.9,-64.99637932,0.05295508686,0.5959941335,0.3177324001,0,-1.221322764,4.404136562,-3.182813797
129.91,-64.99637932,0.05295508686,0.5959941335,0.3177324001,0,-1.221322764,4.404136562,-3.182813797
129.92,-64.99637932,0.05295508686,0.5959941335,0.3177324001,0,-1.221322764,4.404136562,-3.182813797
129.93,-64.99637932,0.05295508686,0.5959941335,0.3177324001,0,-1.221322764,4.404136562,-3.182813797
129.94,-64.99637932,0.05295508686,0.5959941335,0.3177324001,0,-1.221322764,4.404136562,-3.182813797
129.95,-64.99637932,0.05295508686,0.5959941335,0.3177324001,0,-1.221322764,4.404136562,-3.182813797
129.96,-64.99637932,0.05295508686,0.5959941335,0.3177324001,0,-1.221322764,4.404136562,-3.182813797
129.97,-64.99637932,0.05295508686,0.5959941335,0.3177324001,0,-1.221322764,4.404136562,-3.182813797
129.98,-64.99637932,0.05295508686,0.5959941335,0.3177324001,0,-1.221322764,4.404136562,-3.182813797
129.99,-64.99637932,0.05295508686,0.5959941335,0.3177324001,0,-1.221322764,4.404136562,-3.182813797
130,-64.99637932,0.05295508686,0.5959941334,0.3177324001,0,-1.221322764,4.404136562,-3.182813797
130.01,-64.99637932,0.05295508686,0.5959941334,0.3177324001,0,-1.221322764,4.404136562,-3.182813797
130.02,-64.99637932,0.05295508686,0.5959941334,0.3177324001,0,-1.221322764,4.404136562,-3.182813797
130.03,-64.99637932,0.05295508686,0.5959941334,0.3177324001,0,-1.221322764,4.404136562,-3.182813797
130.04,-64.99637932,0.05295508686,0.5959941334,0.3177324001,0,-1.221322763,4.404136562,-3.182813797
130.05,-64.99637932,0.05295508686,0.5959941334,0.3177324001,0,-1.221322763,4.404136562,-3.182813797
130.06,-64.99637932,0.05295508686,0.5959941334,0.3177324001,0,-1.221322763,4.404136562,-3.182813797
130.07,-64.99637932,0.05295508686,0.5959941334,0.3177324001,0,-1.221322763,4.404136562,-3.182813797
130.08,-64.99637932,0.05295508686,0.5959941334,0.3177324001,0,-1.221322763,4.404136562,-3.182813797
130.09,-64.99637932,0.05295508686,0.5959941333,0.3177324001,0,-1.221322763,4.404136562,-3.182813797
130.1,-64.99637932,0.05295508686,0.5959941333,0.3177324001,0,-1.221322763,4.404136562,-3.182813797
130.11,-64.99637932,0.05295508686,0.5959941333,0.3177324001,0,-1.221322763,4.404136562,-3.182813797
130.12,-64.99637932,0.05295508686,0.5959941333,0.3177324001,0,-1.221322763,4.404136562,-3.182813797
130.13,-64.99637932,0.05295508686,0.5959941333,0.3177324001,0,-1.221322763,4.404136562,-3.182813797
130.14,-64.99637932,0.05295508686,0.5959941333,0.3177324001,0,-1.221322763,4.404136561,-3.182813797
130.15,-64.99637932,0.05295508686,0.5959941333,0.3177324001,0,-1.221322763,4.404136561,-3.182813797
130.16,-64.99637932,0.05295508686,0.5959941333,0.3177324001,0,-1.221322763,4.404136561,-3.182813797
130.17,-64.99637932,0.05295508686,0.5959941333,0.3177324001,0,-1.221322763,4.404136561,-3.182813797
130.18,-64.99637932,0.05295508686,0.5959941333,0.3177324001,0,-1.221322763,4.404136561,-3.182813797
130.19,-64.99637932,0.05295508686,0.5959941332,0.3177324001,0,-1.221322763,4.404136561,-3.182813797
130.2,-64.99637932,0.05295508685,0.5959941332,0.3177324001,0,-1.221322763,4.404136561,-3.182813797
130.21,-64.99637932,0.05295508685,0.5959941332,0.3177324001,0,-1.221322763,4.404136561,-3.182813797
130.22,-64.99637932,0.05295508685,0.5959941332,0.3177324001,0,-1.221322763,4.404136561,-3.182813797
130.23,-64.99637932,0.05295508685,0.5959941332,0.3177324001,0,-1.221322763,4.404136561,-3.182813797
130.24,-64.99637932,0.05295508685,0.5959941332,0.3177324001,0,-1.221322763,4.404136561,-3.182813797
130.25,-64.99637932,0.05295508685,0.5959941332,0.3177324001,0,-1.221322763,4.404136561,-3.182813797
130.26,-64.99637932,0.05295508685,0.5959941332,0.3177324001,0,-1.221322763,4.404136561,-3.182813797
130.27,-64.99637932,0.05295508685,0.5959941332,0.3177324001,0,-1.221322763,4.404136561,-3.182813797
130.28,-64.99637932,0.05295508685,0.5959941332,0.3177324001,0,-1.221322763,4.404136561,-3.182813797
130.29,-64.99637932,0.05295508685,0.5959941331,0.3177324001,0,-1.221322763,4.404136561,-3.182813797
130.3,-64.99637932,0.05295508685,0.5959941331,0.3177324001,0,-1.221322763,4.404136561,-3.182813797
130.31,-64.99637932,0.05295508685,0.5959941331,0.3177324001,0,-1.221322763,4.404136561,-3.182813797
130.32,-64.99637932,0.05295508685,0.5959941331,0.3177324001,0,-1.221322763,4.404136561,-3.182813797
130.33,-64.99637932,0.05295508685,0.5959941331,0.3177324001,0,-1.221322763,4.404136561,-3.182813797
130.34,-64.99637932,0.05295508685,0.5959941331,0.3177324001,0,-1.221322763,4.404136561,-3.182813797
130.35,-64.99637932,0.05295508685,0.5959941331,0.3177324001,0,-1.221322763,4.404136561,-3.182813797
130.36,-64.99637932,0.05295508685,0.5959941331,0.3177324001,0,-1.221322763,4.404136561,-3.182813797
130.37,-64.99637932,0.05295508685,0.5959941331,0.3177324001,0,-1.221322763,4.404136561,-3.182813797
130.38,-64.99637932,0.05295508685,0.5959941331,0.3177324001,0,-1.221322763,4.404136561,-3.182813797
130.39,-64.99637932,0.05295508685,0.595994133,0.3177324001,0,-1.221322763,4.404136561,-3.182813797
130.4,-64.99637932,0.05295508685,0.595994133,0.3177324001,0,-1.221322763,4.404136561,-3.182813797
130.41,-64.99637932,0.05295508685,0.595994133,0.3177324001,0,-1.221322763,4.404136561,-3.182813797
130.42,-64.99637932,0.05295508685,0.595994133,0.3177324001,0,-1.221322763,4.404136561,-3.182813797
130.43,-64.99637932,0.05295508685,0.595994133,0.3177324001,0,-1.221322763,4.404136561,-3.182813797
130.44,-64.99637932,0.05295508685,0.595994133,0.3177324001,0,-1.221322762,4.404136561,-3.182813797
130.45,-64.99637932,0.05295508685,0.595994133,0.3177324001,0,-1.221322762,4.404136561,-3.182813797
130.46,-64.99637932,0.05295508685,0.595994133,0.3177324001,0,-1.221322762,4.404136561,-3.182813797
130.47,-64.99637932,0.05295508685,0.595994133,0.3177324001,0,-1.221322762,4.404136561,-3.182813797
130.48,-64.99637932,0.05295508685,0.595994133,0.3177324001,0,-1.221322762,4.404136561,-3.182813797
130.49,-64.99637932,0.05295508685,0.5959941329,0.3177324001,0,-1.221322762,4.404136561,-3.182813797
130.5,-64.99637932,0.05295508685,0.5959941329,0.3177324001,0,-1.221322762,4.404136561,-3.182813797
130.51,-64.99637932,0.05295508685,0.5959941329,0.3177324001,0,-1.221322762,4.404136561,-3.182813797
130.52,-64.99637932,0.05295508685,0.5959941329,0.3177324001,0,-1.221322762,4.404136561,-3.182813797
130.53,-64.99637932,0.05295508685,0.5959941329,0.3177324001,0,-1.221322762,4.404136561,-3.182813797
130.54,-64.99637932,0.05295508685,0.5959941329,0.3177324001,0,-1.221322762,4.404136561,-3.182813797
130.55,-64.99637932,0.05295508685,0.5959941329,0.3177324001,0,-1.221322762,4.404136561,-3.182813797
130.56,-64.99637932,0.05295508685,0.5959941329,0.3177324001,0,-1.221322762,4.404136561,-3.182813797
130.57,-64.99637932,0.05295508685,0.5959941329,0.3177324,0,-1.221322762,4.40413656,-3.182813797
130.58,-64.99637933,0.05295508685,0.5959941329,0.3177324,0,-1.221322762,4.40413656,-3.182813798
130.59,-64.99637933,0.05295508685,0.5959941328,0.3177324,0,-1.221322762,4.40413656,-3.182813798
130.6,-64.99637933,0.05295508685,0.5959941328,0.3177324,0,-1.221322762,4.40413656,-3.182813798
130.61,-64.99637933,0.05295508685,0.5959941328,0.3177324,0,-1.221322762,4.40413656,-3.182813798
130.62,-64.99637933,0.05295508685,0.5959941328,0.3177324,0,-1.221322762,4.40413656,-3.182813798
130.63,-64.99637933,0.05295508685,0.5959941328,0.3177324,0,-1.221322762,4.40413656,-3.182813798
130.64,-64.99637933,0.05295508685,0.5959941328,0.3177324,0,-1.221322762,4.40413656,-3.182813798
130.65,-64.99637933,0.05295508685,0.5959941328,0.3177324,0,-1.221322762,4.40413656,-3.182813798
130.66,-64.99637933,0.05295508685,0.5959941328,0.3177324,0,-1.221322762,4.40413656,-3.182813798
130.67,-64.99637933,0.05295508685,0.5959941328,0.3177324,0,-1.221322762,4.40413656,-3.182813798
130.68,-64.99637933,0.05295508685,0.5959941328,0.3177324,0,-1.221322762,4.40413656,-3.182813798
130.69,-64.99637933,0.05295508685,0.5959941327,0.3177324,0,-1.221322762,4.40413656,-3.182813798
130.7,-64.99637933,0.05295508685,0.5959941327,0.3177324,0,-1.221322762,4.40413656,-3.182813798
130.71,-64.99637933,0.05295508685,0.5959941327,0.3177324,0,-1.221322762,4.40413656,-3.182813798
130.72,-64.99637933,0.05295508685,0.5959941327,0.3177324,0,-1.221322762,4.40413656,-3.182813798
130.73,-64.99637933,0.05295508685,0.5959941327,0.3177324,0,-1.221322762,4.40413656,-3.182813798
130.74,-64.99637933,0.05295508685,0.5959941327,0.3177324,0,-1.221322762,4.40413656,-3.182813798
130.75,-64.99637933,0.05295508685,0.5959941327,0.3177324,0,-1.221322762,4.40413656,-3.182813798
130.76,-64.99637933,0.05295508685,0.5959941327,0.3177324,0,-1.221322762,4.40413656,-3.182813798
130.77,-64.99637933,0.05295508685,0.5959941327,0.3177324,0,-1.221322762,4.40413656,-3.182813798
130.78,-64.99637933,0.05295508685,0.5959941327,0.3177324,0,-1.221322762,4.40413656,-3.182813798
130.79,-64.99637933,0.05295508685,0.5959941327,0.3177324,0,-1.221322762,4.40413656,-3.182813798
130.8,-64.99637933,0.05295508685,0.5959941326,0.3177324,0,-1.221322762,4.40413656,-3.182813798
130.81,-64.99637933,0.05295508685,0.5959941326,0.3177324,0,-1.221322762,4.40413656,-3.182813798
130.82,-64.99637933,0.05295508685,0.5959941326,0.3177324,0,-1.221322762,4.40413656,-3.182813798
130.83,-64.99637933,0.05295508685,0.5959941326,0.3177324,0,-1.221322762,4.40413656,-3.182813798
130.84,-64.99637933,0.05295508685,0.5959941326,0.3177324,0,-1.221322762,4.40413656,-3.182813798
130.85,-64.99637933,0.05295508685,0.5959941326,0.3177324,0,-1.221322762,4.40413656,-3.182813798
130.86,-64.99637933,0.05295508685,0.5959941326,0.3177324,0,-1.221322762,4.40413656,-3.182813798
130.87,-64.99637933,0.05295508685,0.5959941326,0.3177324,0,-1.221322761,4.40413656,-3.182813798
130.88,-64.99637933,0.05295508685,0.5959941326,0.3177324,0,-1.221322761,4.40413656,-3.182813798
130.89,-64.99637933,0.05295508685,0.5959941326,0.3177324,0,-1.221322761,4.40413656,-3.182813798
130.9,-64.99637933,0.05295508685,0.5959941325,0.3177324,0,-1.221322761,4.40413656,-3.182813798
130.91,-64.99637933,0.05295508685,0.5959941325,0.3177324,0,-1.221322761,4.40413656,-3.182813798
130.92,-64.99637933,0.05295508685,0.5959941325,0.3177324,0,-1.221322761,4.40413656,-3.182813798
130.93,-64.99637933,0.05295508685,0.5959941325,0.3177324,0,-1.221322761,4.40413656,-3.182813798
130.94,-64.99637933,0.05295508685,0.5959941325,0.3177324,0,-1.221322761,4.40413656,-3.182813798
130.95,-64.99637933,0.05295508685,0.5959941325,0.3177324,0,-1.221322761,4.40413656,-3.182813798
130.96,-64.99637933,0.05295508685,0.5959941325,0.3177324,0,-1.221322761,4.40413656,-3.182813798
130.97,-64.99637933,0.05295508685,0.5959941325,0.3177324,0,-1.221322761,4.40413656,-3.182813798
130.98,-64.99637933,0.05295508685,0.5959941325,0.3177324,0,-1.221322761,4.40413656,-3.182813798
130.99,-64.99637933,0.05295508685,0.5959941325,0.3177324,0,-1.221322761,4.40413656,-3.182813798
131,-64.99637933,0.05295508685,0.5959941325,0.3177324,0,-1.221322761,4.40413656,-3.182813798
131.01,-64.99637933,0.05295508685,0.5959941324,0.3177324,0,-1.221322761,4.40413656,-3.182813798
131.02,-64.99637933,0.05295508685,0.5959941324,0.3177324,0,-1.221322761,4.404136559,-3.182813798
131.03,-64.99637933,0.05295508685,0.5959941324,0.3177324,0,-1.221322761,4.404136559,-3.182813798
131.04,-64.99637933,0.05295508685,0.5959941324,0.3177324,0,-1.221322761,4.404136559,-3.182813798
131.05,-64.99637933,0.05295508685,0.5959941324,0.3177324,0,-1.221322761,4.404136559,-3.182813798
131.06,-64.99637933,0.05295508685,0.5959941324,0.3177324,0,-1.221322761,4.404136559,-3.182813798
131.07,-64.99637933,0.05295508685,0.5959941324,0.3177324,0,-1.221322761,4.404136559,-3.182813798
131.08,-64.99637933,0.05295508685,0.5959941324,0.3177324,0,-1.221322761,4.404136559,-3.182813798
131.09,-64.99637933,0.05295508685,0.5959941324,0.3177324,0,-1.221322761,4.404136559,-3.182813798
131.1,-64.99637933,0.05295508685,0.5959941324,0.3177324,0,-1.221322761,4.404136559,-3.182813798
131.11,-64.99637933,0.05295508685,0.5959941324,0.3177324,0,-1.221322761,4.404136559,-3.182813798
131.12,-64.99637933,0.05295508685,0.5959941323,0.3177324,0,-1.221322761,4.404136559,-3.182813798
131.13,-64.99637933,0.05295508685,0.5959941323,0.3177324,0,-1.221322761,4.404136559,-3.182813798
131.14,-64.99637933,0.05295508685,0.5959941323,0.3177324,0,-1.221322761,4.404136559,-3.182813798
131.15,-64.99637933,0.05295508685,0.5959941323,0.3177324,0,-1.221322761,4.404136559,-3.182813798
131.16,-64.99637933,0.05295508685,0.5959941323,0.3177324,0,-1.221322761,4.404136559,-3.182813798
131.17,-64.99637933,0.05295508685,0.5959941323,0.3177324,0,-1.221322761,4.404136559,-3.182813798
131.18,-64.99637933,0.05295508685,0.5959941323,0.3177324,0,-1.221322761,4.404136559,-3.182813798
131.19,-64.99637933,0.05295508685,0.5959941323,0.3177324,0,-1.221322761,4.404136559,-3.182813798
131.2,-64.99637933,0.05295508685,0.5959941323,0.3177324,0,-1.221322761,4.404136559,-3.182813798
131.21,-64.99637933,0.05295508685,0.5959941323,0.3177324,0,-1.221322761,4.404136559,-3.182813798
131.22,-64.99637933,0.05295508685,0.5959941323,0.3177324,0,-1.221322761,4.404136559,-3.182813798
131.23,-64.99637933,0.05295508685,0.5959941322,0.3177324,0,-1.221322761,4.404136559,-3.182813798
131.24,-64.99637933,0.05295508685,0.5959941322,0.3177324,0,-1.221322761,4.404136559,-3.182813798
131.25,-64.99637933,0.05295508685,0.5959941322,0.3177324,0,-1.221322761,4.404136559,-3.182813798
131.26,-64.99637933,0.05295508685,0.5959941322,0.3177324,0,-1.221322761,4.404136559,-3.182813798
131.27,-64.99637933,0.05295508685,0.5959941322,0.3177324,0,-1.221322761,4.404136559,-3.182813798
131.28,-64.99637933,0.05295508685,0.5959941322,0.3177324,0,-1.221322761,4.404136559,-3.182813798
131.29,-64.99637933,0.05295508685,0.5959941322,0.3177324,0,-1.221322761,4.404136559,-3.182813798
131.3,-64.99637933,0.05295508685,0.5959941322,0.3177324,0,-1.221322761,4.404136559,-3.182813798
131.31,-64.99637933,0.05295508685,0.5959941322,0.3177324,0,-1.221322761,4.404136559,-3.182813798
131.32,-64.99637933,0.05295508685,0.5959941322,0.3177324,0,-1.22132276,4.404136559,-3.182813798
131.33,-64.99637933,0.05295508685,0.5959941322,0.3177324,0,-1.22132276,4.404136559,-3.182813798
131.34,-64.99637933,0.05295508685,0.5959941321,0.3177324,0,-1.22132276,4.404136559,-3.182813798
131.35,-64.99637933,0.05295508685,0.5959941321,0.3177324,0,-1.22132276,4.404136559,-3.182813798
131.36,-64.99637933,0.05295508685,0.5959941321,0.3177324,0,-1.22132276,4.404136559,-3.182813798
131.37,-64.99637933,0.05295508685,0.5959941321,0.3177324,0,-1.22132276,4.404136559,-3.182813798
131.38,-64.99637933,0.05295508685,0.5959941321,0.3177324,0,-1.22132276,4.404136559,-3.182813798
131.39,-64.99637933,0.05295508685,0.5959941321,0.3177324,0,-1.22132276,4.404136559,-3.182813798
131.4,-64.99637933,0.05295508685,0.5959941321,0.3177324,0,-1.22132276,4.404136559,-3.182813798
131.41,-64.99637933,0.05295508685,0.5959941321,0.3177324,0,-1.22132276,4.404136559,-3.182813798
131.42,-64.99637933,0.05295508685,0.5959941321,0.3177324,0,-1.22132276,4.404136559,-3.182813798
131.43,-64.99637933,0.05295508685,0.5959941321,0.3177324,0,-1.22132276,4.404136559,-3.182813798
131.44,-64.99637933,0.05295508685,0.5959941321,0.3177324,0,-1.22132276,4.404136559,-3.182813798
131.45,-64.99637933,0.05295508685,0.595994132,0.3177324,0,-1.22132276,4.404136559,-3.182813798
131.46,-64.99637933,0.05295508685,0.595994132,0.3177324,0,-1.22132276,4.404136559,-3.182813798
131.47,-64.99637933,0.05295508685,0.595994132,0.3177324,0,-1.22132276,4.404136559,-3.182813798
131.48,-64.99637933,0.05295508685,0.595994132,0.3177324,0,-1.22132276,4.404136559,-3.182813798
131.49,-64.99637933,0.05295508685,0.595994132,0.3177324,0,-1.22132276,4.404136559,-3.182813798
131.5,-64.99637933,0.05295508685,0.595994132,0.3177324,0,-1.22132276,4.404136559,-3.182813798
131.51,-64.99637933,0.05295508685,0.595994132,0.3177324,0,-1.22132276,4.404136558,-3.182813798
131.52,-64.99637933,0.05295508685,0.595994132,0.3177324,0,-1.22132276,4.404136558,-3.182813798
131.53,-64.99637933,0.05295508685,0.595994132,0.3177324,0,-1.22132276,4.404136558,-3.182813798
131.54,-64.99637933,0.05295508685,0.595994132,0.3177324,0,-1.22132276,4.404136558,-3.182813798
131.55,-64.99637933,0.05295508685,0.595994132,0.3177324,0,-1.22132276,4.404136558,-3.182813798
131.56,-64.99637933,0.05295508685,0.595994132,0.3177324,0,-1.22132276,4.404136558,-3.182813798
131.57,-64.99637933,0.05295508685,0.5959941319,0.3177324,0,-1.22132276,4.404136558,-3.182813798
131.58,-64.99637933,0.05295508685,0.5959941319,0.3177324,0,-1.22132276,4.404136558,-3.182813798
131.59,-64.99637933,0.05295508685,0.5959941319,0.3177324,0,-1.22132276,4.404136558,-3.182813798
131.6,-64.99637933,0.05295508685,0.5959941319,0.3177324,0,-1.22132276,4.404136558,-3.182813798
131.61,-64.99637933,0.05295508685,0.5959941319,0.3177324,0,-1.22132276,4.404136558,-3.182813798
131.62,-64.99637933,0.05295508685,0.5959941319,0.3177324,0,-1.22132276,4.404136558,-3.182813798
131.63,-64.99637933,0.05295508685,0.5959941319,0.3177324,0,-1.22132276,4.404136558,-3.182813798
131.64,-64.99637933,0.05295508685,0.5959941319,0.3177324,0,-1.22132276,4.404136558,-3.182813798
131.65,-64.99637933,0.05295508685,0.5959941319,0.3177324,0,-1.22132276,4.404136558,-3.182813798
131.66,-64.99637933,0.05295508685,0.5959941319,0.3177324,0,-1.22132276,4.404136558,-3.182813798
131.67,-64.99637933,0.05295508685,0.5959941319,0.3177324,0,-1.22132276,4.404136558,-3.182813798
131.68,-64.99637933,0.05295508685,0.5959941318,0.3177324,0,-1.22132276,4.404136558,-3.182813798
131.69,-64.99637933,0.05295508685,0.5959941318,0.3177324,0,-1.22132276,4.404136558,-3.182813798
131.7,-64.99637933,0.05295508685,0.5959941318,0.3177324,0,-1.22132276,4.404136558,-3.182813798
131.71,-64.99637933,0.05295508685,0.5959941318,0.3177324,0,-1.22132276,4.404136558,-3.182813798
131.72,-64.99637933,0.05295508685,0.5959941318,0.3177324,0,-1.22132276,4.404136558,-3.182813798
131.73,-64.99637933,0.05295508685,0.5959941318,0.3177324,0,-1.22132276,4.404136558,-3.182813798
131.74,-64.99637933,0.05295508685,0.5959941318,0.3177324,0,-1.22132276,4.404136558,-3.182813798
131.75,-64.99637933,0.05295508685,0.5959941318,0.3177324,0,-1.22132276,4.404136558,-3.182813798
131.76,-64.99637933,0.05295508685,0.5959941318,0.3177324,0,-1.22132276,4.404136558,-3.182813798
131.77,-64.99637933,0.05295508685,0.5959941318,0.3177324,0,-1.22132276,4.404136558,-3.182813798
131.78,-64.99637933,0.05295508685,0.5959941318,0.3177324,0,-1.22132276,4.404136558,-3.182813798
131.79,-64.99637933,0.05295508685,0.5959941318,0.3177324,0,-1.22132276,4.404136558,-3.182813798
131.8,-64.99637933,0.05295508685,0.5959941317,0.3177324,0,-1.221322759,4.404136558,-3.182813798
131.81,-64.99637933,0.05295508685,0.5959941317,0.3177324,0,-1.221322759,4.404136558,-3.182813798
131.82,-64.99637933,0.05295508685,0.5959941317,0.3177324,0,-1.221322759,4.404136558,-3.182813798
131.83,-64.99637933,0.05295508685,0.5959941317,0.3177324,0,-1.221322759,4.404136558,-3.182813798
131.84,-64.99637933,0.05295508685,0.5959941317,0.3177324,0,-1.221322759,4.404136558,-3.182813798
131.85,-64.99637933,0.05295508685,0.5959941317,0.3177324,0,-1.221322759,4.404136558,-3.182813798
131.86,-64.99637933,0.05295508685,0.5959941317,0.3177324,0,-1.221322759,4.404136558,-3.182813798
131.87,-64.99637933,0.05295508685,0.5959941317,0.3177324,0,-1.221322759,4.404136558,-3.182813798
131.88,-64.99637933,0.05295508685,0.5959941317,0.3177324,0,-1.221322759,4.404136558,-3.182813798
131.89,-64.99637933,0.05295508685,0.5959941317,0.3177324,0,-1.221322759,4.404136558,-3.182813798
131.9,-64.99637933,0.05295508685,0.5959941317,0.3177324,0,-1.221322759,4.404136558,-3.182813798
131.91,-64.99637933,0.05295508685,0.5959941317,0.3177324,0,-1.221322759,4.404136558,-3.182813798
131.92,-64.99637933,0.05295508685,0.5959941316,0.3177324,0,-1.221322759,4.404136558,-3.182813798
131.93,-64.99637933,0.05295508685,0.5959941316,0.3177324,0,-1.221322759,4.404136558,-3.182813798
131.94,-64.99637933,0.05295508685,0.5959941316,0.3177324,0,-1.221322759,4.404136558,-3.182813798
131.95,-64.99637933,0.05295508685,0.5959941316,0.3177324,0,-1.221322759,4.404136558,-3.182813798
131.96,-64.99637933,0.05295508685,0.5959941316,0.3177324,0,-1.221322759,4.404136558,-3.182813798
131.97,-64.99637933,0.05295508685,0.5959941316,0.3177324,0,-1.221322759,4.404136558,-3.182813798
131.98,-64.99637933,0.05295508685,0.5959941316,0.3177324,0,-1.221322759,4.404136558,-3.182813798
131.99,-64.99637933,0.05295508685,0.5959941316,0.3177324,0,-1.221322759,4.404136558,-3.182813798
132,-64.99637933,0.05295508685,0.5959941316,0.3177324,0,-1.221322759,4.404136558,-3.182813798
132.01,-64.99637933,0.05295508685,0.5959941316,0.3177324,0,-1.221322759,4.404136558,-3.182813798
132.02,-64.99637933,0.05295508685,0.5959941316,0.3177324,0,-1.221322759,4.404136557,-3.182813798
132.03,-64.99637933,0.05295508685,0.5959941316,0.3177324,0,-1.221322759,4.404136557,-3.182813798
132.04,-64.99637933,0.05295508685,0.5959941315,0.3177324,0,-1.221322759,4.404136557,-3.182813798
132.05,-64.99637933,0.05295508685,0.5959941315,0.3177324,0,-1.221322759,4.404136557,-3.182813798
132.06,-64.99637933,0.05295508685,0.5959941315,0.3177324,0,-1.221322759,4.404136557,-3.182813798
132.07,-64.99637933,0.05295508685,0.5959941315,0.3177324,0,-1.221322759,4.404136557,-3.182813798
132.08,-64.99637933,0.05295508685,0.5959941315,0.3177324,0,-1.221322759,4.404136557,-3.182813798
132.09,-64.99637933,0.05295508685,0.5959941315,0.3177324,0,-1.221322759,4.404136557,-3.182813798
132.1,-64.99637933,0.05295508685,0.5959941315,0.3177324,0,-1.221322759,4.404136557,-3.182813798
132.11,-64.99637933,0.05295508685,0.5959941315,0.3177324,0,-1.221322759,4.404136557,-3.182813798
132.12,-64.99637933,0.05295508685,0.5959941315,0.3177324,0,-1.221322759,4.404136557,-3.182813798
132.13,-64.99637933,0.05295508685,0.5959941315,0.3177324,0,-1.221322759,4.404136557,-3.182813798
132.14,-64.99637933,0.05295508685,0.5959941315,0.3177324,0,-1.221322759,4.404136557,-3.182813798
132.15,-64.99637933,0.05295508685,0.5959941315,0.3177324,0,-1.221322759,4.404136557,-3.182813798
132.16,-64.99637933,0.05295508685,0.5959941314,0.3177324,0,-1.221322759,4.404136557,-3.182813798
132.17,-64.99637933,0.05295508685,0.5959941314,0.3177324,0,-1.221322759,4.404136557,-3.182813798
132.18,-64.99637933,0.05295508685,0.5959941314,0.3177324,0,-1.221322759,4.404136557,-3.182813798
132.19,-64.99637933,0.05295508685,0.5959941314,0.3177324,0,-1.221322759,4.404136557,-3.182813798
132.2,-64.99637933,0.05295508685,0.5959941314,0.3177324,0,-1.221322759,4.404136557,-3.182813798
132.21,-64.99637933,0.05295508685,0.5959941314,0.3177324,0,-1.221322759,4.404136557,-3.182813798
132.22,-64.99637933,0.05295508685,0.5959941314,0.3177324,0,-1.221322759,4.404136557,-3.182813798
132.23,-64.99637933,0.05295508685,0.5959941314,0.3177324,0,-1.221322759,4.404136557,-3.182813798
132.24,-64.99637933,0.05295508685,0.5959941314,0.3177324,0,-1.221322759,4.404136557,-3.182813798
132.25,-64.99637933,0.05295508685,0.5959941314,0.3177324,0,-1.221322759,4.404136557,-3.182813798
132.26,-64.99637933,0.05295508685,0.5959941314,0.3177324,0,-1.221322759,4.404136557,-3.182813798
132.27,-64.99637933,0.05295508685,0.5959941314,0.3177324,0,-1.221322759,4.404136557,-3.182813798
132.28,-64.99637933,0.05295508685,0.5959941314,0.3177324,0,-1.221322759,4.404136557,-3.182813798
132.29,-64.99637933,0.05295508685,0.5959941313,0.3177324,0,-1.221322759,4.404136557,-3.182813798
132.3,-64.99637933,0.05295508685,0.5959941313,0.3177324,0,-1.221322759,4.404136557,-3.182813798
132.31,-64.99637933,0.05295508685,0.5959941313,0.3177324,0,-1.221322758,4.404136557,-3.182813798
132.32,-64.99637933,0.05295508685,0.5959941313,0.3177324,0,-1.221322758,4.404136557,-3.182813798
132.33,-64.99637933,0.05295508684,0.5959941313,0.3177324,0,-1.221322758,4.404136557,-3.182813798
132.34,-64.99637933,0.05295508684,0.5959941313,0.3177324,0,-1.221322758,4.404136557,-3.182813798
132.35,-64.99637933,0.05295508684,0.5959941313,0.3177324,0,-1.221322758,4.404136557,-3.182813798
132.36,-64.99637933,0.05295508684,0.5959941313,0.3177324,0,-1.221322758,4.404136557,-3.182813798
132.37,-64.99637933,0.05295508684,0.5959941313,0.3177324,0,-1.221322758,4.404136557,-3.182813798
132.38,-64.99637933,0.05295508684,0.5959941313,0.3177324,0,-1.221322758,4.404136557,-3.182813798
132.39,-64.99637933,0.05295508684,0.5959941313,0.3177324,0,-1.221322758,4.404136557,-3.182813798
132.4,-64.99637933,0.05295508684,0.5959941313,0.3177324,0,-1.221322758,4.404136557,-3.182813798
132.41,-64.99637933,0.05295508684,0.5959941312,0.3177324,0,-1.221322758,4.404136557,-3.182813798
132.42,-64.99637933,0.05295508684,0.5959941312,0.3177324,0,-1.221322758,4.404136557,-3.182813798
132.43,-64.99637933,0.05295508684,0.5959941312,0.3177324,0,-1.221322758,4.404136557,-3.182813798
132.44,-64.99637933,0.05295508684,0.5959941312,0.3177324,0,-1.221322758,4.404136557,-3.182813798
132.45,-64.99637933,0.05295508684,0.5959941312,0.3177324,0,-1.221322758,4.404136557,-3.182813798
132.46,-64.99637933,0.05295508684,0.5959941312,0.3177324,0,-1.221322758,4.404136557,-3.182813798
132.47,-64.99637933,0.05295508684,0.5959941312,0.3177324,0,-1.221322758,4.404136557,-3.182813798
132.48,-64.99637933,0.05295508684,0.5959941312,0.3177324,0,-1.221322758,4.404136557,-3.182813798
132.49,-64.99637933,0.05295508684,0.5959941312,0.3177324,0,-1.221322758,4.404136557,-3.182813798
132.5,-64.99637933,0.05295508684,0.5959941312,0.3177324,0,-1.221322758,4.404136557,-3.182813798
132.51,-64.99637933,0.05295508684,0.5959941312,0.3177324,0,-1.221322758,4.404136557,-3.182813798
132.52,-64.99637933,0.05295508684,0.5959941312,0.3177324,0,-1.221322758,4.404136557,-3.182813798
132.53,-64.99637933,0.05295508684,0.5959941312,0.3177324,0,-1.221322758,4.404136557,-3.182813798
132.54,-64.99637933,0.05295508684,0.5959941311,0.3177324,0,-1.221322758,4.404136557,-3.182813798
132.55,-64.99637933,0.05295508684,0.5959941311,0.3177324,0,-1.221322758,4.404136557,-3.182813798
132.56,-64.99637933,0.05295508684,0.5959941311,0.3177324,0,-1.221322758,4.404136557,-3.182813798
132.57,-64.99637933,0.05295508684,0.5959941311,0.3177324,0,-1.221322758,4.404136556,-3.182813798
132.58,-64.99637933,0.05295508684,0.5959941311,0.3177324,0,-1.221322758,4.404136556,-3.182813798
132.59,-64.99637933,0.05295508684,0.5959941311,0.3177324,0,-1.221322758,4.404136556,-3.182813798
132.6,-64.99637933,0.05295508684,0.5959941311,0.3177324,0,-1.221322758,4.404136556,-3.182813798
132.61,-64.99637933,0.05295508684,0.5959941311,0.3177324,0,-1.221322758,4.404136556,-3.182813798
132.62,-64.99637933,0.05295508684,0.5959941311,0.3177324,0,-1.221322758,4.404136556,-3.182813798
132.63,-64.99637933,0.05295508684,0.5959941311,0.3177324,0,-1.221322758,4.404136556,-3.182813798
132.64,-64.99637933,0.05295508684,0.5959941311,0.3177324,0,-1.221322758,4.404136556,-3.182813798
132.65,-64.99637933,0.05295508684,0.5959941311,0.3177324,0,-1.221322758,4.404136556,-3.182813798
132.66,-64.99637933,0.05295508684,0.5959941311,0.3177324,0,-1.221322758,4.404136556,-3.182813798
132.67,-64.99637933,0.05295508684,0.595994131,0.3177324,0,-1.221322758,4.404136556,-3.182813798
132.68,-64.99637933,0.05295508684,0.595994131,0.3177324,0,-1.221322758,4.404136556,-3.182813798
132.69,-64.99637933,0.05295508684,0.595994131,0.3177324,0,-1.221322758,4.404136556,-3.182813798
132.7,-64.99637933,0.05295508684,0.595994131,0.3177324,0,-1.221322758,4.404136556,-3.182813798
132.71,-64.99637933,0.05295508684,0.595994131,0.3177324,0,-1.221322758,4.404136556,-3.182813798
132.72,-64.99637933,0.05295508684,0.595994131,0.3177324,0,-1.221322758,4.404136556,-3.182813798
132.73,-64.99637933,0.05295508684,0.595994131,0.3177324,0,-1.221322758,4.404136556,-3.182813798
132.74,-64.99637933,0.05295508684,0.595994131,0.3177324,0,-1.221322758,4.404136556,-3.182813798
132.75,-64.99637933,0.05295508684,0.595994131,0.3177324,0,-1.221322758,4.404136556,-3.182813798
132.76,-64.99637933,0.05295508684,0.595994131,0.3177324,0,-1.221322758,4.404136556,-3.182813798
132.77,-64.99637933,0.05295508684,0.595994131,0.3177324,0,-1.221322758,4.404136556,-3.182813798
132.78,-64.99637933,0.05295508684,0.595994131,0.3177324,0,-1.221322758,4.404136556,-3.182813798
132.79,-64.99637933,0.05295508684,0.595994131,0.3177324,0,-1.221322758,4.404136556,-3.182813798
132.8,-64.99637933,0.05295508684,0.5959941309,0.3177324,0,-1.221322758,4.404136556,-3.182813798
132.81,-64.99637933,0.05295508684,0.5959941309,0.3177324,0,-1.221322758,4.404136556,-3.182813798
132.82,-64.99637933,0.05295508684,0.5959941309,0.3177324,0,-1.221322758,4.404136556,-3.182813798
132.83,-64.99637933,0.05295508684,0.5959941309,0.3177324,0,-1.221322758,4.404136556,-3.182813798
132.84,-64.99637933,0.05295508684,0.5959941309,0.3177324,0,-1.221322758,4.404136556,-3.182813798
132.85,-64.99637933,0.05295508684,0.5959941309,0.3177324,0,-1.221322758,4.404136556,-3.182813798
132.86,-64.99637933,0.05295508684,0.5959941309,0.3177324,0,-1.221322757,4.404136556,-3.182813798
132.87,-64.99637933,0.05295508684,0.5959941309,0.3177324,0,-1.221322757,4.404136556,-3.182813798
132.88,-64.99637933,0.05295508684,0.5959941309,0.3177324,0,-1.221322757,4.404136556,-3.182813798
132.89,-64.99637933,0.05295508684,0.5959941309,0.3177324,0,-1.221322757,4.404136556,-3.182813798
132.9,-64.99637933,0.05295508684,0.5959941309,0.3177324,0,-1.221322757,4.404136556,-3.182813798
132.91,-64.99637933,0.05295508684,0.5959941309,0.3177324,0,-1.221322757,4.404136556,-3.182813798
132.92,-64.99637933,0.05295508684,0.5959941309,0.3177324,0,-1.221322757,4.404136556,-3.182813798
132.93,-64.99637933,0.05295508684,0.5959941309,0.3177324,0,-1.221322757,4.404136556,-3.182813798
132.94,-64.99637933,0.05295508684,0.5959941308,0.3177324,0,-1.221322757,4.404136556,-3.182813798
132.95,-64.99637933,0.05295508684,0.5959941308,0.3177324,0,-1.221322757,4.404136556,-3.182813798
132.96,-64.99637933,0.05295508684,0.5959941308,0.3177324,0,-1.221322757,4.404136556,-3.182813798
132.97,-64.99637933,0.05295508684,0.5959941308,0.3177324,0,-1.221322757,4.404136556,-3.182813798
132.98,-64.99637933,0.05295508684,0.5959941308,0.3177324,0,-1.221322757,4.404136556,-3.182813798
132.99,-64.99637933,0.05295508684,0.5959941308,0.3177324,0,-1.221322757,4.404136556,-3.182813798
133,-64.99637933,0.05295508684,0.5959941308,0.3177324,0,-1.221322757,4.404136556,-3.182813798
133.01,-64.99637933,0.05295508684,0.5959941308,0.3177324,0,-1.221322757,4.404136556,-3.182813798
133.02,-64.99637933,0.05295508684,0.5959941308,0.3177324,0,-1.221322757,4.404136556,-3.182813798
133.03,-64.99637933,0.05295508684,0.5959941308,0.3177324,0,-1.221322757,4.404136556,-3.182813798
133.04,-64.99637933,0.05295508684,0.5959941308,0.3177324,0,-1.221322757,4.404136556,-3.182813798
133.05,-64.99637933,0.05295508684,0.5959941308,0.3177324,0,-1.221322757,4.404136556,-3.182813798
133.06,-64.99637933,0.05295508684,0.5959941308,0.3177324,0,-1.221322757,4.404136556,-3.182813798
133.07,-64.99637933,0.05295508684,0.5959941308,0.3177324,0,-1.221322757,4.404136556,-3.182813798
133.08,-64.99637933,0.05295508684,0.5959941307,0.3177324,0,-1.221322757,4.404136556,-3.182813798
133.09,-64.99637933,0.05295508684,0.5959941307,0.3177324,0,-1.221322757,4.404136556,-3.182813798
133.1,-64.99637933,0.05295508684,0.5959941307,0.3177324,0,-1.221322757,4.404136556,-3.182813798
133.11,-64.99637933,0.05295508684,0.5959941307,0.3177324,0,-1.221322757,4.404136556,-3.182813798
133.12,-64.99637933,0.05295508684,0.5959941307,0.3177324,0,-1.221322757,4.404136556,-3.182813798
133.13,-64.99637933,0.05295508684,0.5959941307,0.3177324,0,-1.221322757,4.404136556,-3.182813798
133.14,-64.99637933,0.05295508684,0.5959941307,0.3177324,0,-1.221322757,4.404136556,-3.182813798
133.15,-64.99637933,0.05295508684,0.5959941307,0.3177324,0,-1.221322757,4.404136556,-3.182813798
133.16,-64.99637933,0.05295508684,0.5959941307,0.3177324,0,-1.221322757,4.404136555,-3.182813798
133.17,-64.99637933,0.05295508684,0.5959941307,0.3177324,0,-1.221322757,4.404136555,-3.182813798
133.18,-64.99637933,0.05295508684,0.5959941307,0.3177324,0,-1.221322757,4.404136555,-3.182813798
133.19,-64.99637933,0.05295508684,0.5959941307,0.3177324,0,-1.221322757,4.404136555,-3.182813798
133.2,-64.99637933,0.05295508684,0.5959941307,0.3177324,0,-1.221322757,4.404136555,-3.182813798
133.21,-64.99637933,0.05295508684,0.5959941307,0.3177324,0,-1.221322757,4.404136555,-3.182813798
133.22,-64.99637933,0.05295508684,0.5959941306,0.3177324,0,-1.221322757,4.404136555,-3.182813798
133.23,-64.99637933,0.05295508684,0.5959941306,0.3177324,0,-1.221322757,4.404136555,-3.182813798
133.24,-64.99637933,0.05295508684,0.5959941306,0.3177324,0,-1.221322757,4.404136555,-3.182813798
133.25,-64.99637933,0.05295508684,0.5959941306,0.3177324,0,-1.221322757,4.404136555,-3.182813798
133.26,-64.99637933,0.05295508684,0.5959941306,0.3177324,0,-1.221322757,4.404136555,-3.182813798
133.27,-64.99637933,0.05295508684,0.5959941306,0.3177324,0,-1.221322757,4.404136555,-3.182813798
133.28,-64.99637933,0.05295508684,0.5959941306,0.3177324,0,-1.221322757,4.404136555,-3.182813798
133.29,-64.99637933,0.05295508684,0.5959941306,0.3177324,0,-1.221322757,4.404136555,-3.182813798
133.3,-64.99637933,0.05295508684,0.5959941306,0.3177324,0,-1.221322757,4.404136555,-3.182813798
133.31,-64.99637933,0.05295508684,0.5959941306,0.3177324,0,-1.221322757,4.404136555,-3.182813798
133.32,-64.99637933,0.05295508684,0.5959941306,0.3177324,0,-1.221322757,4.404136555,-3.182813798
133.33,-64.99637933,0.05295508684,0.5959941306,0.3177324,0,-1.221322757,4.404136555,-3.182813798
133.34,-64.99637933,0.05295508684,0.5959941306,0.3177324,0,-1.221322757,4.404136555,-3.182813798
133.35,-64.99637933,0.05295508684,0.5959941306,0.3177324,0,-1.221322757,4.404136555,-3.182813798
133.36,-64.99637933,0.05295508684,0.5959941305,0.3177324,0,-1.221322757,4.404136555,-3.182813798
133.37,-64.99637933,0.05295508684,0.5959941305,0.3177324,0,-1.221322757,4.404136555,-3.182813798
133.38,-64.99637933,0.05295508684,0.5959941305,0.3177324,0,-1.221322757,4.404136555,-3.182813798
133.39,-64.99637933,0.05295508684,0.5959941305,0.3177324,0,-1.221322757,4.404136555,-3.182813798
133.4,-64.99637933,0.05295508684,0.5959941305,0.3177324,0,-1.221322757,4.404136555,-3.182813798
133.41,-64.99637933,0.05295508684,0.5959941305,0.3177324,0,-1.221322757,4.404136555,-3.182813798
133.42,-64.99637933,0.05295508684,0.5959941305,0.3177324,0,-1.221322757,4.404136555,-3.182813798
133.43,-64.99637933,0.05295508684,0.5959941305,0.3177324,0,-1.221322757,4.404136555,-3.182813798
133.44,-64.99637933,0.05295508684,0.5959941305,0.3177324,0,-1.221322757,4.404136555,-3.182813798
133.45,-64.99637933,0.05295508684,0.5959941305,0.3177324,0,-1.221322756,4.404136555,-3.182813798
133.46,-64.99637933,0.05295508684,0.5959941305,0.3177324,0,-1.221322756,4.404136555,-3.182813798
133.47,-64.99637933,0.05295508684,0.5959941305,0.3177324,0,-1.221322756,4.404136555,-3.182813798
133.48,-64.99637933,0.05295508684,0.5959941305,0.3177324,0,-1.221322756,4.404136555,-3.182813798
133.49,-64.99637933,0.05295508684,0.5959941305,0.3177324,0,-1.221322756,4.404136555,-3.182813798
133.5,-64.99637933,0.05295508684,0.5959941304,0.3177324,0,-1.221322756,4.404136555,-3.182813798
133.51,-64.99637933,0.05295508684,0.5959941304,0.3177324,0,-1.221322756,4.404136555,-3.182813798
133.52,-64.99637933,0.05295508684,0.5959941304,0.3177324,0,-1.221322756,4.404136555,-3.182813798
133.53,-64.99637933,0.05295508684,0.5959941304,0.3177324,0,-1.221322756,4.404136555,-3.182813798
133.54,-64.99637933,0.05295508684,0.5959941304,0.3177324,0,-1.221322756,4.404136555,-3.182813798
133.55,-64.99637933,0.05295508684,0.5959941304,0.3177324,0,-1.221322756,4.404136555,-3.182813798
133.56,-64.99637933,0.05295508684,0.5959941304,0.3177324,0,-1.221322756,4.404136555,-3.182813798
133.57,-64.99637933,0.05295508684,0.5959941304,0.3177324,0,-1.221322756,4.404136555,-3.182813798
133.58,-64.99637933,0.05295508684,0.5959941304,0.3177324,0,-1.221322756,4.404136555,-3.182813798
133.59,-64.99637933,0.05295508684,0.5959941304,0.3177324,0,-1.221322756,4.404136555,-3.182813798
133.6,-64.99637933,0.05295508684,0.5959941304,0.3177324,0,-1.221322756,4.404136555,-3.182813798
133.61,-64.99637933,0.05295508684,0.5959941304,0.3177324,0,-1.221322756,4.404136555,-3.182813798
133.62,-64.99637933,0.05295508684,0.5959941304,0.3177324,0,-1.221322756,4.404136555,-3.182813798
133.63,-64.99637933,0.05295508684,0.5959941304,0.3177324,0,-1.221322756,4.404136555,-3.182813798
133.64,-64.99637933,0.05295508684,0.5959941304,0.3177324,0,-1.221322756,4.404136555,-3.182813798
133.65,-64.99637933,0.05295508684,0.5959941303,0.3177324,0,-1.221322756,4.404136555,-3.182813798
133.66,-64.99637933,0.05295508684,0.5959941303,0.3177324,0,-1.221322756,4.404136555,-3.182813798
133.67,-64.99637933,0.05295508684,0.5959941303,0.3177324,0,-1.221322756,4.404136555,-3.182813798
133.68,-64.99637933,0.05295508684,0.5959941303,0.3177324,0,-1.221322756,4.404136555,-3.182813798
133.69,-64.99637933,0.05295508684,0.5959941303,0.3177324,0,-1.221322756,4.404136555,-3.182813798
133.7,-64.99637933,0.05295508684,0.5959941303,0.3177324,0,-1.221322756,4.404136555,-3.182813798
133.71,-64.99637933,0.05295508684,0.5959941303,0.3177324,0,-1.221322756,4.404136555,-3.182813798
133.72,-64.99637933,0.05295508684,0.5959941303,0.3177324,0,-1.221322756,4.404136555,-3.182813798
133.73,-64.99637933,0.05295508684,0.5959941303,0.3177324,0,-1.221322756,4.404136555,-3.182813798
133.74,-64.99637933,0.05295508684,0.5959941303,0.3177324,0,-1.221322756,4.404136555,-3.182813798
133.75,-64.99637933,0.05295508684,0.5959941303,0.3177324,0,-1.221322756,4.404136555,-3.182813798
133.76,-64.99637933,0.05295508684,0.5959941303,0.3177324,0,-1.221322756,4.404136555,-3.182813798
133.77,-64.99637933,0.05295508684,0.5959941303,0.3177324,0,-1.221322756,4.404136555,-3.182813798
133.78,-64.99637933,0.05295508684,0.5959941303,0.3177324,0,-1.221322756,4.404136555,-3.182813798
133.79,-64.99637933,0.05295508684,0.5959941303,0.3177324,0,-1.221322756,4.404136555,-3.182813798
133.8,-64.99637933,0.05295508684,0.5959941302,0.3177324,0,-1.221322756,4.404136555,-3.182813798
133.81,-64.99637933,0.05295508684,0.5959941302,0.3177324,0,-1.221322756,4.404136554,-3.182813798
133.82,-64.99637933,0.05295508684,0.5959941302,0.3177324,0,-1.221322756,4.404136554,-3.182813798
133.83,-64.99637933,0.05295508684,0.5959941302,0.3177324,0,-1.221322756,4.404136554,-3.182813798
133.84,-64.99637933,0.05295508684,0.5959941302,0.3177324,0,-1.221322756,4.404136554,-3.182813798
133.85,-64.99637933,0.05295508684,0.5959941302,0.3177324,0,-1.221322756,4.404136554,-3.182813798
133.86,-64.99637933,0.05295508684,0.5959941302,0.3177324,0,-1.221322756,4.404136554,-3.182813798
133.87,-64.99637933,0.05295508684,0.5959941302,0.3177324,0,-1.221322756,4.404136554,-3.182813798
133.88,-64.99637933,0.05295508684,0.5959941302,0.3177324,0,-1.221322756,4.404136554,-3.182813798
133.89,-64.99637933,0.05295508684,0.5959941302,0.3177324,0,-1.221322756,4.404136554,-3.182813798
133.9,-64.99637933,0.05295508684,0.5959941302,0.3177324,0,-1.221322756,4.404136554,-3.182813798
133.91,-64.99637933,0.05295508684,0.5959941302,0.3177324,0,-1.221322756,4.404136554,-3.182813798
133.92,-64.99637933,0.05295508684,0.5959941302,0.3177324,0,-1.221322756,4.404136554,-3.182813798
133.93,-64.99637933,0.05295508684,0.5959941302,0.3177324,0,-1.221322756,4.404136554,-3.182813798
133.94,-64.99637933,0.05295508684,0.5959941302,0.3177324,0,-1.221322756,4.404136554,-3.182813798
133.95,-64.99637933,0.05295508684,0.5959941301,0.3177324,0,-1.221322756,4.404136554,-3.182813798
133.96,-64.99637933,0.05295508684,0.5959941301,0.3177324,0,-1.221322756,4.404136554,-3.182813798
133.97,-64.99637933,0.05295508684,0.5959941301,0.3177324,0,-1.221322756,4.404136554,-3.182813798
133.98,-64.99637933,0.05295508684,0.5959941301,0.3177324,0,-1.221322756,4.404136554,-3.182813798
133.99,-64.99637933,0.05295508684,0.5959941301,0.3177324,0,-1.221322756,4.404136554,-3.182813798
134,-64.99637933,0.05295508684,0.5959941301,0.3177324,0,-1.221322756,4.404136554,-3.182813798
134.01,-64.99637933,0.05295508684,0.5959941301,0.3177324,0,-1.221322756,4.404136554,-3.182813798
134.02,-64.99637933,0.05295508684,0.5959941301,0.3177323999,0,-1.221322756,4.404136554,-3.182813798
134.03,-64.99637933,0.05295508684,0.5959941301,0.3177323999,0,-1.221322756,4.404136554,-3.182813798
134.04,-64.99637933,0.05295508684,0.5959941301,0.3177323999,0,-1.221322756,4.404136554,-3.182813798
134.05,-64.99637933,0.05295508684,0.5959941301,0.3177323999,0,-1.221322756,4.404136554,-3.182813798
134.06,-64.99637933,0.05295508684,0.5959941301,0.3177323999,0,-1.221322756,4.404136554,-3.182813798
134.07,-64.99637933,0.05295508684,0.5959941301,0.3177323999,0,-1.221322756,4.404136554,-3.182813798
134.08,-64.99637933,0.05295508684,0.5959941301,0.3177323999,0,-1.221322756,4.404136554,-3.182813798
134.09,-64.99637933,0.05295508684,0.5959941301,0.3177323999,0,-1.221322755,4.404136554,-3.182813798
134.1,-64.99637933,0.05295508684,0.59599413,0.3177323999,0,-1.221322755,4.404136554,-3.182813798
134.11,-64.99637933,0.05295508684,0.59599413,0.3177323999,0,-1.221322755,4.404136554,-3.182813798
134.12,-64.99637933,0.05295508684,0.59599413,0.3177323999,0,-1.221322755,4.404136554,-3.182813798
134.13,-64.99637933,0.05295508684,0.59599413,0.3177323999,0,-1.221322755,4.404136554,-3.182813798
134.14,-64.99637933,0.05295508684,0.59599413,0.3177323999,0,-1.221322755,4.404136554,-3.182813798
134.15,-64.99637933,0.05295508684,0.59599413,0.3177323999,0,-1.221322755,4.404136554,-3.182813798
134.16,-64.99637933,0.05295508684,0.59599413,0.3177323999,0,-1.221322755,4.404136554,-3.182813798
134.17,-64.99637933,0.05295508684,0.59599413,0.3177323999,0,-1.221322755,4.404136554,-3.182813798
134.18,-64.99637933,0.05295508684,0.59599413,0.3177323999,0,-1.221322755,4.404136554,-3.182813798
134.19,-64.99637933,0.05295508684,0.59599413,0.3177323999,0,-1.221322755,4.404136554,-3.182813798
134.2,-64.99637933,0.05295508684,0.59599413,0.3177323999,0,-1.221322755,4.404136554,-3.182813798
134.21,-64.99637933,0.05295508684,0.59599413,0.3177323999,0,-1.221322755,4.404136554,-3.182813798
134.22,-64.99637933,0.05295508684,0.59599413,0.3177323999,0,-1.221322755,4.404136554,-3.182813798
134.23,-64.99637933,0.05295508684,0.59599413,0.3177323999,0,-1.221322755,4.404136554,-3.182813798
134.24,-64.99637933,0.05295508684,0.59599413,0.3177323999,0,-1.221322755,4.404136554,-3.182813798
134.25,-64.99637933,0.05295508684,0.59599413,0.3177323999,0,-1.221322755,4.404136554,-3.182813798
134.26,-64.99637933,0.05295508684,0.5959941299,0.3177323999,0,-1.221322755,4.404136554,-3.182813798
134.27,-64.99637933,0.05295508684,0.5959941299,0.3177323999,0,-1.221322755,4.404136554,-3.182813798
134.28,-64.99637933,0.05295508684,0.5959941299,0.3177323999,0,-1.221322755,4.404136554,-3.182813798
134.29,-64.99637933,0.05295508684,0.5959941299,0.3177323999,0,-1.221322755,4.404136554,-3.182813798
134.3,-64.99637933,0.05295508684,0.5959941299,0.3177323999,0,-1.221322755,4.404136554,-3.182813798
134.31,-64.99637933,0.05295508684,0.5959941299,0.3177323999,0,-1.221322755,4.404136554,-3.182813798
134.32,-64.99637933,0.05295508684,0.5959941299,0.3177323999,0,-1.221322755,4.404136554,-3.182813798
134.33,-64.99637933,0.05295508684,0.5959941299,0.3177323999,0,-1.221322755,4.404136554,-3.182813798
134.34,-64.99637933,0.05295508684,0.5959941299,0.3177323999,0,-1.221322755,4.404136554,-3.182813798
134.35,-64.99637933,0.05295508684,0.5959941299,0.3177323999,0,-1.221322755,4.404136554,-3.182813798
134.36,-64.99637933,0.05295508684,0.5959941299,0.3177323999,0,-1.221322755,4.404136554,-3.182813798
134.37,-64.99637933,0.05295508684,0.5959941299,0.3177323999,0,-1.221322755,4.404136554,-3.182813798
134.38,-64.99637933,0.05295508684,0.5959941299,0.3177323999,0,-1.221322755,4.404136554,-3.182813798
134.39,-64.99637933,0.05295508684,0.5959941299,0.3177323999,0,-1.221322755,4.404136554,-3.182813798
134.4,-64.99637933,0.05295508684,0.5959941299,0.3177323999,0,-1.221322755,4.404136554,-3.182813798
134.41,-64.99637933,0.05295508684,0.5959941299,0.3177323999,0,-1.221322755,4.404136554,-3.182813798
134.42,-64.99637933,0.05295508684,0.5959941298,0.3177323999,0,-1.221322755,4.404136554,-3.182813798
134.43,-64.99637933,0.05295508684,0.5959941298,0.3177323999,0,-1.221322755,4.404136554,-3.182813798
134.44,-64.99637933,0.05295508684,0.5959941298,0.3177323999,0,-1.221322755,4.404136554,-3.182813798
134.45,-64.99637933,0.05295508684,0.5959941298,0.3177323999,0,-1.221322755,4.404136554,-3.182813798
134.46,-64.99637933,0.05295508684,0.5959941298,0.3177323999,0,-1.221322755,4.404136554,-3.182813798
134.47,-64.99637933,0.05295508684,0.5959941298,0.3177323999,0,-1.221322755,4.404136554,-3.182813798
134.48,-64.99637933,0.05295508684,0.5959941298,0.3177323999,0,-1.221322755,4.404136554,-3.182813798
134.49,-64.99637933,0.05295508684,0.5959941298,0.3177323999,0,-1.221322755,4.404136554,-3.182813798
134.5,-64.99637933,0.05295508684,0.5959941298,0.3177323999,0,-1.221322755,4.404136554,-3.182813798
134.51,-64.99637933,0.05295508684,0.5959941298,0.3177323999,0,-1.221322755,4.404136553,-3.182813798
134.52,-64.99637933,0.05295508684,0.5959941298,0.3177323999,0,-1.221322755,4.404136553,-3.182813798
134.53,-64.99637933,0.05295508684,0.5959941298,0.3177323999,0,-1.221322755,4.404136553,-3.182813798
134.54,-64.99637933,0.05295508684,0.5959941298,0.3177323999,0,-1.221322755,4.404136553,-3.182813798
134.55,-64.99637933,0.05295508684,0.5959941298,0.3177323999,0,-1.221322755,4.404136553,-3.182813798
134.56,-64.99637933,0.05295508684,0.5959941298,0.3177323999,0,-1.221322755,4.404136553,-3.182813798
134.57,-64.99637933,0.05295508684,0.5959941298,0.3177323999,0,-1.221322755,4.404136553,-3.182813798
134.58,-64.99637933,0.05295508684,0.5959941298,0.3177323999,0,-1.221322755,4.404136553,-3.182813798
134.59,-64.99637933,0.05295508684,0.5959941297,0.3177323999,0,-1.221322755,4.404136553,-3.182813798
134.6,-64.99637933,0.05295508684,0.5959941297,0.3177323999,0,-1.221322755,4.404136553,-3.182813798
134.61,-64.99637933,0.05295508684,0.5959941297,0.3177323999,0,-1.221322755,4.404136553,-3.182813798
134.62,-64.99637933,0.05295508684,0.5959941297,0.3177323999,0,-1.221322755,4.404136553,-3.182813798
134.63,-64.99637933,0.05295508684,0.5959941297,0.3177323999,0,-1.221322755,4.404136553,-3.182813798
134.64,-64.99637933,0.05295508684,0.5959941297,0.3177323999,0,-1.221322755,4.404136553,-3.182813798
134.65,-64.99637933,0.05295508684,0.5959941297,0.3177323999,0,-1.221322755,4.404136553,-3.182813798
134.66,-64.99637933,0.05295508684,0.5959941297,0.3177323999,0,-1.221322755,4.404136553,-3.182813798
134.67,-64.99637933,0.05295508684,0.5959941297,0.3177323999,0,-1.221322755,4.404136553,-3.182813798
134.68,-64.99637933,0.05295508684,0.5959941297,0.3177323999,0,-1.221322755,4.404136553,-3.182813798
134.69,-64.99637933,0.05295508684,0.5959941297,0.3177323999,0,-1.221322755,4.404136553,-3.182813798
134.7,-64.99637933,0.05295508684,0.5959941297,0.3177323999,0,-1.221322755,4.404136553,-3.182813798
134.71,-64.99637933,0.05295508684,0.5959941297,0.3177323999,0,-1.221322755,4.404136553,-3.182813798
134.72,-64.99637933,0.05295508684,0.5959941297,0.3177323999,0,-1.221322755,4.404136553,-3.182813798
134.73,-64.99637933,0.05295508684,0.5959941297,0.3177323999,0,-1.221322755,4.404136553,-3.182813798
134.74,-64.99637933,0.05295508684,0.5959941297,0.3177323999,0,-1.221322755,4.404136553,-3.182813798
134.75,-64.99637933,0.05295508684,0.5959941296,0.3177323999,0,-1.221322755,4.404136553,-3.182813798
134.76,-64.99637933,0.05295508684,0.5959941296,0.3177323999,0,-1.221322755,4.404136553,-3.182813798
134.77,-64.99637933,0.05295508684,0.5959941296,0.3177323999,0,-1.221322754,4.404136553,-3.182813798
134.78,-64.99637933,0.05295508684,0.5959941296,0.3177323999,0,-1.221322754,4.404136553,-3.182813798
134.79,-64.99637933,0.05295508684,0.5959941296,0.3177323999,0,-1.221322754,4.404136553,-3.182813798
134.8,-64.99637933,0.05295508684,0.5959941296,0.3177323999,0,-1.221322754,4.404136553,-3.182813798
134.81,-64.99637933,0.05295508684,0.5959941296,0.3177323999,0,-1.221322754,4.404136553,-3.182813798
134.82,-64.99637933,0.05295508684,0.5959941296,0.3177323999,0,-1.221322754,4.404136553,-3.182813798
134.83,-64.99637933,0.05295508684,0.5959941296,0.3177323999,0,-1.221322754,4.404136553,-3.182813798
134.84,-64.99637933,0.05295508684,0.5959941296,0.3177323999,0,-1.221322754,4.404136553,-3.182813798
134.85,-64.99637933,0.05295508684,0.5959941296,0.3177323999,0,-1.221322754,4.404136553,-3.182813798
134.86,-64.99637933,0.05295508684,0.5959941296,0.3177323999,0,-1.221322754,4.404136553,-3.182813798
134.87,-64.99637933,0.05295508684,0.5959941296,0.3177323999,0,-1.221322754,4.404136553,-3.182813798
134.88,-64.99637933,0.05295508684,0.5959941296,0.3177323999,0,-1.221322754,4.404136553,-3.182813798
134.89,-64.99637933,0.05295508684,0.5959941296,0.3177323999,0,-1.221322754,4.404136553,-3.182813798
134.9,-64.99637933,0.05295508684,0.5959941296,0.3177323999,0,-1.221322754,4.404136553,-3.182813798
134.91,-64.99637933,0.05295508684,0.5959941296,0.3177323999,0,-1.221322754,4.404136553,-3.182813798
134.92,-64.99637933,0.05295508684,0.5959941295,0.3177323999,0,-1.221322754,4.404136553,-3.182813798
134.93,-64.99637933,0.05295508684,0.5959941295,0.3177323999,0,-1.221322754,4.404136553,-3.182813798
134.94,-64.99637933,0.05295508684,0.5959941295,0.3177323999,0,-1.221322754,4.404136553,-3.182813798
134.95,-64.99637933,0.05295508684,0.5959941295,0.3177323999,0,-1.221322754,4.404136553,-3.182813798
134.96,-64.99637933,0.05295508684,0.5959941295,0.3177323999,0,-1.221322754,4.404136553,-3.182813798
134.97,-64.99637933,0.05295508684,0.5959941295,0.3177323999,0,-1.221322754,4.404136553,-3.182813798
134.98,-64.99637933,0.05295508684,0.5959941295,0.3177323999,0,-1.221322754,4.404136553,-3.182813798
134.99,-64.99637933,0.05295508684,0.5959941295,0.3177323999,0,-1.221322754,4.404136553,-3.182813798
135,-64.99637933,0.05295508684,0.5959941295,0.3177323999,0,-1.221322754,4.404136553,-3.182813798
135.01,-64.99637933,0.05295508684,0.5959941295,0.3177323999,0,-1.221322754,4.404136553,-3.182813798
135.02,-64.99637933,0.05295508684,0.5959941295,0.3177323999,0,-1.221322754,4.404136553,-3.182813798
135.03,-64.99637933,0.05295508684,0.5959941295,0.3177323999,0,-1.221322754,4.404136553,-3.182813798
135.04,-64.99637933,0.05295508684,0.5959941295,0.3177323999,0,-1.221322754,4.404136553,-3.182813798
135.05,-64.99637933,0.05295508684,0.5959941295,0.3177323999,0,-1.221322754,4.404136553,-3.182813798
135.06,-64.99637933,0.05295508684,0.5959941295,0.3177323999,0,-1.221322754,4.404136553,-3.182813798
135.07,-64.99637933,0.05295508684,0.5959941295,0.3177323999,0,-1.221322754,4.404136553,-3.182813798
135.08,-64.99637933,0.05295508684,0.5959941295,0.3177323999,0,-1.221322754,4.404136553,-3.182813798
135.09,-64.99637933,0.05295508684,0.5959941295,0.3177323999,0,-1.221322754,4.404136553,-3.182813798
135.1,-64.99637933,0.05295508684,0.5959941294,0.3177323999,0,-1.221322754,4.404136553,-3.182813798
135.11,-64.99637933,0.05295508684,0.5959941294,0.3177323999,0,-1.221322754,4.404136553,-3.182813798
135.12,-64.99637933,0.05295508684,0.5959941294,0.3177323999,0,-1.221322754,4.404136553,-3.182813798
135.13,-64.99637933,0.05295508684,0.5959941294,0.3177323999,0,-1.221322754,4.404136553,-3.182813798
135.14,-64.99637933,0.05295508684,0.5959941294,0.3177323999,0,-1.221322754,4.404136553,-3.182813798
135.15,-64.99637933,0.05295508684,0.5959941294,0.3177323999,0,-1.221322754,4.404136553,-3.182813798
135.16,-64.99637933,0.05295508684,0.5959941294,0.3177323999,0,-1.221322754,4.404136553,-3.182813798
135.17,-64.99637933,0.05295508684,0.5959941294,0.3177323999,0,-1.221322754,4.404136553,-3.182813798
135.18,-64.99637933,0.05295508684,0.5959941294,0.3177323999,0,-1.221322754,4.404136553,-3.182813798
135.19,-64.99637933,0.05295508684,0.5959941294,0.3177323999,0,-1.221322754,4.404136553,-3.182813798
135.2,-64.99637933,0.05295508684,0.5959941294,0.3177323999,0,-1.221322754,4.404136553,-3.182813798
135.21,-64.99637933,0.05295508684,0.5959941294,0.3177323999,0,-1.221322754,4.404136553,-3.182813798
135.22,-64.99637933,0.05295508684,0.5959941294,0.3177323999,0,-1.221322754,4.404136553,-3.182813798
135.23,-64.99637933,0.05295508684,0.5959941294,0.3177323999,0,-1.221322754,4.404136553,-3.182813798
135.24,-64.99637933,0.05295508684,0.5959941294,0.3177323999,0,-1.221322754,4.404136553,-3.182813798
135.25,-64.99637933,0.05295508684,0.5959941294,0.3177323999,0,-1.221322754,4.404136553,-3.182813798
135.26,-64.99637933,0.05295508684,0.5959941294,0.3177323999,0,-1.221322754,4.404136553,-3.182813798
135.27,-64.99637933,0.05295508684,0.5959941294,0.3177323999,0,-1.221322754,4.404136553,-3.182813798
135.28,-64.99637933,0.05295508684,0.5959941293,0.3177323999,0,-1.221322754,4.404136552,-3.182813798
135.29,-64.99637933,0.05295508684,0.5959941293,0.3177323999,0,-1.221322754,4.404136552,-3.182813798
135.3,-64.99637933,0.05295508684,0.5959941293,0.3177323999,0,-1.221322754,4.404136552,-3.182813798
135.31,-64.99637933,0.05295508684,0.5959941293,0.3177323999,0,-1.221322754,4.404136552,-3.182813798
135.32,-64.99637933,0.05295508684,0.5959941293,0.3177323999,0,-1.221322754,4.404136552,-3.182813798
135.33,-64.99637933,0.05295508684,0.5959941293,0.3177323999,0,-1.221322754,4.404136552,-3.182813798
135.34,-64.99637933,0.05295508684,0.5959941293,0.3177323999,0,-1.221322754,4.404136552,-3.182813798
135.35,-64.99637933,0.05295508684,0.5959941293,0.3177323999,0,-1.221322754,4.404136552,-3.182813798
135.36,-64.99637933,0.05295508684,0.5959941293,0.3177323999,0,-1.221322754,4.404136552,-3.182813798
135.37,-64.99637933,0.05295508684,0.5959941293,0.3177323999,0,-1.221322754,4.404136552,-3.182813798
135.38,-64.99637933,0.05295508684,0.5959941293,0.3177323999,0,-1.221322754,4.404136552,-3.182813798
135.39,-64.99637933,0.05295508684,0.5959941293,0.3177323999,0,-1.221322754,4.404136552,-3.182813798
135.4,-64.99637933,0.05295508684,0.5959941293,0.3177323999,0,-1.221322754,4.404136552,-3.182813798
135.41,-64.99637933,0.05295508684,0.5959941293,0.3177323999,0,-1.221322754,4.404136552,-3.182813798
135.42,-64.99637933,0.05295508684,0.5959941293,0.3177323999,0,-1.221322754,4.404136552,-3.182813798
135.43,-64.99637933,0.05295508684,0.5959941293,0.3177323999,0,-1.221322754,4.404136552,-3.182813798
135.44,-64.99637933,0.05295508684,0.5959941293,0.3177323999,0,-1.221322754,4.404136552,-3.182813798
135.45,-64.99637933,0.05295508684,0.5959941293,0.3177323999,0,-1.221322754,4.404136552,-3.182813798
135.46,-64.99637933,0.05295508684,0.5959941292,0.3177323999,0,-1.221322754,4.404136552,-3.182813798
135.47,-64.99637933,0.05295508684,0.5959941292,0.3177323999,0,-1.221322754,4.404136552,-3.182813798
135.48,-64.99637933,0.05295508684,0.5959941292,0.3177323999,0,-1.221322754,4.404136552,-3.182813798
135.49,-64.99637933,0.05295508684,0.5959941292,0.3177323999,0,-1.221322754,4.404136552,-3.182813798
135.5,-64.99637933,0.05295508684,0.5959941292,0.3177323999,0,-1.221322754,4.404136552,-3.182813798
135.51,-64.99637933,0.05295508684,0.5959941292,0.3177323999,0,-1.221322754,4.404136552,-3.182813798
135.52,-64.99637933,0.05295508684,0.5959941292,0.3177323999,0,-1.221322754,4.404136552,-3.182813798
135.53,-64.99637933,0.05295508684,0.5959941292,0.3177323999,0,-1.221322753,4.404136552,-3.182813798
135.54,-64.99637933,0.05295508684,0.5959941292,0.3177323999,0,-1.221322753,4.404136552,-3.182813798
135.55,-64.99637933,0.05295508684,0.5959941292,0.3177323999,0,-1.221322753,4.404136552,-3.182813798
135.56,-64.99637933,0.05295508684,0.5959941292,0.3177323999,0,-1.221322753,4.404136552,-3.182813798
135.57,-64.99637933,0.05295508684,0.5959941292,0.3177323999,0,-1.221322753,4.404136552,-3.182813798
135.58,-64.99637933,0.05295508684,0.5959941292,0.3177323999,0,-1.221322753,4.404136552,-3.182813798
135.59,-64.99637933,0.05295508684,0.5959941292,0.3177323999,0,-1.221322753,4.404136552,-3.182813798
135.6,-64.99637933,0.05295508684,0.5959941292,0.3177323999,0,-1.221322753,4.404136552,-3.182813798
135.61,-64.99637933,0.05295508684,0.5959941292,0.3177323999,0,-1.221322753,4.404136552,-3.182813798
135.62,-64.99637933,0.05295508684,0.5959941292,0.3177323999,0,-1.221322753,4.404136552,-3.182813798
135.63,-64.99637933,0.05295508684,0.5959941292,0.3177323999,0,-1.221322753,4.404136552,-3.182813798
135.64,-64.99637933,0.05295508683,0.5959941291,0.3177323999,0,-1.221322753,4.404136552,-3.182813798
135.65,-64.99637933,0.05295508683,0.5959941291,0.3177323999,0,-1.221322753,4.404136552,-3.182813798
135.66,-64.99637933,0.05295508683,0.5959941291,0.3177323999,0,-1.221322753,4.404136552,-3.182813798
135.67,-64.99637933,0.05295508683,0.5959941291,0.3177323999,0,-1.221322753,4.404136552,-3.182813798
135.68,-64.99637933,0.05295508683,0.5959941291,0.3177323999,0,-1.221322753,4.404136552,-3.182813798
135.69,-64.99637933,0.05295508683,0.5959941291,0.3177323999,0,-1.221322753,4.404136552,-3.182813798
135.7,-64.99637933,0.05295508683,0.5959941291,0.3177323999,0,-1.221322753,4.404136552,-3.182813798
135.71,-64.99637933,0.05295508683,0.5959941291,0.3177323999,0,-1.221322753,4.404136552,-3.182813798
135.72,-64.99637933,0.05295508683,0.5959941291,0.3177323999,0,-1.221322753,4.404136552,-3.182813798
135.73,-64.99637933,0.05295508683,0.5959941291,0.3177323999,0,-1.221322753,4.404136552,-3.182813798
135.74,-64.99637933,0.05295508683,0.5959941291,0.3177323999,0,-1.221322753,4.404136552,-3.182813798
135.75,-64.99637933,0.05295508683,0.5959941291,0.3177323999,0,-1.221322753,4.404136552,-3.182813798
135.76,-64.99637933,0.05295508683,0.5959941291,0.3177323999,0,-1.221322753,4.404136552,-3.182813798
135.77,-64.99637933,0.05295508683,0.5959941291,0.3177323999,0,-1.221322753,4.404136552,-3.182813798
135.78,-64.99637933,0.05295508683,0.5959941291,0.3177323999,0,-1.221322753,4.404136552,-3.182813798
135.79,-64.99637933,0.05295508683,0.5959941291,0.3177323999,0,-1.221322753,4.404136552,-3.182813798
135.8,-64.99637933,0.05295508683,0.5959941291,0.3177323999,0,-1.221322753,4.404136552,-3.182813798
135.81,-64.99637933,0.05295508683,0.5959941291,0.3177323999,0,-1.221322753,4.404136552,-3.182813798
135.82,-64.99637933,0.05295508683,0.5959941291,0.3177323999,0,-1.221322753,4.404136552,-3.182813798
135.83,-64.99637933,0.05295508683,0.595994129,0.3177323999,0,-1.221322753,4.404136552,-3.182813798
135.84,-64.99637933,0.05295508683,0.595994129,0.3177323999,0,-1.221322753,4.404136552,-3.182813798
135.85,-64.99637933,0.05295508683,0.595994129,0.3177323999,0,-1.221322753,4.404136552,-3.182813798
135.86,-64.99637933,0.05295508683,0.595994129,0.3177323999,0,-1.221322753,4.404136552,-3.182813798
135.87,-64.99637933,0.05295508683,0.595994129,0.3177323999,0,-1.221322753,4.404136552,-3.182813798
135.88,-64.99637933,0.05295508683,0.595994129,0.3177323999,0,-1.221322753,4.404136552,-3.182813798
135.89,-64.99637933,0.05295508683,0.595994129,0.3177323999,0,-1.221322753,4.404136552,-3.182813798
135.9,-64.99637933,0.05295508683,0.595994129,0.3177323999,0,-1.221322753,4.404136552,-3.182813798
135.91,-64.99637933,0.05295508683,0.595994129,0.3177323999,0,-1.221322753,4.404136552,-3.182813798
135.92,-64.99637933,0.05295508683,0.595994129,0.3177323999,0,-1.221322753,4.404136552,-3.182813798
135.93,-64.99637933,0.05295508683,0.595994129,0.3177323999,0,-1.221322753,4.404136552,-3.182813798
135.94,-64.99637933,0.05295508683,0.595994129,0.3177323999,0,-1.221322753,4.404136552,-3.182813798
135.95,-64.99637933,0.05295508683,0.595994129,0.3177323999,0,-1.221322753,4.404136552,-3.182813798
135.96,-64.99637933,0.05295508683,0.595994129,0.3177323999,0,-1.221322753,4.404136552,-3.182813798
135.97,-64.99637933,0.05295508683,0.595994129,0.3177323999,0,-1.221322753,4.404136552,-3.182813798
135.98,-64.99637933,0.05295508683,0.595994129,0.3177323999,0,-1.221322753,4.404136552,-3.182813798
135.99,-64.99637933,0.05295508683,0.595994129,0.3177323999,0,-1.221322753,4.404136552,-3.182813798
136,-64.99637933,0.05295508683,0.595994129,0.3177323999,0,-1.221322753,4.404136552,-3.182813798
136.01,-64.99637933,0.05295508683,0.595994129,0.3177323999,0,-1.221322753,4.404136552,-3.182813798
136.02,-64.99637933,0.05295508683,0.595994129,0.3177323999,0,-1.221322753,4.404136552,-3.182813798
136.03,-64.99637933,0.05295508683,0.5959941289,0.3177323999,0,-1.221322753,4.404136552,-3.182813798
136.04,-64.99637933,0.05295508683,0.5959941289,0.3177323999,0,-1.221322753,4.404136552,-3.182813798
136.05,-64.99637933,0.05295508683,0.5959941289,0.3177323999,0,-1.221322753,4.404136552,-3.182813798
136.06,-64.99637933,0.05295508683,0.5959941289,0.3177323999,0,-1.221322753,4.404136552,-3.182813798
136.07,-64.99637933,0.05295508683,0.5959941289,0.3177323999,0,-1.221322753,4.404136552,-3.182813798
136.08,-64.99637933,0.05295508683,0.5959941289,0.3177323999,0,-1.221322753,4.404136552,-3.182813798
136.09,-64.99637933,0.05295508683,0.5959941289,0.3177323999,0,-1.221322753,4.404136552,-3.182813798
136.1,-64.99637933,0.05295508683,0.5959941289,0.3177323999,0,-1.221322753,4.404136552,-3.182813798
136.11,-64.99637933,0.05295508683,0.5959941289,0.3177323999,0,-1.221322753,4.404136552,-3.182813798
136.12,-64.99637933,0.05295508683,0.5959941289,0.3177323999,0,-1.221322753,4.404136552,-3.182813798
136.13,-64.99637933,0.05295508683,0.5959941289,0.3177323999,0,-1.221322753,4.404136551,-3.182813798
136.14,-64.99637933,0.05295508683,0.5959941289,0.3177323999,0,-1.221322753,4.404136551,-3.182813798
136.15,-64.99637933,0.05295508683,0.5959941289,0.3177323999,0,-1.221322753,4.404136551,-3.182813798
136.16,-64.99637933,0.05295508683,0.5959941289,0.3177323999,0,-1.221322753,4.404136551,-3.182813798
136.17,-64.99637933,0.05295508683,0.5959941289,0.3177323999,0,-1.221322753,4.404136551,-3.182813798
136.18,-64.99637933,0.05295508683,0.5959941289,0.3177323999,0,-1.221322753,4.404136551,-3.182813798
136.19,-64.99637933,0.05295508683,0.5959941289,0.3177323999,0,-1.221322753,4.404136551,-3.182813798
136.2,-64.99637933,0.05295508683,0.5959941289,0.3177323999,0,-1.221322753,4.404136551,-3.182813798
136.21,-64.99637933,0.05295508683,0.5959941289,0.3177323999,0,-1.221322753,4.404136551,-3.182813798
136.22,-64.99637933,0.05295508683,0.5959941289,0.3177323999,0,-1.221322753,4.404136551,-3.182813798
136.23,-64.99637933,0.05295508683,0.5959941288,0.3177323999,0,-1.221322753,4.404136551,-3.182813798
136.24,-64.99637933,0.05295508683,0.5959941288,0.3177323999,0,-1.221322753,4.404136551,-3.182813798
136.25,-64.99637933,0.05295508683,0.5959941288,0.3177323999,0,-1.221322753,4.404136551,-3.182813798
136.26,-64.99637933,0.05295508683,0.5959941288,0.3177323999,0,-1.221322753,4.404136551,-3.182813798
136.27,-64.99637933,0.05295508683,0.5959941288,0.3177323999,0,-1.221322753,4.404136551,-3.182813798
136.28,-64.99637933,0.05295508683,0.5959941288,0.3177323999,0,-1.221322753,4.404136551,-3.182813798
136.29,-64.99637933,0.05295508683,0.5959941288,0.3177323999,0,-1.221322753,4.404136551,-3.182813798
136.3,-64.99637933,0.05295508683,0.5959941288,0.3177323999,0,-1.221322753,4.404136551,-3.182813798
136.31,-64.99637933,0.05295508683,0.5959941288,0.3177323999,0,-1.221322753,4.404136551,-3.182813798
136.32,-64.99637933,0.05295508683,0.5959941288,0.3177323999,0,-1.221322753,4.404136551,-3.182813798
136.33,-64.99637933,0.05295508683,0.5959941288,0.3177323999,0,-1.221322753,4.404136551,-3.182813798
136.34,-64.99637933,0.05295508683,0.5959941288,0.3177323999,0,-1.221322753,4.404136551,-3.182813798
136.35,-64.99637933,0.05295508683,0.5959941288,0.3177323999,0,-1.221322752,4.404136551,-3.182813798
136.36,-64.99637933,0.05295508683,0.5959941288,0.3177323999,0,-1.221322752,4.404136551,-3.182813798
136.37,-64.99637933,0.05295508683,0.5959941288,0.3177323999,0,-1.221322752,4.404136551,-3.182813798
136.38,-64.99637933,0.05295508683,0.5959941288,0.3177323999,0,-1.221322752,4.404136551,-3.182813798
136.39,-64.99637933,0.05295508683,0.5959941288,0.3177323999,0,-1.221322752,4.404136551,-3.182813798
136.4,-64.99637933,0.05295508683,0.5959941288,0.3177323999,0,-1.221322752,4.404136551,-3.182813798
136.41,-64.99637933,0.05295508683,0.5959941288,0.3177323999,0,-1.221322752,4.404136551,-3.182813798
136.42,-64.99637933,0.05295508683,0.5959941288,0.3177323999,0,-1.221322752,4.404136551,-3.182813798
136.43,-64.99637933,0.05295508683,0.5959941287,0.3177323999,0,-1.221322752,4.404136551,-3.182813798
136.44,-64.99637933,0.05295508683,0.5959941287,0.3177323999,0,-1.221322752,4.404136551,-3.182813798
136.45,-64.99637933,0.05295508683,0.5959941287,0.3177323999,0,-1.221322752,4.404136551,-3.182813798
136.46,-64.99637933,0.05295508683,0.5959941287,0.3177323999,0,-1.221322752,4.404136551,-3.182813798
136.47,-64.99637933,0.05295508683,0.5959941287,0.3177323999,0,-1.221322752,4.404136551,-3.182813798
136.48,-64.99637933,0.05295508683,0.5959941287,0.3177323999,0,-1.221322752,4.404136551,-3.182813798
136.49,-64.99637933,0.05295508683,0.5959941287,0.3177323999,0,-1.221322752,4.404136551,-3.182813798
136.5,-64.99637933,0.05295508683,0.5959941287,0.3177323999,0,-1.221322752,4.404136551,-3.182813798
136.51,-64.99637933,0.05295508683,0.5959941287,0.3177323999,0,-1.221322752,4.404136551,-3.182813798
136.52,-64.99637933,0.05295508683,0.5959941287,0.3177323999,0,-1.221322752,4.404136551,-3.182813798
136.53,-64.99637933,0.05295508683,0.5959941287,0.3177323999,0,-1.221322752,4.404136551,-3.182813798
136.54,-64.99637933,0.05295508683,0.5959941287,0.3177323999,0,-1.221322752,4.404136551,-3.182813798
136.55,-64.99637933,0.05295508683,0.5959941287,0.3177323999,0,-1.221322752,4.404136551,-3.182813798
136.56,-64.99637933,0.05295508683,0.5959941287,0.3177323999,0,-1.221322752,4.404136551,-3.182813798
136.57,-64.99637933,0.05295508683,0.5959941287,0.3177323999,0,-1.221322752,4.404136551,-3.182813798
136.58,-64.99637933,0.05295508683,0.5959941287,0.3177323999,0,-1.221322752,4.404136551,-3.182813798
136.59,-64.99637933,0.05295508683,0.5959941287,0.3177323999,0,-1.221322752,4.404136551,-3.182813798
136.6,-64.99637933,0.05295508683,0.5959941287,0.3177323999,0,-1.221322752,4.404136551,-3.182813798
136.61,-64.99637933,0.05295508683,0.5959941287,0.3177323999,0,-1.221322752,4.404136551,-3.182813798
136.62,-64.99637933,0.05295508683,0.5959941287,0.3177323999,0,-1.221322752,4.404136551,-3.182813798
136.63,-64.99637933,0.05295508683,0.5959941287,0.3177323999,0,-1.221322752,4.404136551,-3.182813798
136.64,-64.99637933,0.05295508683,0.5959941286,0.3177323999,0,-1.221322752,4.404136551,-3.182813798
136.65,-64.99637933,0.05295508683,0.5959941286,0.3177323999,0,-1.221322752,4.404136551,-3.182813798
136.66,-64.99637933,0.05295508683,0.5959941286,0.3177323999,0,-1.221322752,4.404136551,-3.182813798
136.67,-64.99637933,0.05295508683,0.5959941286,0.3177323999,0,-1.221322752,4.404136551,-3.182813798
136.68,-64.99637933,0.05295508683,0.5959941286,0.3177323999,0,-1.221322752,4.404136551,-3.182813798
136.69,-64.99637933,0.05295508683,0.5959941286,0.3177323999,0,-1.221322752,4.404136551,-3.182813798
136.7,-64.99637933,0.05295508683,0.5959941286,0.3177323999,0,-1.221322752,4.404136551,-3.182813798
136.71,-64.99637933,0.05295508683,0.5959941286,0.3177323999,0,-1.221322752,4.404136551,-3.182813798
136.72,-64.99637933,0.05295508683,0.5959941286,0.3177323999,0,-1.221322752,4.404136551,-3.182813798
136.73,-64.99637933,0.05295508683,0.5959941286,0.3177323999,0,-1.221322752,4.404136551,-3.182813798
136.74,-64.99637933,0.05295508683,0.5959941286,0.3177323999,0,-1.221322752,4.404136551,-3.182813798
136.75,-64.99637933,0.05295508683,0.5959941286,0.3177323999,0,-1.221322752,4.404136551,-3.182813798
136.76,-64.99637933,0.05295508683,0.5959941286,0.3177323999,0,-1.221322752,4.404136551,-3.182813798
136.77,-64.99637933,0.05295508683,0.5959941286,0.3177323999,0,-1.221322752,4.404136551,-3.182813798
136.78,-64.99637933,0.05295508683,0.5959941286,0.3177323999,0,-1.221322752,4.404136551,-3.182813798
136.79,-64.99637933,0.05295508683,0.5959941286,0.3177323999,0,-1.221322752,4.404136551,-3.182813798
136.8,-64.99637933,0.05295508683,0.5959941286,0.3177323999,0,-1.221322752,4.404136551,-3.182813798
136.81,-64.99637933,0.05295508683,0.5959941286,0.3177323999,0,-1.221322752,4.404136551,-3.182813798
136.82,-64.99637933,0.05295508683,0.5959941286,0.3177323999,0,-1.221322752,4.404136551,-3.182813798
136.83,-64.99637933,0.05295508683,0.5959941286,0.3177323999,0,-1.221322752,4.404136551,-3.182813798
136.84,-64.99637933,0.05295508683,0.5959941286,0.3177323999,0,-1.221322752,4.404136551,-3.182813798
136.85,-64.99637933,0.05295508683,0.5959941286,0.3177323999,0,-1.221322752,4.404136551,-3.182813798
136.86,-64.99637933,0.05295508683,0.5959941285,0.3177323999,0,-1.221322752,4.404136551,-3.182813798
136.87,-64.99637933,0.05295508683,0.5959941285,0.3177323999,0,-1.221322752,4.404136551,-3.182813798
136.88,-64.99637933,0.05295508683,0.5959941285,0.3177323999,0,-1.221322752,4.404136551,-3.182813798
136.89,-64.99637933,0.05295508683,0.5959941285,0.3177323999,0,-1.221322752,4.404136551,-3.182813798
136.9,-64.99637933,0.05295508683,0.5959941285,0.3177323999,0,-1.221322752,4.404136551,-3.182813798
136.91,-64.99637933,0.05295508683,0.5959941285,0.3177323999,0,-1.221322752,4.404136551,-3.182813798
136.92,-64.99637933,0.05295508683,0.5959941285,0.3177323999,0,-1.221322752,4.404136551,-3.182813798
136.93,-64.99637933,0.05295508683,0.5959941285,0.3177323999,0,-1.221322752,4.404136551,-3.182813798
136.94,-64.99637933,0.05295508683,0.5959941285,0.3177323999,0,-1.221322752,4.404136551,-3.182813798
136.95,-64.99637933,0.05295508683,0.5959941285,0.3177323999,0,-1.221322752,4.404136551,-3.182813798
136.96,-64.99637933,0.05295508683,0.5959941285,0.3177323999,0,-1.221322752,4.404136551,-3.182813798
136.97,-64.99637933,0.05295508683,0.5959941285,0.3177323999,0,-1.221322752,4.404136551,-3.182813798
136.98,-64.99637933,0.05295508683,0.5959941285,0.3177323999,0,-1.221322752,4.404136551,-3.182813798
136.99,-64.99637933,0.05295508683,0.5959941285,0.3177323999,0,-1.221322752,4.404136551,-3.182813798
137,-64.99637933,0.05295508683,0.5959941285,0.3177323999,0,-1.221322752,4.404136551,-3.182813798
137.01,-64.99637933,0.05295508683,0.5959941285,0.3177323999,0,-1.221322752,4.404136551,-3.182813798
137.02,-64.99637933,0.05295508683,0.5959941285,0.3177323999,0,-1.221322752,4.404136551,-3.182813798
137.03,-64.99637933,0.05295508683,0.5959941285,0.3177323999,0,-1.221322752,4.404136551,-3.182813798
137.04,-64.99637933,0.05295508683,0.5959941285,0.3177323999,0,-1.221322752,4.404136551,-3.182813798
137.05,-64.99637933,0.05295508683,0.5959941285,0.3177323999,0,-1.221322752,4.404136551,-3.182813798
137.06,-64.99637933,0.05295508683,0.5959941285,0.3177323999,0,-1.221322752,4.404136551,-3.182813798
137.07,-64.99637933,0.05295508683,0.5959941285,0.3177323999,0,-1.221322752,4.404136551,-3.182813798
137.08,-64.99637933,0.05295508683,0.5959941284,0.3177323999,0,-1.221322752,4.40413655,-3.182813798
137.09,-64.99637933,0.05295508683,0.5959941284,0.3177323999,0,-1.221322752,4.40413655,-3.182813798
137.1,-64.99637933,0.05295508683,0.5959941284,0.3177323999,0,-1.221322752,4.40413655,-3.182813798
137.11,-64.99637933,0.05295508683,0.5959941284,0.3177323999,0,-1.221322752,4.40413655,-3.182813798
137.12,-64.99637933,0.05295508683,0.5959941284,0.3177323999,0,-1.221322752,4.40413655,-3.182813798
137.13,-64.99637933,0.05295508683,0.5959941284,0.3177323999,0,-1.221322752,4.40413655,-3.182813798
137.14,-64.99637933,0.05295508683,0.5959941284,0.3177323999,0,-1.221322752,4.40413655,-3.182813798
137.15,-64.99637933,0.05295508683,0.5959941284,0.3177323999,0,-1.221322752,4.40413655,-3.182813798
137.16,-64.99637933,0.05295508683,0.5959941284,0.3177323999,0,-1.221322752,4.40413655,-3.182813798
137.17,-64.99637933,0.05295508683,0.5959941284,0.3177323999,0,-1.221322752,4.40413655,-3.182813798
137.18,-64.99637933,0.05295508683,0.5959941284,0.3177323999,0,-1.221322752,4.40413655,-3.182813798
137.19,-64.99637933,0.05295508683,0.5959941284,0.3177323999,0,-1.221322752,4.40413655,-3.182813798
137.2,-64.99637933,0.05295508683,0.5959941284,0.3177323999,0,-1.221322752,4.40413655,-3.182813798
137.21,-64.99637933,0.05295508683,0.5959941284,0.3177323999,0,-1.221322752,4.40413655,-3.182813798
137.22,-64.99637933,0.05295508683,0.5959941284,0.3177323999,0,-1.221322752,4.40413655,-3.182813798
137.23,-64.99637933,0.05295508683,0.5959941284,0.3177323999,0,-1.221322752,4.40413655,-3.182813798
137.24,-64.99637933,0.05295508683,0.5959941284,0.3177323999,0,-1.221322752,4.40413655,-3.182813798
137.25,-64.99637933,0.05295508683,0.5959941284,0.3177323999,0,-1.221322752,4.40413655,-3.182813798
137.26,-64.99637933,0.05295508683,0.5959941284,0.3177323999,0,-1.221322752,4.40413655,-3.182813798
137.27,-64.99637933,0.05295508683,0.5959941284,0.3177323999,0,-1.221322751,4.40413655,-3.182813798
137.28,-64.99637933,0.05295508683,0.5959941284,0.3177323999,0,-1.221322751,4.40413655,-3.182813798
137.29,-64.99637933,0.05295508683,0.5959941284,0.3177323999,0,-1.221322751,4.40413655,-3.182813798
137.3,-64.99637933,0.05295508683,0.5959941283,0.3177323999,0,-1.221322751,4.40413655,-3.182813799
137.31,-64.99637933,0.05295508683,0.5959941283,0.3177323999,0,-1.221322751,4.40413655,-3.182813799
137.32,-64.99637933,0.05295508683,0.5959941283,0.3177323999,0,-1.221322751,4.40413655,-3.182813799
137.33,-64.99637933,0.05295508683,0.5959941283,0.3177323999,0,-1.221322751,4.40413655,-3.182813799
137.34,-64.99637933,0.05295508683,0.5959941283,0.3177323999,0,-1.221322751,4.40413655,-3.182813799
137.35,-64.99637933,0.05295508683,0.5959941283,0.3177323999,0,-1.221322751,4.40413655,-3.182813799
137.36,-64.99637933,0.05295508683,0.5959941283,0.3177323999,0,-1.221322751,4.40413655,-3.182813799
137.37,-64.99637933,0.05295508683,0.5959941283,0.3177323999,0,-1.221322751,4.40413655,-3.182813799
137.38,-64.99637933,0.05295508683,0.5959941283,0.3177323999,0,-1.221322751,4.40413655,-3.182813799
137.39,-64.99637933,0.05295508683,0.5959941283,0.3177323999,0,-1.221322751,4.40413655,-3.182813799
137.4,-64.99637933,0.05295508683,0.5959941283,0.3177323999,0,-1.221322751,4.40413655,-3.182813799
137.41,-64.99637933,0.05295508683,0.5959941283,0.3177323999,0,-1.221322751,4.40413655,-3.182813799
137.42,-64.99637933,0.05295508683,0.5959941283,0.3177323999,0,-1.221322751,4.40413655,-3.182813799
137.43,-64.99637933,0.05295508683,0.5959941283,0.3177323999,0,-1.221322751,4.40413655,-3.182813799
137.44,-64.99637933,0.05295508683,0.5959941283,0.3177323999,0,-1.221322751,4.40413655,-3.182813799
137.45,-64.99637933,0.05295508683,0.5959941283,0.3177323999,0,-1.221322751,4.40413655,-3.182813799
137.46,-64.99637933,0.05295508683,0.5959941283,0.3177323999,0,-1.221322751,4.40413655,-3.182813799
137.47,-64.99637933,0.05295508683,0.5959941283,0.3177323999,0,-1.221322751,4.40413655,-3.182813799
137.48,-64.99637933,0.05295508683,0.5959941283,0.3177323999,0,-1.221322751,4.40413655,-3.182813799
137.49,-64.99637933,0.05295508683,0.5959941283,0.3177323999,0,-1.221322751,4.40413655,-3.182813799
137.5,-64.99637933,0.05295508683,0.5959941283,0.3177323999,0,-1.221322751,4.40413655,-3.182813799
137.51,-64.99637933,0.05295508683,0.5959941283,0.3177323999,0,-1.221322751,4.40413655,-3.182813799
137.52,-64.99637933,0.05295508683,0.5959941283,0.3177323999,0,-1.221322751,4.40413655,-3.182813799
137.53,-64.99637933,0.05295508683,0.5959941282,0.3177323999,0,-1.221322751,4.40413655,-3.182813799
137.54,-64.99637933,0.05295508683,0.5959941282,0.3177323999,0,-1.221322751,4.40413655,-3.182813799
137.55,-64.99637933,0.05295508683,0.5959941282,0.3177323999,0,-1.221322751,4.40413655,-3.182813799
137.56,-64.99637933,0.05295508683,0.5959941282,0.3177323999,0,-1.221322751,4.40413655,-3.182813799
137.57,-64.99637933,0.05295508683,0.5959941282,0.3177323999,0,-1.221322751,4.40413655,-3.182813799
137.58,-64.99637933,0.05295508683,0.5959941282,0.3177323999,0,-1.221322751,4.40413655,-3.182813799
137.59,-64.99637933,0.05295508683,0.5959941282,0.3177323999,0,-1.221322751,4.40413655,-3.182813799
137.6,-64.99637933,0.05295508683,0.5959941282,0.3177323999,0,-1.221322751,4.40413655,-3.182813799
137.61,-64.99637933,0.05295508683,0.5959941282,0.3177323999,0,-1.221322751,4.40413655,-3.182813799
137.62,-64.99637933,0.05295508683,0.5959941282,0.3177323999,0,-1.221322751,4.40413655,-3.182813799
137.63,-64.99637933,0.05295508683,0.5959941282,0.3177323999,0,-1.221322751,4.40413655,-3.182813799
137.64,-64.99637933,0.05295508683,0.5959941282,0.3177323999,0,-1.221322751,4.40413655,-3.182813799
137.65,-64.99637933,0.05295508683,0.5959941282,0.3177323999,0,-1.221322751,4.40413655,-3.182813799
137.66,-64.99637933,0.05295508683,0.5959941282,0.3177323999,0,-1.221322751,4.40413655,-3.182813799
137.67,-64.99637933,0.05295508683,0.5959941282,0.3177323999,0,-1.221322751,4.40413655,-3.182813799
137.68,-64.99637933,0.05295508683,0.5959941282,0.3177323999,0,-1.221322751,4.40413655,-3.182813799
137.69,-64.99637933,0.05295508683,0.5959941282,0.3177323999,0,-1.221322751,4.40413655,-3.182813799
137.7,-64.99637933,0.05295508683,0.5959941282,0.3177323999,0,-1.221322751,4.40413655,-3.182813799
137.71,-64.99637933,0.05295508683,0.5959941282,0.3177323999,0,-1.221322751,4.40413655,-3.182813799
137.72,-64.99637933,0.05295508683,0.5959941282,0.3177323999,0,-1.221322751,4.40413655,-3.182813799
137.73,-64.99637933,0.05295508683,0.5959941282,0.3177323999,0,-1.221322751,4.40413655,-3.182813799
137.74,-64.99637933,0.05295508683,0.5959941282,0.3177323999,0,-1.221322751,4.40413655,-3.182813799
137.75,-64.99637933,0.05295508683,0.5959941282,0.3177323999,0,-1.221322751,4.40413655,-3.182813799
137.76,-64.99637933,0.05295508683,0.5959941282,0.3177323999,0,-1.221322751,4.40413655,-3.182813799
137.77,-64.99637933,0.05295508683,0.5959941281,0.3177323999,0,-1.221322751,4.40413655,-3.182813799
137.78,-64.99637933,0.05295508683,0.5959941281,0.3177323999,0,-1.221322751,4.40413655,-3.182813799
137.79,-64.99637933,0.05295508683,0.5959941281,0.3177323999,0,-1.221322751,4.40413655,-3.182813799
137.8,-64.99637933,0.05295508683,0.5959941281,0.3177323999,0,-1.221322751,4.40413655,-3.182813799
137.81,-64.99637933,0.05295508683,0.5959941281,0.3177323999,0,-1.221322751,4.40413655,-3.182813799
137.82,-64.99637933,0.05295508683,0.5959941281,0.3177323999,0,-1.221322751,4.40413655,-3.182813799
137.83,-64.99637933,0.05295508683,0.5959941281,0.3177323999,0,-1.221322751,4.40413655,-3.182813799
137.84,-64.99637933,0.05295508683,0.5959941281,0.3177323999,0,-1.221322751,4.40413655,-3.182813799
137.85,-64.99637933,0.05295508683,0.5959941281,0.3177323999,0,-1.221322751,4.40413655,-3.182813799
137.86,-64.99637933,0.05295508683,0.5959941281,0.3177323999,0,-1.221322751,4.40413655,-3.182813799
137.87,-64.99637933,0.05295508683,0.5959941281,0.3177323999,0,-1.221322751,4.40413655,-3.182813799
137.88,-64.99637933,0.05295508683,0.5959941281,0.3177323999,0,-1.221322751,4.40413655,-3.182813799
137.89,-64.99637933,0.05295508683,0.5959941281,0.3177323999,0,-1.221322751,4.40413655,-3.182813799
137.9,-64.99637933,0.05295508683,0.5959941281,0.3177323999,0,-1.221322751,4.40413655,-3.182813799
137.91,-64.99637933,0.05295508683,0.5959941281,0.3177323999,0,-1.221322751,4.40413655,-3.182813799
137.92,-64.99637933,0.05295508683,0.5959941281,0.3177323999,0,-1.221322751,4.40413655,-3.182813799
137.93,-64.99637933,0.05295508683,0.5959941281,0.3177323999,0,-1.221322751,4.40413655,-3.182813799
137.94,-64.99637933,0.05295508683,0.5959941281,0.3177323999,0,-1.221322751,4.40413655,-3.182813799
137.95,-64.99637933,0.05295508683,0.5959941281,0.3177323999,0,-1.221322751,4.40413655,-3.182813799
137.96,-64.99637933,0.05295508683,0.5959941281,0.3177323999,0,-1.221322751,4.40413655,-3.182813799
137.97,-64.99637933,0.05295508683,0.5959941281,0.3177323999,0,-1.221322751,4.40413655,-3.182813799
137.98,-64.99637933,0.05295508683,0.5959941281,0.3177323999,0,-1.221322751,4.40413655,-3.182813799
137.99,-64.99637933,0.05295508683,0.5959941281,0.3177323999,0,-1.221322751,4.40413655,-3.182813799
138,-64.99637933,0.05295508683,0.5959941281,0.3177323999,0,-1.221322751,4.40413655,-3.182813799
138.01,-64.99637933,0.05295508683,0.5959941281,0.3177323999,0,-1.221322751,4.40413655,-3.182813799
138.02,-64.99637933,0.05295508683,0.595994128,0.3177323999,0,-1.221322751,4.40413655,-3.182813799
138.03,-64.99637933,0.05295508683,0.595994128,0.3177323999,0,-1.221322751,4.40413655,-3.182813799
138.04,-64.99637933,0.05295508683,0.595994128,0.3177323999,0,-1.221322751,4.40413655,-3.182813799
138.05,-64.99637933,0.05295508683,0.595994128,0.3177323999,0,-1.221322751,4.40413655,-3.182813799
138.06,-64.99637933,0.05295508683,0.595994128,0.3177323999,0,-1.221322751,4.40413655,-3.182813799
138.07,-64.99637933,0.05295508683,0.595994128,0.3177323999,0,-1.221322751,4.40413655,-3.182813799
138.08,-64.99637933,0.05295508683,0.595994128,0.3177323999,0,-1.221322751,4.40413655,-3.182813799
138.09,-64.99637933,0.05295508683,0.595994128,0.3177323999,0,-1.221322751,4.40413655,-3.182813799
138.1,-64.99637933,0.05295508683,0.595994128,0.3177323999,0,-1.221322751,4.40413655,-3.182813799
138.11,-64.99637933,0.05295508683,0.595994128,0.3177323999,0,-1.221322751,4.40413655,-3.182813799
138.12,-64.99637933,0.05295508683,0.595994128,0.3177323999,0,-1.221322751,4.40413655,-3.182813799
138.13,-64.99637933,0.05295508683,0.595994128,0.3177323999,0,-1.221322751,4.40413655,-3.182813799
138.14,-64.99637933,0.05295508683,0.595994128,0.3177323999,0,-1.221322751,4.40413655,-3.182813799
138.15,-64.99637933,0.05295508683,0.595994128,0.3177323999,0,-1.221322751,4.40413655,-3.182813799
138.16,-64.99637933,0.05295508683,0.595994128,0.3177323999,0,-1.221322751,4.404136549,-3.182813799
138.17,-64.99637933,0.05295508683,0.595994128,0.3177323999,0,-1.221322751,4.404136549,-3.182813799
138.18,-64.99637933,0.05295508683,0.595994128,0.3177323999,0,-1.221322751,4.404136549,-3.182813799
138.19,-64.99637933,0.05295508683,0.595994128,0.3177323999,0,-1.221322751,4.404136549,-3.182813799
138.2,-64.99637933,0.05295508683,0.595994128,0.3177323999,0,-1.221322751,4.404136549,-3.182813799
138.21,-64.99637933,0.05295508683,0.595994128,0.3177323999,0,-1.221322751,4.404136549,-3.182813799
138.22,-64.99637933,0.05295508683,0.595994128,0.3177323999,0,-1.221322751,4.404136549,-3.182813799
138.23,-64.99637933,0.05295508683,0.595994128,0.3177323999,0,-1.221322751,4.404136549,-3.182813799
138.24,-64.99637933,0.05295508683,0.595994128,0.3177323999,0,-1.221322751,4.404136549,-3.182813799
138.25,-64.99637933,0.05295508683,0.595994128,0.3177323999,0,-1.221322751,4.404136549,-3.182813799
138.26,-64.99637933,0.05295508683,0.595994128,0.3177323999,0,-1.221322751,4.404136549,-3.182813799
138.27,-64.99637933,0.05295508683,0.5959941279,0.3177323999,0,-1.221322751,4.404136549,-3.182813799
138.28,-64.99637933,0.05295508683,0.5959941279,0.3177323999,0,-1.221322751,4.404136549,-3.182813799
138.29,-64.99637933,0.05295508683,0.5959941279,0.3177323999,0,-1.221322751,4.404136549,-3.182813799
138.3,-64.99637933,0.05295508683,0.5959941279,0.3177323999,0,-1.22132275,4.404136549,-3.182813799
138.31,-64.99637933,0.05295508683,0.5959941279,0.3177323999,0,-1.22132275,4.404136549,-3.182813799
138.32,-64.99637933,0.05295508683,0.5959941279,0.3177323999,0,-1.22132275,4.404136549,-3.182813799
138.33,-64.99637933,0.05295508683,0.5959941279,0.3177323999,0,-1.22132275,4.404136549,-3.182813799
138.34,-64.99637933,0.05295508683,0.5959941279,0.3177323999,0,-1.22132275,4.404136549,-3.182813799
138.35,-64.99637933,0.05295508683,0.5959941279,0.3177323999,0,-1.22132275,4.404136549,-3.182813799
138.36,-64.99637933,0.05295508683,0.5959941279,0.3177323999,0,-1.22132275,4.404136549,-3.182813799
138.37,-64.99637933,0.05295508683,0.5959941279,0.3177323999,0,-1.22132275,4.404136549,-3.182813799
138.38,-64.99637933,0.05295508683,0.5959941279,0.3177323999,0,-1.22132275,4.404136549,-3.182813799
138.39,-64.99637933,0.05295508683,0.5959941279,0.3177323999,0,-1.22132275,4.404136549,-3.182813799
138.4,-64.99637933,0.05295508683,0.5959941279,0.3177323999,0,-1.22132275,4.404136549,-3.182813799
138.41,-64.99637933,0.05295508683,0.5959941279,0.3177323999,0,-1.22132275,4.404136549,-3.182813799
138.42,-64.99637933,0.05295508683,0.5959941279,0.3177323999,0,-1.22132275,4.404136549,-3.182813799
138.43,-64.99637933,0.05295508683,0.5959941279,0.3177323999,0,-1.22132275,4.404136549,-3.182813799
138.44,-64.99637933,0.05295508683,0.5959941279,0.3177323999,0,-1.22132275,4.404136549,-3.182813799
138.45,-64.99637933,0.05295508683,0.5959941279,0.3177323999,0,-1.22132275,4.404136549,-3.182813799
138.46,-64.99637933,0.05295508683,0.5959941279,0.3177323999,0,-1.22132275,4.404136549,-3.182813799
138.47,-64.99637933,0.05295508683,0.5959941279,0.3177323999,0,-1.22132275,4.404136549,-3.182813799
138.48,-64.99637933,0.05295508683,0.5959941279,0.3177323999,0,-1.22132275,4.404136549,-3.182813799
138.49,-64.99637933,0.05295508683,0.5959941279,0.3177323999,0,-1.22132275,4.404136549,-3.182813799
138.5,-64.99637933,0.05295508683,0.5959941279,0.3177323999,0,-1.22132275,4.404136549,-3.182813799
138.51,-64.99637933,0.05295508683,0.5959941279,0.3177323999,0,-1.22132275,4.404136549,-3.182813799
138.52,-64.99637933,0.05295508683,0.5959941279,0.3177323999,0,-1.22132275,4.404136549,-3.182813799
138.53,-64.99637933,0.05295508683,0.5959941279,0.3177323999,0,-1.22132275,4.404136549,-3.182813799
138.54,-64.99637933,0.05295508683,0.5959941278,0.3177323999,0,-1.22132275,4.404136549,-3.182813799
138.55,-64.99637933,0.05295508683,0.5959941278,0.3177323999,0,-1.22132275,4.404136549,-3.182813799
138.56,-64.99637933,0.05295508683,0.5959941278,0.3177323999,0,-1.22132275,4.404136549,-3.182813799
138.57,-64.99637933,0.05295508683,0.5959941278,0.3177323999,0,-1.22132275,4.404136549,-3.182813799
138.58,-64.99637933,0.05295508683,0.5959941278,0.3177323999,0,-1.22132275,4.404136549,-3.182813799
138.59,-64.99637933,0.05295508683,0.5959941278,0.3177323999,0,-1.22132275,4.404136549,-3.182813799
138.6,-64.99637933,0.05295508683,0.5959941278,0.3177323999,0,-1.22132275,4.404136549,-3.182813799
138.61,-64.99637933,0.05295508683,0.5959941278,0.3177323999,0,-1.22132275,4.404136549,-3.182813799
138.62,-64.99637933,0.05295508683,0.5959941278,0.3177323999,0,-1.22132275,4.404136549,-3.182813799
138.63,-64.99637933,0.05295508683,0.5959941278,0.3177323999,0,-1.22132275,4.404136549,-3.182813799
138.64,-64.99637933,0.05295508683,0.5959941278,0.3177323999,0,-1.22132275,4.404136549,-3.182813799
138.65,-64.99637933,0.05295508683,0.5959941278,0.3177323999,0,-1.22132275,4.404136549,-3.182813799
138.66,-64.99637933,0.05295508683,0.5959941278,0.3177323999,0,-1.22132275,4.404136549,-3.182813799
138.67,-64.99637933,0.05295508683,0.5959941278,0.3177323999,0,-1.22132275,4.404136549,-3.182813799
138.68,-64.99637933,0.05295508683,0.5959941278,0.3177323999,0,-1.22132275,4.404136549,-3.182813799
138.69,-64.99637933,0.05295508683,0.5959941278,0.3177323999,0,-1.22132275,4.404136549,-3.182813799
138.7,-64.99637933,0.05295508683,0.5959941278,0.3177323999,0,-1.22132275,4.404136549,-3.182813799
138.71,-64.99637933,0.05295508683,0.5959941278,0.3177323999,0,-1.22132275,4.404136549,-3.182813799
138.72,-64.99637933,0.05295508683,0.5959941278,0.3177323999,0,-1.22132275,4.404136549,-3.182813799
138.73,-64.99637933,0.05295508683,0.5959941278,0.3177323999,0,-1.22132275,4.404136549,-3.182813799
138.74,-64.99637933,0.05295508683,0.5959941278,0.3177323999,0,-1.22132275,4.404136549,-3.182813799
138.75,-64.99637933,0.05295508683,0.5959941278,0.3177323999,0,-1.22132275,4.404136549,-3.182813799
138.76,-64.99637933,0.05295508683,0.5959941278,0.3177323999,0,-1.22132275,4.404136549,-3.182813799
138.77,-64.99637933,0.05295508683,0.5959941278,0.3177323999,0,-1.22132275,4.404136549,-3.182813799
138.78,-64.99637933,0.05295508683,0.5959941278,0.3177323999,0,-1.22132275,4.404136549,-3.182813799
138.79,-64.99637933,0.05295508683,0.5959941278,0.3177323999,0,-1.22132275,4.404136549,-3.182813799
138.8,-64.99637933,0.05295508683,0.5959941278,0.3177323999,0,-1.22132275,4.404136549,-3.182813799
138.81,-64.99637933,0.05295508683,0.5959941277,0.3177323999,0,-1.22132275,4.404136549,-3.182813799
138.82,-64.99637933,0.05295508683,0.5959941277,0.3177323999,0,-1.22132275,4.404136549,-3.182813799
138.83,-64.99637933,0.05295508683,0.5959941277,0.3177323999,0,-1.22132275,4.404136549,-3.182813799
138.84,-64.99637933,0.05295508683,0.5959941277,0.3177323999,0,-1.22132275,4.404136549,-3.182813799
138.85,-64.99637933,0.05295508683,0.5959941277,0.3177323999,0,-1.22132275,4.404136549,-3.182813799
138.86,-64.99637933,0.05295508683,0.5959941277,0.3177323999,0,-1.22132275,4.404136549,-3.182813799
138.87,-64.99637933,0.05295508683,0.5959941277,0.3177323999,0,-1.22132275,4.404136549,-3.182813799
138.88,-64.99637933,0.05295508683,0.5959941277,0.3177323999,0,-1.22132275,4.404136549,-3.182813799
138.89,-64.99637933,0.05295508683,0.5959941277,0.3177323999,0,-1.22132275,4.404136549,-3.182813799
138.9,-64.99637933,0.05295508683,0.5959941277,0.3177323999,0,-1.22132275,4.404136549,-3.182813799
138.91,-64.99637933,0.05295508683,0.5959941277,0.3177323999,0,-1.22132275,4.404136549,-3.182813799
138.92,-64.99637933,0.05295508683,0.5959941277,0.3177323999,0,-1.22132275,4.404136549,-3.182813799
138.93,-64.99637933,0.05295508683,0.5959941277,0.3177323999,0,-1.22132275,4.404136549,-3.182813799
138.94,-64.99637933,0.05295508683,0.5959941277,0.3177323999,0,-1.22132275,4.404136549,-3.182813799
138.95,-64.99637933,0.05295508683,0.5959941277,0.3177323999,0,-1.22132275,4.404136549,-3.182813799
138.96,-64.99637933,0.05295508683,0.5959941277,0.3177323999,0,-1.22132275,4.404136549,-3.182813799
138.97,-64.99637933,0.05295508683,0.5959941277,0.3177323999,0,-1.22132275,4.404136549,-3.182813799
138.98,-64.99637933,0.05295508683,0.5959941277,0.3177323999,0,-1.22132275,4.404136549,-3.182813799
138.99,-64.99637933,0.05295508683,0.5959941277,0.3177323999,0,-1.22132275,4.404136549,-3.182813799
139,-64.99637933,0.05295508683,0.5959941277,0.3177323999,0,-1.22132275,4.404136549,-3.182813799
139.01,-64.99637933,0.05295508683,0.5959941277,0.3177323999,0,-1.22132275,4.404136549,-3.182813799
139.02,-64.99637933,0.05295508683,0.5959941277,0.3177323999,0,-1.22132275,4.404136549,-3.182813799
139.03,-64.99637933,0.05295508683,0.5959941277,0.3177323999,0,-1.22132275,4.404136549,-3.182813799
139.04,-64.99637933,0.05295508683,0.5959941277,0.3177323999,0,-1.22132275,4.404136549,-3.182813799
139.05,-64.99637933,0.05295508683,0.5959941277,0.3177323999,0,-1.22132275,4.404136549,-3.182813799
139.06,-64.99637933,0.05295508683,0.5959941277,0.3177323999,0,-1.22132275,4.404136549,-3.182813799
139.07,-64.99637933,0.05295508683,0.5959941277,0.3177323999,0,-1.22132275,4.404136549,-3.182813799
139.08,-64.99637933,0.05295508683,0.5959941277,0.3177323999,0,-1.22132275,4.404136549,-3.182813799
139.09,-64.99637933,0.05295508683,0.5959941276,0.3177323999,0,-1.22132275,4.404136549,-3.182813799
139.1,-64.99637933,0.05295508683,0.5959941276,0.3177323999,0,-1.22132275,4.404136549,-3.182813799
139.11,-64.99637933,0.05295508683,0.5959941276,0.3177323999,0,-1.22132275,4.404136549,-3.182813799
139.12,-64.99637933,0.05295508683,0.5959941276,0.3177323999,0,-1.22132275,4.404136549,-3.182813799
139.13,-64.99637933,0.05295508683,0.5959941276,0.3177323999,0,-1.22132275,4.404136549,-3.182813799
139.14,-64.99637933,0.05295508683,0.5959941276,0.3177323999,0,-1.22132275,4.404136549,-3.182813799
139.15,-64.99637933,0.05295508683,0.5959941276,0.3177323999,0,-1.22132275,4.404136549,-3.182813799
139.16,-64.99637933,0.05295508683,0.5959941276,0.3177323999,0,-1.22132275,4.404136549,-3.182813799
139.17,-64.99637933,0.05295508683,0.5959941276,0.3177323999,0,-1.22132275,4.404136549,-3.182813799
139.18,-64.99637933,0.05295508683,0.5959941276,0.3177323999,0,-1.22132275,4.404136549,-3.182813799
139.19,-64.99637933,0.05295508683,0.5959941276,0.3177323999,0,-1.22132275,4.404136549,-3.182813799
139.2,-64.99637933,0.05295508683,0.5959941276,0.3177323999,0,-1.22132275,4.404136549,-3.182813799
139.21,-64.99637933,0.05295508683,0.5959941276,0.3177323999,0,-1.22132275,4.404136549,-3.182813799
139.22,-64.99637933,0.05295508683,0.5959941276,0.3177323999,0,-1.22132275,4.404136549,-3.182813799
139.23,-64.99637933,0.05295508683,0.5959941276,0.3177323999,0,-1.22132275,4.404136549,-3.182813799
139.24,-64.99637933,0.05295508683,0.5959941276,0.3177323999,0,-1.22132275,4.404136549,-3.182813799
139.25,-64.99637933,0.05295508683,0.5959941276,0.3177323999,0,-1.22132275,4.404136549,-3.182813799
139.26,-64.99637933,0.05295508683,0.5959941276,0.3177323999,0,-1.22132275,4.404136549,-3.182813799
139.27,-64.99637933,0.05295508683,0.5959941276,0.3177323999,0,-1.22132275,4.404136549,-3.182813799
139.28,-64.99637933,0.05295508683,0.5959941276,0.3177323999,0,-1.22132275,4.404136549,-3.182813799
139.29,-64.99637933,0.05295508683,0.5959941276,0.3177323999,0,-1.22132275,4.404136549,-3.182813799
139.3,-64.99637933,0.05295508683,0.5959941276,0.3177323999,0,-1.22132275,4.404136549,-3.182813799
139.31,-64.99637933,0.05295508683,0.5959941276,0.3177323999,0,-1.22132275,4.404136549,-3.182813799
139.32,-64.99637933,0.05295508683,0.5959941276,0.3177323999,0,-1.22132275,4.404136549,-3.182813799
139.33,-64.99637933,0.05295508683,0.5959941276,0.3177323999,0,-1.22132275,4.404136549,-3.182813799
139.34,-64.99637933,0.05295508683,0.5959941276,0.3177323999,0,-1.22132275,4.404136549,-3.182813799
139.35,-64.99637933,0.05295508683,0.5959941276,0.3177323999,0,-1.22132275,4.404136549,-3.182813799
139.36,-64.99637933,0.05295508683,0.5959941276,0.3177323999,0,-1.22132275,4.404136549,-3.182813799
139.37,-64.99637933,0.05295508683,0.5959941276,0.3177323999,0,-1.22132275,4.404136549,-3.182813799
139.38,-64.99637933,0.05295508683,0.5959941275,0.3177323999,0,-1.22132275,4.404136549,-3.182813799
139.39,-64.99637933,0.05295508683,0.5959941275,0.3177323999,0,-1.22132275,4.404136549,-3.182813799
139.4,-64.99637933,0.05295508683,0.5959941275,0.3177323999,0,-1.22132275,4.404136548,-3.182813799
139.41,-64.99637933,0.05295508683,0.5959941275,0.3177323999,0,-1.22132275,4.404136548,-3.182813799
139.42,-64.99637933,0.05295508683,0.5959941275,0.3177323999,0,-1.22132275,4.404136548,-3.182813799
139.43,-64.99637933,0.05295508683,0.5959941275,0.3177323999,0,-1.22132275,4.404136548,-3.182813799
139.44,-64.99637933,0.05295508683,0.5959941275,0.3177323999,0,-1.22132275,4.404136548,-3.182813799
139.45,-64.99637933,0.05295508683,0.5959941275,0.3177323999,0,-1.22132275,4.404136548,-3.182813799
139.46,-64.99637933,0.05295508683,0.5959941275,0.3177323999,0,-1.221322749,4.404136548,-3.182813799
139.47,-64.99637933,0.05295508683,0.5959941275,0.3177323999,0,-1.221322749,4.404136548,-3.182813799
139.48,-64.99637933,0.05295508683,0.5959941275,0.3177323999,0,-1.221322749,4.404136548,-3.182813799
139.49,-64.99637933,0.05295508683,0.5959941275,0.3177323999,0,-1.221322749,4.404136548,-3.182813799
139.5,-64.99637933,0.05295508683,0.5959941275,0.3177323999,0,-1.221322749,4.404136548,-3.182813799
139.51,-64.99637933,0.05295508683,0.5959941275,0.3177323999,0,-1.221322749,4.404136548,-3.182813799
139.52,-64.99637933,0.05295508683,0.5959941275,0.3177323999,0,-1.221322749,4.404136548,-3.182813799
139.53,-64.99637933,0.05295508683,0.5959941275,0.3177323999,0,-1.221322749,4.404136548,-3.182813799
139.54,-64.99637933,0.05295508683,0.5959941275,0.3177323999,0,-1.221322749,4.404136548,-3.182813799
139.55,-64.99637933,0.05295508683,0.5959941275,0.3177323999,0,-1.221322749,4.404136548,-3.182813799
139.56,-64.99637933,0.05295508683,0.5959941275,0.3177323999,0,-1.221322749,4.404136548,-3.182813799
139.57,-64.99637933,0.05295508683,0.5959941275,0.3177323999,0,-1.221322749,4.404136548,-3.182813799
139.58,-64.99637933,0.05295508683,0.5959941275,0.3177323999,0,-1.221322749,4.404136548,-3.182813799
139.59,-64.99637933,0.05295508683,0.5959941275,0.3177323999,0,-1.221322749,4.404136548,-3.182813799
139.6,-64.99637933,0.05295508683,0.5959941275,0.3177323999,0,-1.221322749,4.404136548,-3.182813799
139.61,-64.99637933,0.05295508683,0.5959941275,0.3177323999,0,-1.221322749,4.404136548,-3.182813799
139.62,-64.99637933,0.05295508683,0.5959941275,0.3177323999,0,-1.221322749,4.404136548,-3.182813799
139.63,-64.99637933,0.05295508683,0.5959941275,0.3177323999,0,-1.221322749,4.404136548,-3.182813799
139.64,-64.99637933,0.05295508683,0.5959941275,0.3177323999,0,-1.221322749,4.404136548,-3.182813799
139.65,-64.99637933,0.05295508683,0.5959941275,0.3177323999,0,-1.221322749,4.404136548,-3.182813799
139.66,-64.99637933,0.05295508683,0.5959941275,0.3177323999,0,-1.221322749,4.404136548,-3.182813799
139.67,-64.99637933,0.05295508683,0.5959941275,0.3177323999,0,-1.221322749,4.404136548,-3.182813799
139.68,-64.99637933,0.05295508683,0.5959941274,0.3177323999,0,-1.221322749,4.404136548,-3.182813799
139.69,-64.99637933,0.05295508683,0.5959941274,0.3177323999,0,-1.221322749,4.404136548,-3.182813799
139.7,-64.99637933,0.05295508683,0.5959941274,0.3177323999,0,-1.221322749,4.404136548,-3.182813799
139.71,-64.99637933,0.05295508683,0.5959941274,0.3177323999,0,-1.221322749,4.404136548,-3.182813799
139.72,-64.99637933,0.05295508683,0.5959941274,0.3177323999,0,-1.221322749,4.404136548,-3.182813799
139.73,-64.99637933,0.05295508683,0.5959941274,0.3177323999,0,-1.221322749,4.404136548,-3.182813799
139.74,-64.99637933,0.05295508683,0.5959941274,0.3177323999,0,-1.221322749,4.404136548,-3.182813799
139.75,-64.99637933,0.05295508683,0.5959941274,0.3177323999,0,-1.221322749,4.404136548,-3.182813799
139.76,-64.99637933,0.05295508683,0.5959941274,0.3177323999,0,-1.221322749,4.404136548,-3.182813799
139.77,-64.99637933,0.05295508683,0.5959941274,0.3177323999,0,-1.221322749,4.404136548,-3.182813799
139.78,-64.99637933,0.05295508683,0.5959941274,0.3177323999,0,-1.221322749,4.404136548,-3.182813799
139.79,-64.99637933,0.05295508683,0.5959941274,0.3177323999,0,-1.221322749,4.404136548,-3.182813799
139.8,-64.99637933,0.05295508683,0.5959941274,0.3177323999,0,-1.221322749,4.404136548,-3.182813799
139.81,-64.99637933,0.05295508683,0.5959941274,0.3177323999,0,-1.221322749,4.404136548,-3.182813799
139.82,-64.99637933,0.05295508683,0.5959941274,0.3177323999,0,-1.221322749,4.404136548,-3.182813799
139.83,-64.99637933,0.05295508683,0.5959941274,0.3177323999,0,-1.221322749,4.404136548,-3.182813799
139.84,-64.99637933,0.05295508683,0.5959941274,0.3177323999,0,-1.221322749,4.404136548,-3.182813799
139.85,-64.99637933,0.05295508683,0.5959941274,0.3177323999,0,-1.221322749,4.404136548,-3.182813799
139.86,-64.99637933,0.05295508683,0.5959941274,0.3177323999,0,-1.221322749,4.404136548,-3.182813799
139.87,-64.99637933,0.05295508683,0.5959941274,0.3177323999,0,-1.221322749,4.404136548,-3.182813799
139.88,-64.99637933,0.05295508683,0.5959941274,0.3177323999,0,-1.221322749,4.404136548,-3.182813799
139.89,-64.99637933,0.05295508683,0.5959941274,0.3177323999,0,-1.221322749,4.404136548,-3.182813799
139.9,-64.99637933,0.05295508683,0.5959941274,0.3177323999,0,-1.221322749,4.404136548,-3.182813799
139.91,-64.99637933,0.05295508683,0.5959941274,0.3177323999,0,-1.221322749,4.404136548,-3.182813799
139.92,-64.99637933,0.05295508683,0.5959941274,0.3177323999,0,-1.221322749,4.404136548,-3.182813799
139.93,-64.99637933,0.05295508683,0.5959941274,0.3177323999,0,-1.221322749,4.404136548,-3.182813799
139.94,-64.99637933,0.05295508683,0.5959941274,0.3177323999,0,-1.221322749,4.404136548,-3.182813799
139.95,-64.99637933,0.05295508683,0.5959941274,0.3177323999,0,-1.221322749,4.404136548,-3.182813799
139.96,-64.99637933,0.05295508683,0.5959941274,0.3177323999,0,-1.221322749,4.404136548,-3.182813799
139.97,-64.99637933,0.05295508683,0.5959941274,0.3177323999,0,-1.221322749,4.404136548,-3.182813799
139.98,-64.99637933,0.05295508683,0.5959941274,0.3177323999,0,-1.221322749,4.404136548,-3.182813799
139.99,-64.99637933,0.05295508683,0.5959941273,0.3177323999,0,-1.221322749,4.404136548,-3.182813799
140,-64.99637933,0.05295508683,0.5959941273,0.3177323999,0,-1.221322749,4.404136548,-3.182813799
140.01,-64.99637933,0.05295508683,0.5959941273,0.3177323999,0,-1.221322749,4.404136548,-3.182813799
140.02,-64.99637933,0.05295508683,0.5959941273,0.3177323999,0,-1.221322749,4.404136548,-3.182813799
140.03,-64.99637933,0.05295508683,0.5959941273,0.3177323999,0,-1.221322749,4.404136548,-3.182813799
140.04,-64.99637933,0.05295508683,0.5959941273,0.3177323999,0,-1.221322749,4.404136548,-3.182813799
140.05,-64.99637933,0.05295508683,0.5959941273,0.3177323999,0,-1.221322749,4.404136548,-3.182813799
140.06,-64.99637933,0.05295508683,0.5959941273,0.3177323999,0,-1.221322749,4.404136548,-3.182813799
140.07,-64.99637933,0.05295508683,0.5959941273,0.3177323999,0,-1.221322749,4.404136548,-3.182813799
140.08,-64.99637933,0.05295508683,0.5959941273,0.3177323999,0,-1.221322749,4.404136548,-3.182813799
140.09,-64.99637933,0.05295508683,0.5959941273,0.3177323999,0,-1.221322749,4.404136548,-3.182813799
140.1,-64.99637933,0.05295508683,0.5959941273,0.3177323999,0,-1.221322749,4.404136548,-3.182813799
140.11,-64.99637933,0.05295508683,0.5959941273,0.3177323999,0,-1.221322749,4.404136548,-3.182813799
140.12,-64.99637933,0.05295508683,0.5959941273,0.3177323999,0,-1.221322749,4.404136548,-3.182813799
140.13,-64.99637933,0.05295508683,0.5959941273,0.3177323999,0,-1.221322749,4.404136548,-3.182813799
140.14,-64.99637933,0.05295508683,0.5959941273,0.3177323999,0,-1.221322749,4.404136548,-3.182813799
140.15,-64.99637933,0.05295508683,0.5959941273,0.3177323999,0,-1.221322749,4.404136548,-3.182813799
140.16,-64.99637933,0.05295508683,0.5959941273,0.3177323999,0,-1.221322749,4.404136548,-3.182813799
140.17,-64.99637933,0.05295508683,0.5959941273,0.3177323999,0,-1.221322749,4.404136548,-3.182813799
140.18,-64.99637933,0.05295508683,0.5959941273,0.3177323999,0,-1.221322749,4.404136548,-3.182813799
140.19,-64.99637933,0.05295508683,0.5959941273,0.3177323999,0,-1.221322749,4.404136548,-3.182813799
140.2,-64.99637933,0.05295508683,0.5959941273,0.3177323999,0,-1.221322749,4.404136548,-3.182813799
140.21,-64.99637933,0.05295508683,0.5959941273,0.3177323999,0,-1.221322749,4.404136548,-3.182813799
140.22,-64.99637933,0.05295508683,0.5959941273,0.3177323999,0,-1.221322749,4.404136548,-3.182813799
140.23,-64.99637933,0.05295508683,0.5959941273,0.3177323999,0,-1.221322749,4.404136548,-3.182813799
140.24,-64.99637933,0.05295508683,0.5959941273,0.3177323999,0,-1.221322749,4.404136548,-3.182813799
140.25,-64.99637933,0.05295508683,0.5959941273,0.3177323999,0,-1.221322749,4.404136548,-3.182813799
140.26,-64.99637933,0.05295508683,0.5959941273,0.3177323999,0,-1.221322749,4.404136548,-3.182813799
140.27,-64.99637933,0.05295508683,0.5959941273,0.3177323998,0,-1.221322749,4.404136548,-3.182813799
140.28,-64.99637933,0.05295508683,0.5959941273,0.3177323998,0,-1.221322749,4.404136548,-3.182813799
140.29,-64.99637933,0.05295508683,0.5959941273,0.3177323998,0,-1.221322749,4.404136548,-3.182813799
140.3,-64.99637933,0.05295508683,0.5959941273,0.3177323998,0,-1.221322749,4.404136548,-3.182813799
140.31,-64.99637933,0.05295508683,0.5959941272,0.3177323998,0,-1.221322749,4.404136548,-3.182813799
140.32,-64.99637933,0.05295508683,0.5959941272,0.3177323998,0,-1.221322749,4.404136548,-3.182813799
140.33,-64.99637933,0.05295508683,0.5959941272,0.3177323998,0,-1.221322749,4.404136548,-3.182813799
140.34,-64.99637933,0.05295508683,0.5959941272,0.3177323998,0,-1.221322749,4.404136548,-3.182813799
140.35,-64.99637933,0.05295508683,0.5959941272,0.3177323998,0,-1.221322749,4.404136548,-3.182813799
140.36,-64.99637933,0.05295508683,0.5959941272,0.3177323998,0,-1.221322749,4.404136548,-3.182813799
140.37,-64.99637933,0.05295508683,0.5959941272,0.3177323998,0,-1.221322749,4.404136548,-3.182813799
140.38,-64.99637933,0.05295508683,0.5959941272,0.3177323998,0,-1.221322749,4.404136548,-3.182813799
140.39,-64.99637933,0.05295508683,0.5959941272,0.3177323998,0,-1.221322749,4.404136548,-3.182813799
140.4,-64.99637933,0.05295508683,0.5959941272,0.3177323998,0,-1.221322749,4.404136548,-3.182813799
140.41,-64.99637933,0.05295508683,0.5959941272,0.3177323998,0,-1.221322749,4.404136548,-3.182813799
140.42,-64.99637933,0.05295508683,0.5959941272,0.3177323998,0,-1.221322749,4.404136548,-3.182813799
140.43,-64.99637933,0.05295508683,0.5959941272,0.3177323998,0,-1.221322749,4.404136548,-3.182813799
140.44,-64.99637933,0.05295508683,0.5959941272,0.3177323998,0,-1.221322749,4.404136548,-3.182813799
140.45,-64.99637933,0.05295508683,0.5959941272,0.3177323998,0,-1.221322749,4.404136548,-3.182813799
140.46,-64.99637933,0.05295508683,0.5959941272,0.3177323998,0,-1.221322749,4.404136548,-3.182813799
140.47,-64.99637933,0.05295508683,0.5959941272,0.3177323998,0,-1.221322749,4.404136548,-3.182813799
140.48,-64.99637933,0.05295508683,0.5959941272,0.3177323998,0,-1.221322749,4.404136548,-3.182813799
140.49,-64.99637933,0.05295508683,0.5959941272,0.3177323998,0,-1.221322749,4.404136548,-3.182813799
140.5,-64.99637933,0.05295508683,0.5959941272,0.3177323998,0,-1.221322749,4.404136548,-3.182813799
140.51,-64.99637933,0.05295508683,0.5959941272,0.3177323998,0,-1.221322749,4.404136548,-3.182813799
140.52,-64.99637933,0.05295508683,0.5959941272,0.3177323998,0,-1.221322749,4.404136548,-3.182813799
140.53,-64.99637933,0.05295508683,0.5959941272,0.3177323998,0,-1.221322749,4.404136548,-3.182813799
140.54,-64.99637933,0.05295508683,0.5959941272,0.3177323998,0,-1.221322749,4.404136548,-3.182813799
140.55,-64.99637933,0.05295508683,0.5959941272,0.3177323998,0,-1.221322749,4.404136548,-3.182813799
140.56,-64.99637933,0.05295508683,0.5959941272,0.3177323998,0,-1.221322749,4.404136548,-3.182813799
140.57,-64.99637933,0.05295508683,0.5959941272,0.3177323998,0,-1.221322749,4.404136548,-3.182813799
140.58,-64.99637933,0.05295508683,0.5959941272,0.3177323998,0,-1.221322749,4.404136548,-3.182813799
140.59,-64.99637933,0.05295508683,0.5959941272,0.3177323998,0,-1.221322749,4.404136548,-3.182813799
140.6,-64.99637933,0.05295508683,0.5959941272,0.3177323998,0,-1.221322749,4.404136548,-3.182813799
140.61,-64.99637933,0.05295508683,0.5959941272,0.3177323998,0,-1.221322749,4.404136548,-3.182813799
140.62,-64.99637933,0.05295508683,0.5959941272,0.3177323998,0,-1.221322749,4.404136548,-3.182813799
140.63,-64.99637933,0.05295508683,0.5959941272,0.3177323998,0,-1.221322749,4.404136548,-3.182813799
140.64,-64.99637933,0.05295508683,0.5959941272,0.3177323998,0,-1.221322749,4.404136548,-3.182813799
140.65,-64.99637933,0.05295508683,0.5959941271,0.3177323998,0,-1.221322749,4.404136548,-3.182813799
140.66,-64.99637933,0.05295508683,0.5959941271,0.3177323998,0,-1.221322749,4.404136548,-3.182813799
140.67,-64.99637933,0.05295508683,0.5959941271,0.3177323998,0,-1.221322749,4.404136548,-3.182813799
140.68,-64.99637933,0.05295508683,0.5959941271,0.3177323998,0,-1.221322749,4.404136548,-3.182813799
140.69,-64.99637933,0.05295508683,0.5959941271,0.3177323998,0,-1.221322749,4.404136548,-3.182813799
140.7,-64.99637933,0.05295508683,0.5959941271,0.3177323998,0,-1.221322749,4.404136548,-3.182813799
140.71,-64.99637933,0.05295508683,0.5959941271,0.3177323998,0,-1.221322749,4.404136548,-3.182813799
140.72,-64.99637933,0.05295508683,0.5959941271,0.3177323998,0,-1.221322749,4.404136548,-3.182813799
140.73,-64.99637933,0.05295508683,0.5959941271,0.3177323998,0,-1.221322749,4.404136548,-3.182813799
140.74,-64.99637933,0.05295508683,0.5959941271,0.3177323998,0,-1.221322749,4.404136548,-3.182813799
140.75,-64.99637933,0.05295508683,0.5959941271,0.3177323998,0,-1.221322749,4.404136548,-3.182813799
140.76,-64.99637933,0.05295508683,0.5959941271,0.3177323998,0,-1.221322749,4.404136548,-3.182813799
140.77,-64.99637933,0.05295508683,0.5959941271,0.3177323998,0,-1.221322749,4.404136548,-3.182813799
140.78,-64.99637933,0.05295508683,0.5959941271,0.3177323998,0,-1.221322749,4.404136548,-3.182813799
140.79,-64.99637933,0.05295508683,0.5959941271,0.3177323998,0,-1.221322749,4.404136548,-3.182813799
140.8,-64.99637933,0.05295508683,0.5959941271,0.3177323998,0,-1.221322749,4.404136548,-3.182813799
140.81,-64.99637933,0.05295508683,0.5959941271,0.3177323998,0,-1.221322748,4.404136548,-3.182813799
140.82,-64.99637933,0.05295508683,0.5959941271,0.3177323998,0,-1.221322748,4.404136548,-3.182813799
140.83,-64.99637933,0.05295508683,0.5959941271,0.3177323998,0,-1.221322748,4.404136548,-3.182813799
140.84,-64.99637933,0.05295508683,0.5959941271,0.3177323998,0,-1.221322748,4.404136547,-3.182813799
140.85,-64.99637933,0.05295508683,0.5959941271,0.3177323998,0,-1.221322748,4.404136547,-3.182813799
140.86,-64.99637933,0.05295508683,0.5959941271,0.3177323998,0,-1.221322748,4.404136547,-3.182813799
140.87,-64.99637933,0.05295508683,0.5959941271,0.3177323998,0,-1.221322748,4.404136547,-3.182813799
140.88,-64.99637933,0.05295508683,0.5959941271,0.3177323998,0,-1.221322748,4.404136547,-3.182813799
140.89,-64.99637933,0.05295508683,0.5959941271,0.3177323998,0,-1.221322748,4.404136547,-3.182813799
140.9,-64.99637933,0.05295508683,0.5959941271,0.3177323998,0,-1.221322748,4.404136547,-3.182813799
140.91,-64.99637933,0.05295508683,0.5959941271,0.3177323998,0,-1.221322748,4.404136547,-3.182813799
140.92,-64.99637933,0.05295508683,0.5959941271,0.3177323998,0,-1.221322748,4.404136547,-3.182813799
140.93,-64.99637933,0.05295508683,0.5959941271,0.3177323998,0,-1.221322748,4.404136547,-3.182813799
140.94,-64.99637933,0.05295508683,0.5959941271,0.3177323998,0,-1.221322748,4.404136547,-3.182813799
140.95,-64.99637933,0.05295508683,0.5959941271,0.3177323998,0,-1.221322748,4.404136547,-3.182813799
140.96,-64.99637933,0.05295508682,0.5959941271,0.3177323998,0,-1.221322748,4.404136547,-3.182813799
140.97,-64.99637933,0.05295508682,0.5959941271,0.3177323998,0,-1.221322748,4.404136547,-3.182813799
140.98,-64.99637933,0.05295508682,0.5959941271,0.3177323998,0,-1.221322748,4.404136547,-3.182813799
140.99,-64.99637933,0.05295508682,0.5959941271,0.3177323998,0,-1.221322748,4.404136547,-3.182813799
141,-64.99637933,0.05295508682,0.595994127,0.3177323998,0,-1.221322748,4.404136547,-3.182813799
141.01,-64.99637933,0.05295508682,0.595994127,0.3177323998,0,-1.221322748,4.404136547,-3.182813799
141.02,-64.99637933,0.05295508682,0.595994127,0.3177323998,0,-1.221322748,4.404136547,-3.182813799
141.03,-64.99637933,0.05295508682,0.595994127,0.3177323998,0,-1.221322748,4.404136547,-3.182813799
141.04,-64.99637933,0.05295508682,0.595994127,0.3177323998,0,-1.221322748,4.404136547,-3.182813799
141.05,-64.99637933,0.05295508682,0.595994127,0.3177323998,0,-1.221322748,4.404136547,-3.182813799
141.06,-64.99637933,0.05295508682,0.595994127,0.3177323998,0,-1.221322748,4.404136547,-3.182813799
141.07,-64.99637933,0.05295508682,0.595994127,0.3177323998,0,-1.221322748,4.404136547,-3.182813799
141.08,-64.99637933,0.05295508682,0.595994127,0.3177323998,0,-1.221322748,4.404136547,-3.182813799
141.09,-64.99637933,0.05295508682,0.595994127,0.3177323998,0,-1.221322748,4.404136547,-3.182813799
141.1,-64.99637933,0.05295508682,0.595994127,0.3177323998,0,-1.221322748,4.404136547,-3.182813799
141.11,-64.99637933,0.05295508682,0.595994127,0.3177323998,0,-1.221322748,4.404136547,-3.182813799
141.12,-64.99637933,0.05295508682,0.595994127,0.3177323998,0,-1.221322748,4.404136547,-3.182813799
141.13,-64.99637933,0.05295508682,0.595994127,0.3177323998,0,-1.221322748,4.404136547,-3.182813799
141.14,-64.99637933,0.05295508682,0.595994127,0.3177323998,0,-1.221322748,4.404136547,-3.182813799
141.15,-64.99637933,0.05295508682,0.595994127,0.3177323998,0,-1.221322748,4.404136547,-3.182813799
141.16,-64.99637933,0.05295508682,0.595994127,0.3177323998,0,-1.221322748,4.404136547,-3.182813799
141.17,-64.99637933,0.05295508682,0.595994127,0.3177323998,0,-1.221322748,4.404136547,-3.182813799
141.18,-64.99637933,0.05295508682,0.595994127,0.3177323998,0,-1.221322748,4.404136547,-3.182813799
141.19,-64.99637933,0.05295508682,0.595994127,0.3177323998,0,-1.221322748,4.404136547,-3.182813799
141.2,-64.99637933,0.05295508682,0.595994127,0.3177323998,0,-1.221322748,4.404136547,-3.182813799
141.21,-64.99637933,0.05295508682,0.595994127,0.3177323998,0,-1.221322748,4.404136547,-3.182813799
141.22,-64.99637933,0.05295508682,0.595994127,0.3177323998,0,-1.221322748,4.404136547,-3.182813799
141.23,-64.99637933,0.05295508682,0.595994127,0.3177323998,0,-1.221322748,4.404136547,-3.182813799
141.24,-64.99637933,0.05295508682,0.595994127,0.3177323998,0,-1.221322748,4.404136547,-3.182813799
141.25,-64.99637933,0.05295508682,0.595994127,0.3177323998,0,-1.221322748,4.404136547,-3.182813799
141.26,-64.99637933,0.05295508682,0.595994127,0.3177323998,0,-1.221322748,4.404136547,-3.182813799
141.27,-64.99637933,0.05295508682,0.595994127,0.3177323998,0,-1.221322748,4.404136547,-3.182813799
141.28,-64.99637933,0.05295508682,0.595994127,0.3177323998,0,-1.221322748,4.404136547,-3.182813799
141.29,-64.99637933,0.05295508682,0.595994127,0.3177323998,0,-1.221322748,4.404136547,-3.182813799
141.3,-64.99637933,0.05295508682,0.595994127,0.3177323998,0,-1.221322748,4.404136547,-3.182813799
141.31,-64.99637933,0.05295508682,0.595994127,0.3177323998,0,-1.221322748,4.404136547,-3.182813799
141.32,-64.99637933,0.05295508682,0.595994127,0.3177323998,0,-1.221322748,4.404136547,-3.182813799
141.33,-64.99637933,0.05295508682,0.595994127,0.3177323998,0,-1.221322748,4.404136547,-3.182813799
141.34,-64.99637933,0.05295508682,0.595994127,0.3177323998,0,-1.221322748,4.404136547,-3.182813799
141.35,-64.99637933,0.05295508682,0.595994127,0.3177323998,0,-1.221322748,4.404136547,-3.182813799
141.36,-64.99637933,0.05295508682,0.595994127,0.3177323998,0,-1.221322748,4.404136547,-3.182813799
141.37,-64.99637933,0.05295508682,0.5959941269,0.3177323998,0,-1.221322748,4.404136547,-3.182813799
141.38,-64.99637933,0.05295508682,0.5959941269,0.3177323998,0,-1.221322748,4.404136547,-3.182813799
141.39,-64.99637933,0.05295508682,0.5959941269,0.3177323998,0,-1.221322748,4.404136547,-3.182813799
141.4,-64.99637933,0.05295508682,0.5959941269,0.3177323998,0,-1.221322748,4.404136547,-3.182813799
141.41,-64.99637933,0.05295508682,0.5959941269,0.3177323998,0,-1.221322748,4.404136547,-3.182813799
141.42,-64.99637933,0.05295508682,0.5959941269,0.3177323998,0,-1.221322748,4.404136547,-3.182813799
141.43,-64.99637933,0.05295508682,0.5959941269,0.3177323998,0,-1.221322748,4.404136547,-3.182813799
141.44,-64.99637933,0.05295508682,0.5959941269,0.3177323998,0,-1.221322748,4.404136547,-3.182813799
141.45,-64.99637933,0.05295508682,0.5959941269,0.3177323998,0,-1.221322748,4.404136547,-3.182813799
141.46,-64.99637933,0.05295508682,0.5959941269,0.3177323998,0,-1.221322748,4.404136547,-3.182813799
141.47,-64.99637933,0.05295508682,0.5959941269,0.3177323998,0,-1.221322748,4.404136547,-3.182813799
141.48,-64.99637933,0.05295508682,0.5959941269,0.3177323998,0,-1.221322748,4.404136547,-3.182813799
141.49,-64.99637933,0.05295508682,0.5959941269,0.3177323998,0,-1.221322748,4.404136547,-3.182813799
141.5,-64.99637933,0.05295508682,0.5959941269,0.3177323998,0,-1.221322748,4.404136547,-3.182813799
141.51,-64.99637933,0.05295508682,0.5959941269,0.3177323998,0,-1.221322748,4.404136547,-3.182813799
141.52,-64.99637933,0.05295508682,0.5959941269,0.3177323998,0,-1.221322748,4.404136547,-3.182813799
141.53,-64.99637933,0.05295508682,0.5959941269,0.3177323998,0,-1.221322748,4.404136547,-3.182813799
141.54,-64.99637933,0.05295508682,0.5959941269,0.3177323998,0,-1.221322748,4.404136547,-3.182813799
141.55,-64.99637933,0.05295508682,0.5959941269,0.3177323998,0,-1.221322748,4.404136547,-3.182813799
141.56,-64.99637933,0.05295508682,0.5959941269,0.3177323998,0,-1.221322748,4.404136547,-3.182813799
141.57,-64.99637933,0.05295508682,0.5959941269,0.3177323998,0,-1.221322748,4.404136547,-3.182813799
141.58,-64.99637933,0.05295508682,0.5959941269,0.3177323998,0,-1.221322748,4.404136547,-3.182813799
141.59,-64.99637933,0.05295508682,0.5959941269,0.3177323998,0,-1.221322748,4.404136547,-3.182813799
141.6,-64.99637933,0.05295508682,0.5959941269,0.3177323998,0,-1.221322748,4.404136547,-3.182813799
141.61,-64.99637933,0.05295508682,0.5959941269,0.3177323998,0,-1.221322748,4.404136547,-3.182813799
141.62,-64.99637933,0.05295508682,0.5959941269,0.3177323998,0,-1.221322748,4.404136547,-3.182813799
141.63,-64.99637933,0.05295508682,0.5959941269,0.3177323998,0,-1.221322748,4.404136547,-3.182813799
141.64,-64.99637933,0.05295508682,0.5959941269,0.3177323998,0,-1.221322748,4.404136547,-3.182813799
141.65,-64.99637933,0.05295508682,0.5959941269,0.3177323998,0,-1.221322748,4.404136547,-3.182813799
141.66,-64.99637933,0.05295508682,0.5959941269,0.3177323998,0,-1.221322748,4.404136547,-3.182813799
141.67,-64.99637933,0.05295508682,0.5959941269,0.3177323998,0,-1.221322748,4.404136547,-3.182813799
141.68,-64.99637933,0.05295508682,0.5959941269,0.3177323998,0,-1.221322748,4.404136547,-3.182813799
141.69,-64.99637933,0.05295508682,0.5959941269,0.3177323998,0,-1.221322748,4.404136547,-3.182813799
141.7,-64.99637933,0.05295508682,0.5959941269,0.3177323998,0,-1.221322748,4.404136547,-3.182813799
141.71,-64.99637933,0.05295508682,0.5959941269,0.3177323998,0,-1.221322748,4.404136547,-3.182813799
141.72,-64.99637933,0.05295508682,0.5959941269,0.3177323998,0,-1.221322748,4.404136547,-3.182813799
141.73,-64.99637933,0.05295508682,0.5959941269,0.3177323998,0,-1.221322748,4.404136547,-3.182813799
141.74,-64.99637933,0.05295508682,0.5959941269,0.3177323998,0,-1.221322748,4.404136547,-3.182813799
141.75,-64.99637933,0.05295508682,0.5959941268,0.3177323998,0,-1.221322748,4.404136547,-3.182813799
141.76,-64.99637933,0.05295508682,0.5959941268,0.3177323998,0,-1.221322748,4.404136547,-3.182813799
141.77,-64.99637933,0.05295508682,0.5959941268,0.3177323998,0,-1.221322748,4.404136547,-3.182813799
141.78,-64.99637933,0.05295508682,0.5959941268,0.3177323998,0,-1.221322748,4.404136547,-3.182813799
141.79,-64.99637933,0.05295508682,0.5959941268,0.3177323998,0,-1.221322748,4.404136547,-3.182813799
141.8,-64.99637933,0.05295508682,0.5959941268,0.3177323998,0,-1.221322748,4.404136547,-3.182813799
141.81,-64.99637933,0.05295508682,0.5959941268,0.3177323998,0,-1.221322748,4.404136547,-3.182813799
141.82,-64.99637933,0.05295508682,0.5959941268,0.3177323998,0,-1.221322748,4.404136547,-3.182813799
141.83,-64.99637933,0.05295508682,0.5959941268,0.3177323998,0,-1.221322748,4.404136547,-3.182813799
141.84,-64.99637933,0.05295508682,0.5959941268,0.3177323998,0,-1.221322748,4.404136547,-3.182813799
141.85,-64.99637933,0.05295508682,0.5959941268,0.3177323998,0,-1.221322748,4.404136547,-3.182813799
141.86,-64.99637933,0.05295508682,0.5959941268,0.3177323998,0,-1.221322748,4.404136547,-3.182813799
141.87,-64.99637933,0.05295508682,0.5959941268,0.3177323998,0,-1.221322748,4.404136547,-3.182813799
141.88,-64.99637933,0.05295508682,0.5959941268,0.3177323998,0,-1.221322748,4.404136547,-3.182813799
141.89,-64.99637933,0.05295508682,0.5959941268,0.3177323998,0,-1.221322748,4.404136547,-3.182813799
141.9,-64.99637933,0.05295508682,0.5959941268,0.3177323998,0,-1.221322748,4.404136547,-3.182813799
141.91,-64.99637933,0.05295508682,0.5959941268,0.3177323998,0,-1.221322748,4.404136547,-3.182813799
141.92,-64.99637933,0.05295508682,0.5959941268,0.3177323998,0,-1.221322748,4.404136547,-3.182813799
141.93,-64.99637933,0.05295508682,0.5959941268,0.3177323998,0,-1.221322748,4.404136547,-3.182813799
141.94,-64.99637933,0.05295508682,0.5959941268,0.3177323998,0,-1.221322748,4.404136547,-3.182813799
141.95,-64.99637933,0.05295508682,0.5959941268,0.3177323998,0,-1.221322748,4.404136547,-3.182813799
141.96,-64.99637933,0.05295508682,0.5959941268,0.3177323998,0,-1.221322748,4.404136547,-3.182813799
141.97,-64.99637933,0.05295508682,0.5959941268,0.3177323998,0,-1.221322748,4.404136547,-3.182813799
141.98,-64.99637933,0.05295508682,0.5959941268,0.3177323998,0,-1.221322748,4.404136547,-3.182813799
141.99,-64.99637933,0.05295508682,0.5959941268,0.3177323998,0,-1.221322748,4.404136547,-3.182813799
142,-64.99637933,0.05295508682,0.5959941268,0.3177323998,0,-1.221322748,4.404136547,-3.182813799
142.01,-64.99637933,0.05295508682,0.5959941268,0.3177323998,0,-1.221322748,4.404136547,-3.182813799
142.02,-64.99637933,0.05295508682,0.5959941268,0.3177323998,0,-1.221322748,4.404136547,-3.182813799
142.03,-64.99637933,0.05295508682,0.5959941268,0.3177323998,0,-1.221322748,4.404136547,-3.182813799
142.04,-64.99637933,0.05295508682,0.5959941268,0.3177323998,0,-1.221322748,4.404136547,-3.182813799
142.05,-64.99637933,0.05295508682,0.5959941268,0.3177323998,0,-1.221322748,4.404136547,-3.182813799
142.06,-64.99637933,0.05295508682,0.5959941268,0.3177323998,0,-1.221322748,4.404136547,-3.182813799
142.07,-64.99637933,0.05295508682,0.5959941268,0.3177323998,0,-1.221322748,4.404136547,-3.182813799
142.08,-64.99637933,0.05295508682,0.5959941268,0.3177323998,0,-1.221322748,4.404136547,-3.182813799
142.09,-64.99637933,0.05295508682,0.5959941268,0.3177323998,0,-1.221322748,4.404136547,-3.182813799
142.1,-64.99637933,0.05295508682,0.5959941268,0.3177323998,0,-1.221322748,4.404136547,-3.182813799
142.11,-64.99637933,0.05295508682,0.5959941268,0.3177323998,0,-1.221322748,4.404136547,-3.182813799
142.12,-64.99637933,0.05295508682,0.5959941268,0.3177323998,0,-1.221322748,4.404136547,-3.182813799
142.13,-64.99637933,0.05295508682,0.5959941268,0.3177323998,0,-1.221322748,4.404136547,-3.182813799
142.14,-64.99637933,0.05295508682,0.5959941268,0.3177323998,0,-1.221322748,4.404136547,-3.182813799
142.15,-64.99637933,0.05295508682,0.5959941267,0.3177323998,0,-1.221322748,4.404136547,-3.182813799
142.16,-64.99637933,0.05295508682,0.5959941267,0.3177323998,0,-1.221322748,4.404136547,-3.182813799
142.17,-64.99637933,0.05295508682,0.5959941267,0.3177323998,0,-1.221322748,4.404136547,-3.182813799
142.18,-64.99637933,0.05295508682,0.5959941267,0.3177323998,0,-1.221322748,4.404136547,-3.182813799
142.19,-64.99637933,0.05295508682,0.5959941267,0.3177323998,0,-1.221322748,4.404136547,-3.182813799
142.2,-64.99637933,0.05295508682,0.5959941267,0.3177323998,0,-1.221322748,4.404136547,-3.182813799
142.21,-64.99637933,0.05295508682,0.5959941267,0.3177323998,0,-1.221322748,4.404136547,-3.182813799
142.22,-64.99637933,0.05295508682,0.5959941267,0.3177323998,0,-1.221322748,4.404136547,-3.182813799
142.23,-64.99637933,0.05295508682,0.5959941267,0.3177323998,0,-1.221322748,4.404136547,-3.182813799
142.24,-64.99637933,0.05295508682,0.5959941267,0.3177323998,0,-1.221322748,4.404136547,-3.182813799
142.25,-64.99637933,0.05295508682,0.5959941267,0.3177323998,0,-1.221322748,4.404136547,-3.182813799
142.26,-64.99637933,0.05295508682,0.5959941267,0.3177323998,0,-1.221322748,4.404136547,-3.182813799
142.27,-64.99637933,0.05295508682,0.5959941267,0.3177323998,0,-1.221322748,4.404136547,-3.182813799
142.28,-64.99637933,0.05295508682,0.5959941267,0.3177323998,0,-1.221322748,4.404136547,-3.182813799
142.29,-64.99637933,0.05295508682,0.5959941267,0.3177323998,0,-1.221322748,4.404136547,-3.182813799
142.3,-64.99637933,0.05295508682,0.5959941267,0.3177323998,0,-1.221322748,4.404136547,-3.182813799
142.31,-64.99637933,0.05295508682,0.5959941267,0.3177323998,0,-1.221322748,4.404136547,-3.182813799
142.32,-64.99637933,0.05295508682,0.5959941267,0.3177323998,0,-1.221322748,4.404136547,-3.182813799
142.33,-64.99637933,0.05295508682,0.5959941267,0.3177323998,0,-1.221322748,4.404136547,-3.182813799
142.34,-64.99637933,0.05295508682,0.5959941267,0.3177323998,0,-1.221322748,4.404136547,-3.182813799
142.35,-64.99637933,0.05295508682,0.5959941267,0.3177323998,0,-1.221322748,4.404136547,-3.182813799
142.36,-64.99637933,0.05295508682,0.5959941267,0.3177323998,0,-1.221322748,4.404136547,-3.182813799
142.37,-64.99637933,0.05295508682,0.5959941267,0.3177323998,0,-1.221322748,4.404136547,-3.182813799
142.38,-64.99637933,0.05295508682,0.5959941267,0.3177323998,0,-1.221322748,4.404136547,-3.182813799
142.39,-64.99637933,0.05295508682,0.5959941267,0.3177323998,0,-1.221322748,4.404136547,-3.182813799
142.4,-64.99637933,0.05295508682,0.5959941267,0.3177323998,0,-1.221322748,4.404136547,-3.182813799
142.41,-64.99637933,0.05295508682,0.5959941267,0.3177323998,0,-1.221322747,4.404136547,-3.182813799
142.42,-64.99637933,0.05295508682,0.5959941267,0.3177323998,0,-1.221322747,4.404136547,-3.182813799
142.43,-64.99637933,0.05295508682,0.5959941267,0.3177323998,0,-1.221322747,4.404136547,-3.182813799
142.44,-64.99637933,0.05295508682,0.5959941267,0.3177323998,0,-1.221322747,4.404136547,-3.182813799
142.45,-64.99637933,0.05295508682,0.5959941267,0.3177323998,0,-1.221322747,4.404136547,-3.182813799
142.46,-64.99637933,0.05295508682,0.5959941267,0.3177323998,0,-1.221322747,4.404136547,-3.182813799
142.47,-64.99637933,0.05295508682,0.5959941267,0.3177323998,0,-1.221322747,4.404136547,-3.182813799
142.48,-64.99637933,0.05295508682,0.5959941267,0.3177323998,0,-1.221322747,4.404136547,-3.182813799
142.49,-64.99637933,0.05295508682,0.5959941267,0.3177323998,0,-1.221322747,4.404136547,-3.182813799
142.5,-64.99637933,0.05295508682,0.5959941267,0.3177323998,0,-1.221322747,4.404136547,-3.182813799
142.51,-64.99637933,0.05295508682,0.5959941267,0.3177323998,0,-1.221322747,4.404136547,-3.182813799
142.52,-64.99637933,0.05295508682,0.5959941267,0.3177323998,0,-1.221322747,4.404136547,-3.182813799
142.53,-64.99637933,0.05295508682,0.5959941267,0.3177323998,0,-1.221322747,4.404136547,-3.182813799
142.54,-64.99637933,0.05295508682,0.5959941267,0.3177323998,0,-1.221322747,4.404136547,-3.182813799
142.55,-64.99637933,0.05295508682,0.5959941267,0.3177323998,0,-1.221322747,4.404136547,-3.182813799
142.56,-64.99637933,0.05295508682,0.5959941267,0.3177323998,0,-1.221322747,4.404136547,-3.182813799
142.57,-64.99637933,0.05295508682,0.5959941267,0.3177323998,0,-1.221322747,4.404136547,-3.182813799
142.58,-64.99637933,0.05295508682,0.5959941266,0.3177323998,0,-1.221322747,4.404136546,-3.182813799
142.59,-64.99637933,0.05295508682,0.5959941266,0.3177323998,0,-1.221322747,4.404136546,-3.182813799
142.6,-64.99637933,0.05295508682,0.5959941266,0.3177323998,0,-1.221322747,4.404136546,-3.182813799
142.61,-64.99637933,0.05295508682,0.5959941266,0.3177323998,0,-1.221322747,4.404136546,-3.182813799
142.62,-64.99637933,0.05295508682,0.5959941266,0.3177323998,0,-1.221322747,4.404136546,-3.182813799
142.63,-64.99637933,0.05295508682,0.5959941266,0.3177323998,0,-1.221322747,4.404136546,-3.182813799
142.64,-64.99637933,0.05295508682,0.5959941266,0.3177323998,0,-1.221322747,4.404136546,-3.182813799
142.65,-64.99637933,0.05295508682,0.5959941266,0.3177323998,0,-1.221322747,4.404136546,-3.182813799
142.66,-64.99637933,0.05295508682,0.5959941266,0.3177323998,0,-1.221322747,4.404136546,-3.182813799
142.67,-64.99637933,0.05295508682,0.5959941266,0.3177323998,0,-1.221322747,4.404136546,-3.182813799
142.68,-64.99637933,0.05295508682,0.5959941266,0.3177323998,0,-1.221322747,4.404136546,-3.182813799
142.69,-64.99637933,0.05295508682,0.5959941266,0.3177323998,0,-1.221322747,4.404136546,-3.182813799
142.7,-64.99637933,0.05295508682,0.5959941266,0.3177323998,0,-1.221322747,4.404136546,-3.182813799
142.71,-64.99637933,0.05295508682,0.5959941266,0.3177323998,0,-1.221322747,4.404136546,-3.182813799
142.72,-64.99637933,0.05295508682,0.5959941266,0.3177323998,0,-1.221322747,4.404136546,-3.182813799
142.73,-64.99637933,0.05295508682,0.5959941266,0.3177323998,0,-1.221322747,4.404136546,-3.182813799
142.74,-64.99637933,0.05295508682,0.5959941266,0.3177323998,0,-1.221322747,4.404136546,-3.182813799
142.75,-64.99637933,0.05295508682,0.5959941266,0.3177323998,0,-1.221322747,4.404136546,-3.182813799
142.76,-64.99637933,0.05295508682,0.5959941266,0.3177323998,0,-1.221322747,4.404136546,-3.182813799
142.77,-64.99637933,0.05295508682,0.5959941266,0.3177323998,0,-1.221322747,4.404136546,-3.182813799
142.78,-64.99637933,0.05295508682,0.5959941266,0.3177323998,0,-1.221322747,4.404136546,-3.182813799
142.79,-64.99637933,0.05295508682,0.5959941266,0.3177323998,0,-1.221322747,4.404136546,-3.182813799
142.8,-64.99637933,0.05295508682,0.5959941266,0.3177323998,0,-1.221322747,4.404136546,-3.182813799
142.81,-64.99637933,0.05295508682,0.5959941266,0.3177323998,0,-1.221322747,4.404136546,-3.182813799
142.82,-64.99637933,0.05295508682,0.5959941266,0.3177323998,0,-1.221322747,4.404136546,-3.182813799
142.83,-64.99637933,0.05295508682,0.5959941266,0.3177323998,0,-1.221322747,4.404136546,-3.182813799
142.84,-64.99637933,0.05295508682,0.5959941266,0.3177323998,0,-1.221322747,4.404136546,-3.182813799
142.85,-64.99637933,0.05295508682,0.5959941266,0.3177323998,0,-1.221322747,4.404136546,-3.182813799
142.86,-64.99637933,0.05295508682,0.5959941266,0.3177323998,0,-1.221322747,4.404136546,-3.182813799
142.87,-64.99637933,0.05295508682,0.5959941266,0.3177323998,0,-1.221322747,4.404136546,-3.182813799
142.88,-64.99637933,0.05295508682,0.5959941266,0.3177323998,0,-1.221322747,4.404136546,-3.182813799
142.89,-64.99637933,0.05295508682,0.5959941266,0.3177323998,0,-1.221322747,4.404136546,-3.182813799
142.9,-64.99637933,0.05295508682,0.5959941266,0.3177323998,0,-1.221322747,4.404136546,-3.182813799
142.91,-64.99637933,0.05295508682,0.5959941266,0.3177323998,0,-1.221322747,4.404136546,-3.182813799
142.92,-64.99637933,0.05295508682,0.5959941266,0.3177323998,0,-1.221322747,4.404136546,-3.182813799
142.93,-64.99637933,0.05295508682,0.5959941266,0.3177323998,0,-1.221322747,4.404136546,-3.182813799
142.94,-64.99637933,0.05295508682,0.5959941266,0.3177323998,0,-1.221322747,4.404136546,-3.182813799
142.95,-64.99637933,0.05295508682,0.5959941266,0.3177323998,0,-1.221322747,4.404136546,-3.182813799
142.96,-64.99637933,0.05295508682,0.5959941266,0.3177323998,0,-1.221322747,4.404136546,-3.182813799
142.97,-64.99637933,0.05295508682,0.5959941266,0.3177323998,0,-1.221322747,4.404136546,-3.182813799
142.98,-64.99637933,0.05295508682,0.5959941266,0.3177323998,0,-1.221322747,4.404136546,-3.182813799
142.99,-64.99637933,0.05295508682,0.5959941266,0.3177323998,0,-1.221322747,4.404136546,-3.182813799
143,-64.99637933,0.05295508682,0.5959941266,0.3177323998,0,-1.221322747,4.404136546,-3.182813799
143.01,-64.99637933,0.05295508682,0.5959941266,0.3177323998,0,-1.221322747,4.404136546,-3.182813799
143.02,-64.99637933,0.05295508682,0.5959941265,0.3177323998,0,-1.221322747,4.404136546,-3.182813799
143.03,-64.99637933,0.05295508682,0.5959941265,0.3177323998,0,-1.221322747,4.404136546,-3.182813799
143.04,-64.99637933,0.05295508682,0.5959941265,0.3177323998,0,-1.221322747,4.404136546,-3.182813799
143.05,-64.99637933,0.05295508682,0.5959941265,0.3177323998,0,-1.221322747,4.404136546,-3.182813799
143.06,-64.99637933,0.05295508682,0.5959941265,0.3177323998,0,-1.221322747,4.404136546,-3.182813799
143.07,-64.99637933,0.05295508682,0.5959941265,0.3177323998,0,-1.221322747,4.404136546,-3.182813799
143.08,-64.99637933,0.05295508682,0.5959941265,0.3177323998,0,-1.221322747,4.404136546,-3.182813799
143.09,-64.99637933,0.05295508682,0.5959941265,0.3177323998,0,-1.221322747,4.404136546,-3.182813799
143.1,-64.99637933,0.05295508682,0.5959941265,0.3177323998,0,-1.221322747,4.404136546,-3.182813799
143.11,-64.99637933,0.05295508682,0.5959941265,0.3177323998,0,-1.221322747,4.404136546,-3.182813799
143.12,-64.99637933,0.05295508682,0.5959941265,0.3177323998,0,-1.221322747,4.404136546,-3.182813799
143.13,-64.99637933,0.05295508682,0.5959941265,0.3177323998,0,-1.221322747,4.404136546,-3.182813799
143.14,-64.99637933,0.05295508682,0.5959941265,0.3177323998,0,-1.221322747,4.404136546,-3.182813799
143.15,-64.99637933,0.05295508682,0.5959941265,0.3177323998,0,-1.221322747,4.404136546,-3.182813799
143.16,-64.99637933,0.05295508682,0.5959941265,0.3177323998,0,-1.221322747,4.404136546,-3.182813799
143.17,-64.99637933,0.05295508682,0.5959941265,0.3177323998,0,-1.221322747,4.404136546,-3.182813799
143.18,-64.99637933,0.05295508682,0.5959941265,0.3177323998,0,-1.221322747,4.404136546,-3.182813799
143.19,-64.99637933,0.05295508682,0.5959941265,0.3177323998,0,-1.221322747,4.404136546,-3.182813799
143.2,-64.99637933,0.05295508682,0.5959941265,0.3177323998,0,-1.221322747,4.404136546,-3.182813799
143.21,-64.99637933,0.05295508682,0.5959941265,0.3177323998,0,-1.221322747,4.404136546,-3.182813799
143.22,-64.99637933,0.05295508682,0.5959941265,0.3177323998,0,-1.221322747,4.404136546,-3.182813799
143.23,-64.99637933,0.05295508682,0.5959941265,0.3177323998,0,-1.221322747,4.404136546,-3.182813799
143.24,-64.99637933,0.05295508682,0.5959941265,0.3177323998,0,-1.221322747,4.404136546,-3.182813799
143.25,-64.99637933,0.05295508682,0.5959941265,0.3177323998,0,-1.221322747,4.404136546,-3.182813799
143.26,-64.99637933,0.05295508682,0.5959941265,0.3177323998,0,-1.221322747,4.404136546,-3.182813799
143.27,-64.99637933,0.05295508682,0.5959941265,0.3177323998,0,-1.221322747,4.404136546,-3.182813799
143.28,-64.99637933,0.05295508682,0.5959941265,0.3177323998,0,-1.221322747,4.404136546,-3.182813799
143.29,-64.99637933,0.05295508682,0.5959941265,0.3177323998,0,-1.221322747,4.404136546,-3.182813799
143.3,-64.99637933,0.05295508682,0.5959941265,0.3177323998,0,-1.221322747,4.404136546,-3.182813799
143.31,-64.99637933,0.05295508682,0.5959941265,0.3177323998,0,-1.221322747,4.404136546,-3.182813799
143.32,-64.99637933,0.05295508682,0.5959941265,0.3177323998,0,-1.221322747,4.404136546,-3.182813799
143.33,-64.99637933,0.05295508682,0.5959941265,0.3177323998,0,-1.221322747,4.404136546,-3.182813799
143.34,-64.99637933,0.05295508682,0.5959941265,0.3177323998,0,-1.221322747,4.404136546,-3.182813799
143.35,-64.99637933,0.05295508682,0.5959941265,0.3177323998,0,-1.221322747,4.404136546,-3.182813799
143.36,-64.99637933,0.05295508682,0.5959941265,0.3177323998,0,-1.221322747,4.404136546,-3.182813799
143.37,-64.99637933,0.05295508682,0.5959941265,0.3177323998,0,-1.221322747,4.404136546,-3.182813799
143.38,-64.99637933,0.05295508682,0.5959941265,0.3177323998,0,-1.221322747,4.404136546,-3.182813799
143.39,-64.99637933,0.05295508682,0.5959941265,0.3177323998,0,-1.221322747,4.404136546,-3.182813799
143.4,-64.99637933,0.05295508682,0.5959941265,0.3177323998,0,-1.221322747,4.404136546,-3.182813799
143.41,-64.99637933,0.05295508682,0.5959941265,0.3177323998,0,-1.221322747,4.404136546,-3.182813799
143.42,-64.99637933,0.05295508682,0.5959941265,0.3177323998,0,-1.221322747,4.404136546,-3.182813799
143.43,-64.99637933,0.05295508682,0.5959941265,0.3177323998,0,-1.221322747,4.404136546,-3.182813799
143.44,-64.99637933,0.05295508682,0.5959941265,0.3177323998,0,-1.221322747,4.404136546,-3.182813799
143.45,-64.99637933,0.05295508682,0.5959941265,0.3177323998,0,-1.221322747,4.404136546,-3.182813799
143.46,-64.99637933,0.05295508682,0.5959941265,0.3177323998,0,-1.221322747,4.404136546,-3.182813799
143.47,-64.99637933,0.05295508682,0.5959941265,0.3177323998,0,-1.221322747,4.404136546,-3.182813799
143.48,-64.99637933,0.05295508682,0.5959941265,0.3177323998,0,-1.221322747,4.404136546,-3.182813799
143.49,-64.99637933,0.05295508682,0.5959941264,0.3177323998,0,-1.221322747,4.404136546,-3.182813799
143.5,-64.99637933,0.05295508682,0.5959941264,0.3177323998,0,-1.221322747,4.404136546,-3.182813799
143.51,-64.99637933,0.05295508682,0.5959941264,0.3177323998,0,-1.221322747,4.404136546,-3.182813799
143.52,-64.99637933,0.05295508682,0.5959941264,0.3177323998,0,-1.221322747,4.404136546,-3.182813799
143.53,-64.99637933,0.05295508682,0.5959941264,0.3177323998,0,-1.221322747,4.404136546,-3.182813799
143.54,-64.99637933,0.05295508682,0.5959941264,0.3177323998,0,-1.221322747,4.404136546,-3.182813799
143.55,-64.99637933,0.05295508682,0.5959941264,0.3177323998,0,-1.221322747,4.404136546,-3.182813799
143.56,-64.99637933,0.05295508682,0.5959941264,0.3177323998,0,-1.221322747,4.404136546,-3.182813799
143.57,-64.99637933,0.05295508682,0.5959941264,0.3177323998,0,-1.221322747,4.404136546,-3.182813799
143.58,-64.99637933,0.05295508682,0.5959941264,0.3177323998,0,-1.221322747,4.404136546,-3.182813799
143.59,-64.99637933,0.05295508682,0.5959941264,0.3177323998,0,-1.221322747,4.404136546,-3.182813799
143.6,-64.99637933,0.05295508682,0.5959941264,0.3177323998,0,-1.221322747,4.404136546,-3.182813799
143.61,-64.99637933,0.05295508682,0.5959941264,0.3177323998,0,-1.221322747,4.404136546,-3.182813799
143.62,-64.99637933,0.05295508682,0.5959941264,0.3177323998,0,-1.221322747,4.404136546,-3.182813799
143.63,-64.99637933,0.05295508682,0.5959941264,0.3177323998,0,-1.221322747,4.404136546,-3.182813799
143.64,-64.99637933,0.05295508682,0.5959941264,0.3177323998,0,-1.221322747,4.404136546,-3.182813799
143.65,-64.99637933,0.05295508682,0.5959941264,0.3177323998,0,-1.221322747,4.404136546,-3.182813799
143.66,-64.99637933,0.05295508682,0.5959941264,0.3177323998,0,-1.221322747,4.404136546,-3.182813799
143.67,-64.99637933,0.05295508682,0.5959941264,0.3177323998,0,-1.221322747,4.404136546,-3.182813799
143.68,-64.99637933,0.05295508682,0.5959941264,0.3177323998,0,-1.221322747,4.404136546,-3.182813799
143.69,-64.99637933,0.05295508682,0.5959941264,0.3177323998,0,-1.221322747,4.404136546,-3.182813799
143.7,-64.99637933,0.05295508682,0.5959941264,0.3177323998,0,-1.221322747,4.404136546,-3.182813799
143.71,-64.99637933,0.05295508682,0.5959941264,0.3177323998,0,-1.221322747,4.404136546,-3.182813799
143.72,-64.99637933,0.05295508682,0.5959941264,0.3177323998,0,-1.221322747,4.404136546,-3.182813799
143.73,-64.99637933,0.05295508682,0.5959941264,0.3177323998,0,-1.221322747,4.404136546,-3.182813799
143.74,-64.99637933,0.05295508682,0.5959941264,0.3177323998,0,-1.221322747,4.404136546,-3.182813799
143.75,-64.99637933,0.05295508682,0.5959941264,0.3177323998,0,-1.221322747,4.404136546,-3.182813799
143.76,-64.99637933,0.05295508682,0.5959941264,0.3177323998,0,-1.221322747,4.404136546,-3.182813799
143.77,-64.99637933,0.05295508682,0.5959941264,0.3177323998,0,-1.221322747,4.404136546,-3.182813799
143.78,-64.99637933,0.05295508682,0.5959941264,0.3177323998,0,-1.221322747,4.404136546,-3.182813799
143.79,-64.99637933,0.05295508682,0.5959941264,0.3177323998,0,-1.221322747,4.404136546,-3.182813799
143.8,-64.99637933,0.05295508682,0.5959941264,0.3177323998,0,-1.221322747,4.404136546,-3.182813799
143.81,-64.99637933,0.05295508682,0.5959941264,0.3177323998,0,-1.221322747,4.404136546,-3.182813799
143.82,-64.99637933,0.05295508682,0.5959941264,0.3177323998,0,-1.221322747,4.404136546,-3.182813799
143.83,-64.99637933,0.05295508682,0.5959941264,0.3177323998,0,-1.221322747,4.404136546,-3.182813799
143.84,-64.99637933,0.05295508682,0.5959941264,0.3177323998,0,-1.221322747,4.404136546,-3.182813799
143.85,-64.99637933,0.05295508682,0.5959941264,0.3177323998,0,-1.221322747,4.404136546,-3.182813799
143.86,-64.99637933,0.05295508682,0.5959941264,0.3177323998,0,-1.221322747,4.404136546,-3.182813799
143.87,-64.99637933,0.05295508682,0.5959941264,0.3177323998,0,-1.221322747,4.404136546,-3.182813799
143.88,-64.99637933,0.05295508682,0.5959941264,0.3177323998,0,-1.221322747,4.404136546,-3.182813799
143.89,-64.99637933,0.05295508682,0.5959941264,0.3177323998,0,-1.221322747,4.404136546,-3.182813799
143.9,-64.99637933,0.05295508682,0.5959941264,0.3177323998,0,-1.221322747,4.404136546,-3.182813799
143.91,-64.99637933,0.05295508682,0.5959941264,0.3177323998,0,-1.221322747,4.404136546,-3.182813799
143.92,-64.99637933,0.05295508682,0.5959941264,0.3177323998,0,-1.221322747,4.404136546,-3.182813799
143.93,-64.99637933,0.05295508682,0.5959941264,0.3177323998,0,-1.221322747,4.404136546,-3.182813799
143.94,-64.99637933,0.05295508682,0.5959941264,0.3177323998,0,-1.221322747,4.404136546,-3.182813799
143.95,-64.99637933,0.05295508682,0.5959941264,0.3177323998,0,-1.221322747,4.404136546,-3.182813799
143.96,-64.99637933,0.05295508682,0.5959941264,0.3177323998,0,-1.221322747,4.404136546,-3.182813799
143.97,-64.99637933,0.05295508682,0.5959941264,0.3177323998,0,-1.221322747,4.404136546,-3.182813799
143.98,-64.99637933,0.05295508682,0.5959941264,0.3177323998,0,-1.221322747,4.404136546,-3.182813799
143.99,-64.99637933,0.05295508682,0.5959941263,0.3177323998,0,-1.221322747,4.404136546,-3.182813799
144,-64.99637933,0.05295508682,0.5959941263,0.3177323998,0,-1.221322747,4.404136546,-3.182813799
144.01,-64.99637933,0.05295508682,0.5959941263,0.3177323998,0,-1.221322747,4.404136546,-3.182813799
144.02,-64.99637933,0.05295508682,0.5959941263,0.3177323998,0,-1.221322747,4.404136546,-3.182813799
144.03,-64.99637933,0.05295508682,0.5959941263,0.3177323998,0,-1.221322747,4.404136546,-3.182813799
144.04,-64.99637933,0.05295508682,0.5959941263,0.3177323998,0,-1.221322747,4.404136546,-3.182813799
144.05,-64.99637933,0.05295508682,0.5959941263,0.3177323998,0,-1.221322747,4.404136546,-3.182813799
144.06,-64.99637933,0.05295508682,0.5959941263,0.3177323998,0,-1.221322747,4.404136546,-3.182813799
144.07,-64.99637933,0.05295508682,0.5959941263,0.3177323998,0,-1.221322747,4.404136546,-3.182813799
144.08,-64.99637933,0.05295508682,0.5959941263,0.3177323998,0,-1.221322747,4.404136546,-3.182813799
144.09,-64.99637933,0.05295508682,0.5959941263,0.3177323998,0,-1.221322747,4.404136546,-3.182813799
144.1,-64.99637933,0.05295508682,0.5959941263,0.3177323998,0,-1.221322747,4.404136546,-3.182813799
144.11,-64.99637933,0.05295508682,0.5959941263,0.3177323998,0,-1.221322747,4.404136546,-3.182813799
144.12,-64.99637933,0.05295508682,0.5959941263,0.3177323998,0,-1.221322747,4.404136546,-3.182813799
144.13,-64.99637933,0.05295508682,0.5959941263,0.3177323998,0,-1.221322747,4.404136546,-3.182813799
144.14,-64.99637933,0.05295508682,0.5959941263,0.3177323998,0,-1.221322747,4.404136546,-3.182813799
144.15,-64.99637933,0.05295508682,0.5959941263,0.3177323998,0,-1.221322747,4.404136546,-3.182813799
144.16,-64.99637933,0.05295508682,0.5959941263,0.3177323998,0,-1.221322747,4.404136546,-3.182813799
144.17,-64.99637933,0.05295508682,0.5959941263,0.3177323998,0,-1.221322747,4.404136546,-3.182813799
144.18,-64.99637933,0.05295508682,0.5959941263,0.3177323998,0,-1.221322747,4.404136546,-3.182813799
144.19,-64.99637933,0.05295508682,0.5959941263,0.3177323998,0,-1.221322747,4.404136546,-3.182813799
144.2,-64.99637933,0.05295508682,0.5959941263,0.3177323998,0,-1.221322747,4.404136546,-3.182813799
144.21,-64.99637933,0.05295508682,0.5959941263,0.3177323998,0,-1.221322747,4.404136546,-3.182813799
144.22,-64.99637933,0.05295508682,0.5959941263,0.3177323998,0,-1.221322747,4.404136546,-3.182813799
144.23,-64.99637933,0.05295508682,0.5959941263,0.3177323998,0,-1.221322747,4.404136546,-3.182813799
144.24,-64.99637933,0.05295508682,0.5959941263,0.3177323998,0,-1.221322747,4.404136546,-3.182813799
144.25,-64.99637933,0.05295508682,0.5959941263,0.3177323998,0,-1.221322747,4.404136546,-3.182813799
144.26,-64.99637933,0.05295508682,0.5959941263,0.3177323998,0,-1.221322747,4.404136546,-3.182813799
144.27,-64.99637933,0.05295508682,0.5959941263,0.3177323998,0,-1.221322747,4.404136546,-3.182813799
144.28,-64.99637933,0.05295508682,0.5959941263,0.3177323998,0,-1.221322747,4.404136546,-3.182813799
144.29,-64.99637933,0.05295508682,0.5959941263,0.3177323998,0,-1.221322747,4.404136546,-3.182813799
144.3,-64.99637933,0.05295508682,0.5959941263,0.3177323998,0,-1.221322747,4.404136546,-3.182813799
144.31,-64.99637933,0.05295508682,0.5959941263,0.3177323998,0,-1.221322747,4.404136546,-3.182813799
144.32,-64.99637933,0.05295508682,0.5959941263,0.3177323998,0,-1.221322747,4.404136546,-3.182813799
144.33,-64.99637933,0.05295508682,0.5959941263,0.3177323998,0,-1.221322747,4.404136546,-3.182813799
144.34,-64.99637933,0.05295508682,0.5959941263,0.3177323998,0,-1.221322747,4.404136546,-3.182813799
144.35,-64.99637933,0.05295508682,0.5959941263,0.3177323998,0,-1.221322747,4.404136546,-3.182813799
144.36,-64.99637933,0.05295508682,0.5959941263,0.3177323998,0,-1.221322747,4.404136546,-3.182813799
144.37,-64.99637933,0.05295508682,0.5959941263,0.3177323998,0,-1.221322747,4.404136546,-3.182813799
144.38,-64.99637933,0.05295508682,0.5959941263,0.3177323998,0,-1.221322747,4.404136546,-3.182813799
144.39,-64.99637933,0.05295508682,0.5959941263,0.3177323998,0,-1.221322747,4.404136546,-3.182813799
144.4,-64.99637933,0.05295508682,0.5959941263,0.3177323998,0,-1.221322746,4.404136546,-3.182813799
144.41,-64.99637933,0.05295508682,0.5959941263,0.3177323998,0,-1.221322746,4.404136546,-3.182813799
144.42,-64.99637933,0.05295508682,0.5959941263,0.3177323998,0,-1.221322746,4.404136546,-3.182813799
144.43,-64.99637933,0.05295508682,0.5959941263,0.3177323998,0,-1.221322746,4.404136546,-3.182813799
144.44,-64.99637933,0.05295508682,0.5959941263,0.3177323998,0,-1.221322746,4.404136546,-3.182813799
144.45,-64.99637933,0.05295508682,0.5959941263,0.3177323998,0,-1.221322746,4.404136546,-3.182813799
144.46,-64.99637933,0.05295508682,0.5959941263,0.3177323998,0,-1.221322746,4.404136546,-3.182813799
144.47,-64.99637933,0.05295508682,0.5959941263,0.3177323998,0,-1.221322746,4.404136546,-3.182813799
144.48,-64.99637933,0.05295508682,0.5959941263,0.3177323998,0,-1.221322746,4.404136546,-3.182813799
144.49,-64.99637933,0.05295508682,0.5959941263,0.3177323998,0,-1.221322746,4.404136546,-3.182813799
144.5,-64.99637933,0.05295508682,0.5959941263,0.3177323998,0,-1.221322746,4.404136546,-3.182813799
144.51,-64.99637933,0.05295508682,0.5959941263,0.3177323998,0,-1.221322746,4.404136546,-3.182813799
144.52,-64.99637933,0.05295508682,0.5959941262,0.3177323998,0,-1.221322746,4.404136546,-3.182813799
144.53,-64.99637933,0.05295508682,0.5959941262,0.3177323998,0,-1.221322746,4.404136546,-3.182813799
144.54,-64.99637933,0.05295508682,0.5959941262,0.3177323998,0,-1.221322746,4.404136546,-3.182813799
144.55,-64.99637933,0.05295508682,0.5959941262,0.3177323998,0,-1.221322746,4.404136546,-3.182813799
144.56,-64.99637933,0.05295508682,0.5959941262,0.3177323998,0,-1.221322746,4.404136546,-3.182813799
144.57,-64.99637933,0.05295508682,0.5959941262,0.3177323998,0,-1.221322746,4.404136546,-3.182813799
144.58,-64.99637933,0.05295508682,0.5959941262,0.3177323998,0,-1.221322746,4.404136546,-3.182813799
144.59,-64.99637933,0.05295508682,0.5959941262,0.3177323998,0,-1.221322746,4.404136546,-3.182813799
144.6,-64.99637933,0.05295508682,0.5959941262,0.3177323998,0,-1.221322746,4.404136546,-3.182813799
144.61,-64.99637933,0.05295508682,0.5959941262,0.3177323998,0,-1.221322746,4.404136546,-3.182813799
144.62,-64.99637933,0.05295508682,0.5959941262,0.3177323998,0,-1.221322746,4.404136546,-3.182813799
144.63,-64.99637933,0.05295508682,0.5959941262,0.3177323998,0,-1.221322746,4.404136546,-3.182813799
144.64,-64.99637933,0.05295508682,0.5959941262,0.3177323998,0,-1.221322746,4.404136546,-3.182813799
144.65,-64.99637933,0.05295508682,0.5959941262,0.3177323998,0,-1.221322746,4.404136546,-3.182813799
144.66,-64.99637933,0.05295508682,0.5959941262,0.3177323998,0,-1.221322746,4.404136546,-3.182813799
144.67,-64.99637933,0.05295508682,0.5959941262,0.3177323998,0,-1.221322746,4.404136546,-3.182813799
144.68,-64.99637933,0.05295508682,0.5959941262,0.3177323998,0,-1.221322746,4.404136546,-3.182813799
144.69,-64.99637933,0.05295508682,0.5959941262,0.3177323998,0,-1.221322746,4.404136546,-3.182813799
144.7,-64.99637933,0.05295508682,0.5959941262,0.3177323998,0,-1.221322746,4.404136546,-3.182813799
144.71,-64.99637933,0.05295508682,0.5959941262,0.3177323998,0,-1.221322746,4.404136546,-3.182813799
144.72,-64.99637933,0.05295508682,0.5959941262,0.3177323998,0,-1.221322746,4.404136546,-3.182813799
144.73,-64.99637933,0.05295508682,0.5959941262,0.3177323998,0,-1.221322746,4.404136546,-3.182813799
144.74,-64.99637933,0.05295508682,0.5959941262,0.3177323998,0,-1.221322746,4.404136546,-3.182813799
144.75,-64.99637933,0.05295508682,0.5959941262,0.3177323998,0,-1.221322746,4.404136546,-3.182813799
144.76,-64.99637933,0.05295508682,0.5959941262,0.3177323998,0,-1.221322746,4.404136545,-3.182813799
144.77,-64.99637933,0.05295508682,0.5959941262,0.3177323998,0,-1.221322746,4.404136545,-3.182813799
144.78,-64.99637933,0.05295508682,0.5959941262,0.3177323998,0,-1.221322746,4.404136545,-3.182813799
144.79,-64.99637933,0.05295508682,0.5959941262,0.3177323998,0,-1.221322746,4.404136545,-3.182813799
144.8,-64.99637933,0.05295508682,0.5959941262,0.3177323998,0,-1.221322746,4.404136545,-3.182813799
144.81,-64.99637933,0.05295508682,0.5959941262,0.3177323998,0,-1.221322746,4.404136545,-3.182813799
144.82,-64.99637933,0.05295508682,0.5959941262,0.3177323998,0,-1.221322746,4.404136545,-3.182813799
144.83,-64.99637933,0.05295508682,0.5959941262,0.3177323998,0,-1.221322746,4.404136545,-3.182813799
144.84,-64.99637933,0.05295508682,0.5959941262,0.3177323998,0,-1.221322746,4.404136545,-3.182813799
144.85,-64.99637933,0.05295508682,0.5959941262,0.3177323998,0,-1.221322746,4.404136545,-3.182813799
144.86,-64.99637933,0.05295508682,0.5959941262,0.3177323998,0,-1.221322746,4.404136545,-3.182813799
144.87,-64.99637933,0.05295508682,0.5959941262,0.3177323998,0,-1.221322746,4.404136545,-3.182813799
144.88,-64.99637933,0.05295508682,0.5959941262,0.3177323998,0,-1.221322746,4.404136545,-3.182813799
144.89,-64.99637933,0.05295508682,0.5959941262,0.3177323998,0,-1.221322746,4.404136545,-3.182813799
144.9,-64.99637933,0.05295508682,0.5959941262,0.3177323998,0,-1.221322746,4.404136545,-3.182813799
144.91,-64.99637933,0.05295508682,0.5959941262,0.3177323998,0,-1.221322746,4.404136545,-3.182813799
144.92,-64.99637933,0.05295508682,0.5959941262,0.3177323998,0,-1.221322746,4.404136545,-3.182813799
144.93,-64.99637933,0.05295508682,0.5959941262,0.3177323998,0,-1.221322746,4.404136545,-3.182813799
144.94,-64.99637933,0.05295508682,0.5959941262,0.3177323998,0,-1.221322746,4.404136545,-3.182813799
144.95,-64.99637933,0.05295508682,0.5959941262,0.3177323998,0,-1.221322746,4.404136545,-3.182813799
144.96,-64.99637933,0.05295508682,0.5959941262,0.3177323998,0,-1.221322746,4.404136545,-3.182813799
144.97,-64.99637933,0.05295508682,0.5959941262,0.3177323998,0,-1.221322746,4.404136545,-3.182813799
144.98,-64.99637933,0.05295508682,0.5959941262,0.3177323998,0,-1.221322746,4.404136545,-3.182813799
144.99,-64.99637933,0.05295508682,0.5959941262,0.3177323998,0,-1.221322746,4.404136545,-3.182813799
145,-64.99637933,0.05295508682,0.5959941262,0.3177323998,0,-1.221322746,4.404136545,-3.182813799
145.01,-64.99637933,0.05295508682,0.5959941262,0.3177323998,0,-1.221322746,4.404136545,-3.182813799
145.02,-64.99637933,0.05295508682,0.5959941262,0.3177323998,0,-1.221322746,4.404136545,-3.182813799
145.03,-64.99637933,0.05295508682,0.5959941262,0.3177323998,0,-1.221322746,4.404136545,-3.182813799
145.04,-64.99637933,0.05295508682,0.5959941262,0.3177323998,0,-1.221322746,4.404136545,-3.182813799
145.05,-64.99637933,0.05295508682,0.5959941262,0.3177323998,0,-1.221322746,4.404136545,-3.182813799
145.06,-64.99637933,0.05295508682,0.5959941262,0.3177323998,0,-1.221322746,4.404136545,-3.182813799
145.07,-64.99637933,0.05295508682,0.5959941262,0.3177323998,0,-1.221322746,4.404136545,-3.182813799
145.08,-64.99637933,0.05295508682,0.5959941262,0.3177323998,0,-1.221322746,4.404136545,-3.182813799
145.09,-64.99637933,0.05295508682,0.5959941261,0.3177323998,0,-1.221322746,4.404136545,-3.182813799
145.1,-64.99637933,0.05295508682,0.5959941261,0.3177323998,0,-1.221322746,4.404136545,-3.182813799
145.11,-64.99637933,0.05295508682,0.5959941261,0.3177323998,0,-1.221322746,4.404136545,-3.182813799
145.12,-64.99637933,0.05295508682,0.5959941261,0.3177323998,0,-1.221322746,4.404136545,-3.182813799
145.13,-64.99637933,0.05295508682,0.5959941261,0.3177323998,0,-1.221322746,4.404136545,-3.182813799
145.14,-64.99637933,0.05295508682,0.5959941261,0.3177323998,0,-1.221322746,4.404136545,-3.182813799
145.15,-64.99637933,0.05295508682,0.5959941261,0.3177323998,0,-1.221322746,4.404136545,-3.182813799
145.16,-64.99637933,0.05295508682,0.5959941261,0.3177323998,0,-1.221322746,4.404136545,-3.182813799
145.17,-64.99637933,0.05295508682,0.5959941261,0.3177323998,0,-1.221322746,4.404136545,-3.182813799
145.18,-64.99637933,0.05295508682,0.5959941261,0.3177323998,0,-1.221322746,4.404136545,-3.182813799
145.19,-64.99637933,0.05295508682,0.5959941261,0.3177323998,0,-1.221322746,4.404136545,-3.182813799
145.2,-64.99637933,0.05295508682,0.5959941261,0.3177323998,0,-1.221322746,4.404136545,-3.182813799
145.21,-64.99637933,0.05295508682,0.5959941261,0.3177323998,0,-1.221322746,4.404136545,-3.182813799
145.22,-64.99637933,0.05295508682,0.5959941261,0.3177323998,0,-1.221322746,4.404136545,-3.182813799
145.23,-64.99637933,0.05295508682,0.5959941261,0.3177323998,0,-1.221322746,4.404136545,-3.182813799
145.24,-64.99637933,0.05295508682,0.5959941261,0.3177323998,0,-1.221322746,4.404136545,-3.182813799
145.25,-64.99637933,0.05295508682,0.5959941261,0.3177323998,0,-1.221322746,4.404136545,-3.182813799
145.26,-64.99637933,0.05295508682,0.5959941261,0.3177323998,0,-1.221322746,4.404136545,-3.182813799
145.27,-64.99637933,0.05295508682,0.5959941261,0.3177323998,0,-1.221322746,4.404136545,-3.182813799
145.28,-64.99637933,0.05295508682,0.5959941261,0.3177323998,0,-1.221322746,4.404136545,-3.182813799
145.29,-64.99637933,0.05295508682,0.5959941261,0.3177323998,0,-1.221322746,4.404136545,-3.182813799
145.3,-64.99637933,0.05295508682,0.5959941261,0.3177323998,0,-1.221322746,4.404136545,-3.182813799
145.31,-64.99637933,0.05295508682,0.5959941261,0.3177323998,0,-1.221322746,4.404136545,-3.182813799
145.32,-64.99637933,0.05295508682,0.5959941261,0.3177323998,0,-1.221322746,4.404136545,-3.182813799
145.33,-64.99637933,0.05295508682,0.5959941261,0.3177323998,0,-1.221322746,4.404136545,-3.182813799
145.34,-64.99637933,0.05295508682,0.5959941261,0.3177323998,0,-1.221322746,4.404136545,-3.182813799
145.35,-64.99637933,0.05295508682,0.5959941261,0.3177323998,0,-1.221322746,4.404136545,-3.182813799
145.36,-64.99637933,0.05295508682,0.5959941261,0.3177323998,0,-1.221322746,4.404136545,-3.182813799
145.37,-64.99637933,0.05295508682,0.5959941261,0.3177323998,0,-1.221322746,4.404136545,-3.182813799
145.38,-64.99637933,0.05295508682,0.5959941261,0.3177323998,0,-1.221322746,4.404136545,-3.182813799
145.39,-64.99637933,0.05295508682,0.5959941261,0.3177323998,0,-1.221322746,4.404136545,-3.182813799
145.4,-64.99637933,0.05295508682,0.5959941261,0.3177323998,0,-1.221322746,4.404136545,-3.182813799
145.41,-64.99637933,0.05295508682,0.5959941261,0.3177323998,0,-1.221322746,4.404136545,-3.182813799
145.42,-64.99637933,0.05295508682,0.5959941261,0.3177323998,0,-1.221322746,4.404136545,-3.182813799
145.43,-64.99637933,0.05295508682,0.5959941261,0.3177323998,0,-1.221322746,4.404136545,-3.182813799
145.44,-64.99637933,0.05295508682,0.5959941261,0.3177323998,0,-1.221322746,4.404136545,-3.182813799
145.45,-64.99637933,0.05295508682,0.5959941261,0.3177323998,0,-1.221322746,4.404136545,-3.182813799
145.46,-64.99637933,0.05295508682,0.5959941261,0.3177323998,0,-1.221322746,4.404136545,-3.182813799
145.47,-64.99637933,0.05295508682,0.5959941261,0.3177323998,0,-1.221322746,4.404136545,-3.182813799
145.48,-64.99637933,0.05295508682,0.5959941261,0.3177323998,0,-1.221322746,4.404136545,-3.182813799
145.49,-64.99637933,0.05295508682,0.5959941261,0.3177323998,0,-1.221322746,4.404136545,-3.182813799
145.5,-64.99637933,0.05295508682,0.5959941261,0.3177323998,0,-1.221322746,4.404136545,-3.182813799
145.51,-64.99637933,0.05295508682,0.5959941261,0.3177323998,0,-1.221322746,4.404136545,-3.182813799
145.52,-64.99637933,0.05295508682,0.5959941261,0.3177323998,0,-1.221322746,4.404136545,-3.182813799
145.53,-64.99637933,0.05295508682,0.5959941261,0.3177323998,0,-1.221322746,4.404136545,-3.182813799
145.54,-64.99637933,0.05295508682,0.5959941261,0.3177323998,0,-1.221322746,4.404136545,-3.182813799
145.55,-64.99637933,0.05295508682,0.5959941261,0.3177323998,0,-1.221322746,4.404136545,-3.182813799
145.56,-64.99637933,0.05295508682,0.5959941261,0.3177323998,0,-1.221322746,4.404136545,-3.182813799
145.57,-64.99637933,0.05295508682,0.5959941261,0.3177323998,0,-1.221322746,4.404136545,-3.182813799
145.58,-64.99637933,0.05295508682,0.5959941261,0.3177323998,0,-1.221322746,4.404136545,-3.182813799
145.59,-64.99637933,0.05295508682,0.5959941261,0.3177323998,0,-1.221322746,4.404136545,-3.182813799
145.6,-64.99637933,0.05295508682,0.5959941261,0.3177323998,0,-1.221322746,4.404136545,-3.182813799
145.61,-64.99637933,0.05295508682,0.5959941261,0.3177323998,0,-1.221322746,4.404136545,-3.182813799
145.62,-64.99637933,0.05295508682,0.5959941261,0.3177323998,0,-1.221322746,4.404136545,-3.182813799
145.63,-64.99637933,0.05295508682,0.5959941261,0.3177323998,0,-1.221322746,4.404136545,-3.182813799
145.64,-64.99637933,0.05295508682,0.5959941261,0.3177323998,0,-1.221322746,4.404136545,-3.182813799
145.65,-64.99637933,0.05295508682,0.5959941261,0.3177323998,0,-1.221322746,4.404136545,-3.182813799
145.66,-64.99637933,0.05295508682,0.5959941261,0.3177323998,0,-1.221322746,4.404136545,-3.182813799
145.67,-64.99637933,0.05295508682,0.5959941261,0.3177323998,0,-1.221322746,4.404136545,-3.182813799
145.68,-64.99637933,0.05295508682,0.5959941261,0.3177323998,0,-1.221322746,4.404136545,-3.182813799
145.69,-64.99637933,0.05295508682,0.5959941261,0.3177323998,0,-1.221322746,4.404136545,-3.182813799
145.7,-64.99637933,0.05295508682,0.595994126,0.3177323998,0,-1.221322746,4.404136545,-3.182813799
145.71,-64.99637933,0.05295508682,0.595994126,0.3177323998,0,-1.221322746,4.404136545,-3.182813799
145.72,-64.99637933,0.05295508682,0.595994126,0.3177323998,0,-1.221322746,4.404136545,-3.182813799
145.73,-64.99637933,0.05295508682,0.595994126,0.3177323998,0,-1.221322746,4.404136545,-3.182813799
145.74,-64.99637933,0.05295508682,0.595994126,0.3177323998,0,-1.221322746,4.404136545,-3.182813799
145.75,-64.99637933,0.05295508682,0.595994126,0.3177323998,0,-1.221322746,4.404136545,-3.182813799
145.76,-64.99637933,0.05295508682,0.595994126,0.3177323998,0,-1.221322746,4.404136545,-3.182813799
145.77,-64.99637933,0.05295508682,0.595994126,0.3177323998,0,-1.221322746,4.404136545,-3.182813799
145.78,-64.99637933,0.05295508682,0.595994126,0.3177323998,0,-1.221322746,4.404136545,-3.182813799
145.79,-64.99637933,0.05295508682,0.595994126,0.3177323998,0,-1.221322746,4.404136545,-3.182813799
145.8,-64.99637933,0.05295508682,0.595994126,0.3177323998,0,-1.221322746,4.404136545,-3.182813799
145.81,-64.99637933,0.05295508682,0.595994126,0.3177323998,0,-1.221322746,4.404136545,-3.182813799
145.82,-64.99637933,0.05295508682,0.595994126,0.3177323998,0,-1.221322746,4.404136545,-3.182813799
145.83,-64.99637933,0.05295508682,0.595994126,0.3177323998,0,-1.221322746,4.404136545,-3.182813799
145.84,-64.99637933,0.05295508682,0.595994126,0.3177323998,0,-1.221322746,4.404136545,-3.182813799
145.85,-64.99637933,0.05295508682,0.595994126,0.3177323998,0,-1.221322746,4.404136545,-3.182813799
145.86,-64.99637933,0.05295508682,0.595994126,0.3177323998,0,-1.221322746,4.404136545,-3.182813799
145.87,-64.99637933,0.05295508682,0.595994126,0.3177323998,0,-1.221322746,4.404136545,-3.182813799
145.88,-64.99637933,0.05295508682,0.595994126,0.3177323998,0,-1.221322746,4.404136545,-3.182813799
145.89,-64.99637933,0.05295508682,0.595994126,0.3177323998,0,-1.221322746,4.404136545,-3.182813799
145.9,-64.99637933,0.05295508682,0.595994126,0.3177323998,0,-1.221322746,4.404136545,-3.182813799
145.91,-64.99637933,0.05295508682,0.595994126,0.3177323998,0,-1.221322746,4.404136545,-3.182813799
145.92,-64.99637933,0.05295508682,0.595994126,0.3177323998,0,-1.221322746,4.404136545,-3.182813799
145.93,-64.99637933,0.05295508682,0.595994126,0.3177323998,0,-1.221322746,4.404136545,-3.182813799
145.94,-64.99637933,0.05295508682,0.595994126,0.3177323998,0,-1.221322746,4.404136545,-3.182813799
145.95,-64.99637933,0.05295508682,0.595994126,0.3177323998,0,-1.221322746,4.404136545,-3.182813799
145.96,-64.99637933,0.05295508682,0.595994126,0.3177323998,0,-1.221322746,4.404136545,-3.182813799
145.97,-64.99637933,0.05295508682,0.595994126,0.3177323998,0,-1.221322746,4.404136545,-3.182813799
145.98,-64.99637933,0.05295508682,0.595994126,0.3177323998,0,-1.221322746,4.404136545,-3.182813799
145.99,-64.99637933,0.05295508682,0.595994126,0.3177323998,0,-1.221322746,4.404136545,-3.182813799
146,-64.99637933,0.05295508682,0.595994126,0.3177323998,0,-1.221322746,4.404136545,-3.182813799
146.01,-64.99637933,0.05295508682,0.595994126,0.3177323998,0,-1.221322746,4.404136545,-3.182813799
146.02,-64.99637933,0.05295508682,0.595994126,0.3177323998,0,-1.221322746,4.404136545,-3.182813799
146.03,-64.99637933,0.05295508682,0.595994126,0.3177323998,0,-1.221322746,4.404136545,-3.182813799
146.04,-64.99637933,0.05295508682,0.595994126,0.3177323998,0,-1.221322746,4.404136545,-3.182813799
146.05,-64.99637933,0.05295508682,0.595994126,0.3177323998,0,-1.221322746,4.404136545,-3.182813799
146.06,-64.99637933,0.05295508682,0.595994126,0.3177323998,0,-1.221322746,4.404136545,-3.182813799
146.07,-64.99637933,0.05295508682,0.595994126,0.3177323998,0,-1.221322746,4.404136545,-3.182813799
146.08,-64.99637933,0.05295508682,0.595994126,0.3177323998,0,-1.221322746,4.404136545,-3.182813799
146.09,-64.99637933,0.05295508682,0.595994126,0.3177323998,0,-1.221322746,4.404136545,-3.182813799
146.1,-64.99637933,0.05295508682,0.595994126,0.3177323998,0,-1.221322746,4.404136545,-3.182813799
146.11,-64.99637933,0.05295508682,0.595994126,0.3177323998,0,-1.221322746,4.404136545,-3.182813799
146.12,-64.99637933,0.05295508682,0.595994126,0.3177323998,0,-1.221322746,4.404136545,-3.182813799
146.13,-64.99637933,0.05295508682,0.595994126,0.3177323998,0,-1.221322746,4.404136545,-3.182813799
146.14,-64.99637933,0.05295508682,0.595994126,0.3177323998,0,-1.221322746,4.404136545,-3.182813799
146.15,-64.99637933,0.05295508682,0.595994126,0.3177323998,0,-1.221322746,4.404136545,-3.182813799
146.16,-64.99637933,0.05295508682,0.595994126,0.3177323998,0,-1.221322746,4.404136545,-3.182813799
146.17,-64.99637933,0.05295508682,0.595994126,0.3177323998,0,-1.221322746,4.404136545,-3.182813799
146.18,-64.99637933,0.05295508682,0.595994126,0.3177323998,0,-1.221322746,4.404136545,-3.182813799
146.19,-64.99637933,0.05295508682,0.595994126,0.3177323998,0,-1.221322746,4.404136545,-3.182813799
146.2,-64.99637933,0.05295508682,0.595994126,0.3177323998,0,-1.221322746,4.404136545,-3.182813799
146.21,-64.99637933,0.05295508682,0.595994126,0.3177323998,0,-1.221322746,4.404136545,-3.182813799
146.22,-64.99637933,0.05295508682,0.595994126,0.3177323998,0,-1.221322746,4.404136545,-3.182813799
146.23,-64.99637933,0.05295508682,0.595994126,0.3177323998,0,-1.221322746,4.404136545,-3.182813799
146.24,-64.99637933,0.05295508682,0.595994126,0.3177323998,0,-1.221322746,4.404136545,-3.182813799
146.25,-64.99637933,0.05295508682,0.595994126,0.3177323998,0,-1.221322746,4.404136545,-3.182813799
146.26,-64.99637933,0.05295508682,0.595994126,0.3177323998,0,-1.221322746,4.404136545,-3.182813799
146.27,-64.99637933,0.05295508682,0.595994126,0.3177323998,0,-1.221322746,4.404136545,-3.182813799
146.28,-64.99637933,0.05295508682,0.595994126,0.3177323998,0,-1.221322746,4.404136545,-3.182813799
146.29,-64.99637933,0.05295508682,0.595994126,0.3177323998,0,-1.221322746,4.404136545,-3.182813799
146.3,-64.99637933,0.05295508682,0.595994126,0.3177323998,0,-1.221322746,4.404136545,-3.182813799
146.31,-64.99637933,0.05295508682,0.595994126,0.3177323998,0,-1.221322746,4.404136545,-3.182813799
146.32,-64.99637933,0.05295508682,0.595994126,0.3177323998,0,-1.221322746,4.404136545,-3.182813799
146.33,-64.99637933,0.05295508682,0.595994126,0.3177323998,0,-1.221322746,4.404136545,-3.182813799
146.34,-64.99637933,0.05295508682,0.595994126,0.3177323998,0,-1.221322746,4.404136545,-3.182813799
146.35,-64.99637933,0.05295508682,0.595994126,0.3177323998,0,-1.221322746,4.404136545,-3.182813799
146.36,-64.99637933,0.05295508682,0.5959941259,0.3177323998,0,-1.221322746,4.404136545,-3.182813799
146.37,-64.99637933,0.05295508682,0.5959941259,0.3177323998,0,-1.221322746,4.404136545,-3.182813799
146.38,-64.99637933,0.05295508682,0.5959941259,0.3177323998,0,-1.221322746,4.404136545,-3.182813799
146.39,-64.99637933,0.05295508682,0.5959941259,0.3177323998,0,-1.221322746,4.404136545,-3.182813799
146.4,-64.99637933,0.05295508682,0.5959941259,0.3177323998,0,-1.221322746,4.404136545,-3.182813799
146.41,-64.99637933,0.05295508682,0.5959941259,0.3177323998,0,-1.221322746,4.404136545,-3.182813799
146.42,-64.99637933,0.05295508682,0.5959941259,0.3177323998,0,-1.221322746,4.404136545,-3.182813799
146.43,-64.99637933,0.05295508682,0.5959941259,0.3177323998,0,-1.221322746,4.404136545,-3.182813799
146.44,-64.99637933,0.05295508682,0.5959941259,0.3177323998,0,-1.221322746,4.404136545,-3.182813799
146.45,-64.99637933,0.05295508682,0.5959941259,0.3177323998,0,-1.221322746,4.404136545,-3.182813799
146.46,-64.99637933,0.05295508682,0.5959941259,0.3177323998,0,-1.221322746,4.404136545,-3.182813799
146.47,-64.99637933,0.05295508682,0.5959941259,0.3177323998,0,-1.221322746,4.404136545,-3.182813799
146.48,-64.99637933,0.05295508682,0.5959941259,0.3177323998,0,-1.221322746,4.404136545,-3.182813799
146.49,-64.99637933,0.05295508682,0.5959941259,0.3177323998,0,-1.221322746,4.404136545,-3.182813799
146.5,-64.99637933,0.05295508682,0.5959941259,0.3177323998,0,-1.221322746,4.404136545,-3.182813799
146.51,-64.99637933,0.05295508682,0.5959941259,0.3177323998,0,-1.221322746,4.404136545,-3.182813799
146.52,-64.99637933,0.05295508682,0.5959941259,0.3177323998,0,-1.221322746,4.404136545,-3.182813799
146.53,-64.99637933,0.05295508682,0.5959941259,0.3177323998,0,-1.221322746,4.404136545,-3.182813799
146.54,-64.99637933,0.05295508682,0.5959941259,0.3177323998,0,-1.221322746,4.404136545,-3.182813799
146.55,-64.99637933,0.05295508682,0.5959941259,0.3177323998,0,-1.221322746,4.404136545,-3.182813799
146.56,-64.99637933,0.05295508682,0.5959941259,0.3177323998,0,-1.221322746,4.404136545,-3.182813799
146.57,-64.99637933,0.05295508682,0.5959941259,0.3177323998,0,-1.221322746,4.404136545,-3.182813799
146.58,-64.99637933,0.05295508682,0.5959941259,0.3177323998,0,-1.221322746,4.404136545,-3.182813799
146.59,-64.99637933,0.05295508682,0.5959941259,0.3177323998,0,-1.221322746,4.404136545,-3.182813799
146.6,-64.99637933,0.05295508682,0.5959941259,0.3177323998,0,-1.221322746,4.404136545,-3.182813799
146.61,-64.99637933,0.05295508682,0.5959941259,0.3177323998,0,-1.221322746,4.404136545,-3.182813799
146.62,-64.99637933,0.05295508682,0.5959941259,0.3177323998,0,-1.221322746,4.404136545,-3.182813799
146.63,-64.99637933,0.05295508682,0.5959941259,0.3177323998,0,-1.221322746,4.404136545,-3.182813799
146.64,-64.99637933,0.05295508682,0.5959941259,0.3177323998,0,-1.221322746,4.404136545,-3.182813799
146.65,-64.99637933,0.05295508682,0.5959941259,0.3177323998,0,-1.221322746,4.404136545,-3.182813799
146.66,-64.99637933,0.05295508682,0.5959941259,0.3177323998,0,-1.221322746,4.404136545,-3.182813799
146.67,-64.99637933,0.05295508682,0.5959941259,0.3177323998,0,-1.221322746,4.404136545,-3.182813799
146.68,-64.99637933,0.05295508682,0.5959941259,0.3177323998,0,-1.221322746,4.404136545,-3.182813799
146.69,-64.99637933,0.05295508682,0.5959941259,0.3177323998,0,-1.221322746,4.404136545,-3.182813799
146.7,-64.99637933,0.05295508682,0.5959941259,0.3177323998,0,-1.221322746,4.404136545,-3.182813799
146.71,-64.99637933,0.05295508682,0.5959941259,0.3177323998,0,-1.221322746,4.404136545,-3.182813799
146.72,-64.99637933,0.05295508682,0.5959941259,0.3177323998,0,-1.221322746,4.404136545,-3.182813799
146.73,-64.99637933,0.05295508682,0.5959941259,0.3177323998,0,-1.221322746,4.404136545,-3.182813799
146.74,-64.99637933,0.05295508682,0.5959941259,0.3177323998,0,-1.221322746,4.404136545,-3.182813799
146.75,-64.99637933,0.05295508682,0.5959941259,0.3177323998,0,-1.221322746,4.404136545,-3.182813799
146.76,-64.99637933,0.05295508682,0.5959941259,0.3177323998,0,-1.221322746,4.404136545,-3.182813799
146.77,-64.99637933,0.05295508682,0.5959941259,0.3177323998,0,-1.221322746,4.404136545,-3.182813799
146.78,-64.99637933,0.05295508682,0.5959941259,0.3177323998,0,-1.221322746,4.404136545,-3.182813799
146.79,-64.99637933,0.05295508682,0.5959941259,0.3177323998,0,-1.221322746,4.404136545,-3.182813799
146.8,-64.99637933,0.05295508682,0.5959941259,0.3177323998,0,-1.221322746,4.404136545,-3.182813799
146.81,-64.99637933,0.05295508682,0.5959941259,0.3177323998,0,-1.221322746,4.404136545,-3.182813799
146.82,-64.99637933,0.05295508682,0.5959941259,0.3177323998,0,-1.221322746,4.404136545,-3.182813799
146.83,-64.99637933,0.05295508682,0.5959941259,0.3177323998,0,-1.221322746,4.404136545,-3.182813799
146.84,-64.99637933,0.05295508682,0.5959941259,0.3177323998,0,-1.221322746,4.404136545,-3.182813799
146.85,-64.99637933,0.05295508682,0.5959941259,0.3177323998,0,-1.221322746,4.404136545,-3.182813799
146.86,-64.99637933,0.05295508682,0.5959941259,0.3177323998,0,-1.221322746,4.404136545,-3.182813799
146.87,-64.99637933,0.05295508682,0.5959941259,0.3177323998,0,-1.221322746,4.404136545,-3.182813799
146.88,-64.99637933,0.05295508682,0.5959941259,0.3177323998,0,-1.221322746,4.404136545,-3.182813799
146.89,-64.99637933,0.05295508682,0.5959941259,0.3177323998,0,-1.221322746,4.404136545,-3.182813799
146.9,-64.99637933,0.05295508682,0.5959941259,0.3177323998,0,-1.221322746,4.404136545,-3.182813799
146.91,-64.99637933,0.05295508682,0.5959941259,0.3177323998,0,-1.221322746,4.404136545,-3.182813799
146.92,-64.99637933,0.05295508682,0.5959941259,0.3177323998,0,-1.221322746,4.404136545,-3.182813799
146.93,-64.99637933,0.05295508682,0.5959941259,0.3177323998,0,-1.221322746,4.404136545,-3.182813799
146.94,-64.99637933,0.05295508682,0.5959941259,0.3177323998,0,-1.221322746,4.404136545,-3.182813799
146.95,-64.99637933,0.05295508682,0.5959941259,0.3177323998,0,-1.221322746,4.404136545,-3.182813799
146.96,-64.99637933,0.05295508682,0.5959941259,0.3177323998,0,-1.221322746,4.404136545,-3.182813799
146.97,-64.99637933,0.05295508682,0.5959941259,0.3177323998,0,-1.221322746,4.404136545,-3.182813799
146.98,-64.99637933,0.05295508682,0.5959941259,0.3177323998,0,-1.221322746,4.404136545,-3.182813799
146.99,-64.99637933,0.05295508682,0.5959941259,0.3177323998,0,-1.221322746,4.404136545,-3.182813799
147,-64.99637933,0.05295508682,0.5959941259,0.3177323998,0,-1.221322746,4.404136545,-3.182813799
147.01,-64.99637933,0.05295508682,0.5959941259,0.3177323998,0,-1.221322746,4.404136545,-3.182813799
147.02,-64.99637933,0.05295508682,0.5959941259,0.3177323998,0,-1.221322745,4.404136545,-3.182813799
147.03,-64.99637933,0.05295508682,0.5959941259,0.3177323998,0,-1.221322745,4.404136545,-3.182813799
147.04,-64.99637933,0.05295508682,0.5959941259,0.3177323998,0,-1.221322745,4.404136545,-3.182813799
147.05,-64.99637933,0.05295508682,0.5959941259,0.3177323998,0,-1.221322745,4.404136545,-3.182813799
147.06,-64.99637933,0.05295508682,0.5959941259,0.3177323998,0,-1.221322745,4.404136545,-3.182813799
147.07,-64.99637933,0.05295508682,0.5959941258,0.3177323998,0,-1.221322745,4.404136545,-3.182813799
147.08,-64.99637933,0.05295508682,0.5959941258,0.3177323998,0,-1.221322745,4.404136545,-3.182813799
147.09,-64.99637933,0.05295508682,0.5959941258,0.3177323998,0,-1.221322745,4.404136545,-3.182813799
147.1,-64.99637933,0.05295508682,0.5959941258,0.3177323998,0,-1.221322745,4.404136545,-3.182813799
147.11,-64.99637933,0.05295508682,0.5959941258,0.3177323998,0,-1.221322745,4.404136545,-3.182813799
147.12,-64.99637933,0.05295508682,0.5959941258,0.3177323998,0,-1.221322745,4.404136545,-3.182813799
147.13,-64.99637933,0.05295508682,0.5959941258,0.3177323998,0,-1.221322745,4.404136545,-3.182813799
147.14,-64.99637933,0.05295508682,0.5959941258,0.3177323998,0,-1.221322745,4.404136545,-3.182813799
147.15,-64.99637933,0.05295508682,0.5959941258,0.3177323998,0,-1.221322745,4.404136545,-3.182813799
147.16,-64.99637933,0.05295508682,0.5959941258,0.3177323998,0,-1.221322745,4.404136545,-3.182813799
147.17,-64.99637933,0.05295508682,0.5959941258,0.3177323998,0,-1.221322745,4.404136545,-3.182813799
147.18,-64.99637933,0.05295508682,0.5959941258,0.3177323998,0,-1.221322745,4.404136545,-3.182813799
147.19,-64.99637933,0.05295508682,0.5959941258,0.3177323998,0,-1.221322745,4.404136545,-3.182813799
147.2,-64.99637933,0.05295508682,0.5959941258,0.3177323998,0,-1.221322745,4.404136545,-3.182813799
147.21,-64.99637933,0.05295508682,0.5959941258,0.3177323998,0,-1.221322745,4.404136545,-3.182813799
147.22,-64.99637933,0.05295508682,0.5959941258,0.3177323998,0,-1.221322745,4.404136545,-3.182813799
147.23,-64.99637933,0.05295508682,0.5959941258,0.3177323998,0,-1.221322745,4.404136545,-3.182813799
147.24,-64.99637933,0.05295508682,0.5959941258,0.3177323998,0,-1.221322745,4.404136545,-3.182813799
147.25,-64.99637933,0.05295508682,0.5959941258,0.3177323998,0,-1.221322745,4.404136545,-3.182813799
147.26,-64.99637933,0.05295508682,0.5959941258,0.3177323998,0,-1.221322745,4.404136545,-3.182813799
147.27,-64.99637933,0.05295508682,0.5959941258,0.3177323998,0,-1.221322745,4.404136545,-3.182813799
147.28,-64.99637933,0.05295508682,0.5959941258,0.3177323998,0,-1.221322745,4.404136545,-3.182813799
147.29,-64.99637933,0.05295508682,0.5959941258,0.3177323998,0,-1.221322745,4.404136545,-3.182813799
147.3,-64.99637933,0.05295508682,0.5959941258,0.3177323998,0,-1.221322745,4.404136545,-3.182813799
147.31,-64.99637933,0.05295508682,0.5959941258,0.3177323998,0,-1.221322745,4.404136545,-3.182813799
147.32,-64.99637933,0.05295508682,0.5959941258,0.3177323998,0,-1.221322745,4.404136545,-3.182813799
147.33,-64.99637933,0.05295508682,0.5959941258,0.3177323998,0,-1.221322745,4.404136545,-3.182813799
147.34,-64.99637933,0.05295508682,0.5959941258,0.3177323998,0,-1.221322745,4.404136545,-3.182813799
147.35,-64.99637933,0.05295508682,0.5959941258,0.3177323998,0,-1.221322745,4.404136545,-3.182813799
147.36,-64.99637933,0.05295508682,0.5959941258,0.3177323998,0,-1.221322745,4.404136545,-3.182813799
147.37,-64.99637933,0.05295508682,0.5959941258,0.3177323998,0,-1.221322745,4.404136545,-3.182813799
147.38,-64.99637933,0.05295508682,0.5959941258,0.3177323998,0,-1.221322745,4.404136545,-3.182813799
147.39,-64.99637933,0.05295508682,0.5959941258,0.3177323998,0,-1.221322745,4.404136545,-3.182813799
147.4,-64.99637933,0.05295508682,0.5959941258,0.3177323998,0,-1.221322745,4.404136545,-3.182813799
147.41,-64.99637933,0.05295508682,0.5959941258,0.3177323998,0,-1.221322745,4.404136545,-3.182813799
147.42,-64.99637933,0.05295508682,0.5959941258,0.3177323998,0,-1.221322745,4.404136545,-3.182813799
147.43,-64.99637933,0.05295508682,0.5959941258,0.3177323998,0,-1.221322745,4.404136545,-3.182813799
147.44,-64.99637933,0.05295508682,0.5959941258,0.3177323998,0,-1.221322745,4.404136545,-3.182813799
147.45,-64.99637933,0.05295508682,0.5959941258,0.3177323998,0,-1.221322745,4.404136545,-3.182813799
147.46,-64.99637933,0.05295508682,0.5959941258,0.3177323998,0,-1.221322745,4.404136545,-3.182813799
147.47,-64.99637933,0.05295508682,0.5959941258,0.3177323998,0,-1.221322745,4.404136545,-3.182813799
147.48,-64.99637933,0.05295508682,0.5959941258,0.3177323998,0,-1.221322745,4.404136545,-3.182813799
147.49,-64.99637933,0.05295508682,0.5959941258,0.3177323998,0,-1.221322745,4.404136545,-3.182813799
147.5,-64.99637933,0.05295508682,0.5959941258,0.3177323998,0,-1.221322745,4.404136545,-3.182813799
147.51,-64.99637933,0.05295508682,0.5959941258,0.3177323998,0,-1.221322745,4.404136545,-3.182813799
147.52,-64.99637933,0.05295508682,0.5959941258,0.3177323998,0,-1.221322745,4.404136545,-3.182813799
147.53,-64.99637933,0.05295508682,0.5959941258,0.3177323998,0,-1.221322745,4.404136545,-3.182813799
147.54,-64.99637933,0.05295508682,0.5959941258,0.3177323998,0,-1.221322745,4.404136545,-3.182813799
147.55,-64.99637933,0.05295508682,0.5959941258,0.3177323998,0,-1.221322745,4.404136545,-3.182813799
147.56,-64.99637933,0.05295508682,0.5959941258,0.3177323998,0,-1.221322745,4.404136545,-3.182813799
147.57,-64.99637933,0.05295508682,0.5959941258,0.3177323998,0,-1.221322745,4.404136545,-3.182813799
147.58,-64.99637933,0.05295508682,0.5959941258,0.3177323998,0,-1.221322745,4.404136545,-3.182813799
147.59,-64.99637933,0.05295508682,0.5959941258,0.3177323998,0,-1.221322745,4.404136545,-3.182813799
147.6,-64.99637933,0.05295508682,0.5959941258,0.3177323998,0,-1.221322745,4.404136545,-3.182813799
147.61,-64.99637933,0.05295508682,0.5959941258,0.3177323998,0,-1.221322745,4.404136545,-3.182813799
147.62,-64.99637933,0.05295508682,0.5959941258,0.3177323998,0,-1.221322745,4.404136545,-3.182813799
147.63,-64.99637933,0.05295508682,0.5959941258,0.3177323998,0,-1.221322745,4.404136545,-3.182813799
147.64,-64.99637933,0.05295508682,0.5959941258,0.3177323998,0,-1.221322745,4.404136545,-3.182813799
147.65,-64.99637933,0.05295508682,0.5959941258,0.3177323998,0,-1.221322745,4.404136545,-3.182813799
147.66,-64.99637933,0.05295508682,0.5959941258,0.3177323998,0,-1.221322745,4.404136545,-3.182813799
147.67,-64.99637933,0.05295508682,0.5959941258,0.3177323998,0,-1.221322745,4.404136545,-3.182813799
147.68,-64.99637933,0.05295508682,0.5959941258,0.3177323998,0,-1.221322745,4.404136545,-3.182813799
147.69,-64.99637933,0.05295508682,0.5959941258,0.3177323998,0,-1.221322745,4.404136545,-3.182813799
147.7,-64.99637933,0.05295508682,0.5959941258,0.3177323998,0,-1.221322745,4.404136545,-3.182813799
147.71,-64.99637933,0.05295508682,0.5959941258,0.3177323998,0,-1.221322745,4.404136545,-3.182813799
147.72,-64.99637933,0.05295508682,0.5959941258,0.3177323998,0,-1.221322745,4.404136544,-3.182813799
147.73,-64.99637933,0.05295508682,0.5959941258,0.3177323998,0,-1.221322745,4.404136544,-3.182813799
147.74,-64.99637933,0.05295508682,0.5959941258,0.3177323998,0,-1.221322745,4.404136544,-3.182813799
147.75,-64.99637933,0.05295508682,0.5959941258,0.3177323998,0,-1.221322745,4.404136544,-3.182813799
147.76,-64.99637933,0.05295508682,0.5959941258,0.3177323998,0,-1.221322745,4.404136544,-3.182813799
147.77,-64.99637933,0.05295508682,0.5959941258,0.3177323998,0,-1.221322745,4.404136544,-3.182813799
147.78,-64.99637933,0.05295508682,0.5959941258,0.3177323998,0,-1.221322745,4.404136544,-3.182813799
147.79,-64.99637933,0.05295508682,0.5959941258,0.3177323998,0,-1.221322745,4.404136544,-3.182813799
147.8,-64.99637933,0.05295508682,0.5959941258,0.3177323998,0,-1.221322745,4.404136544,-3.182813799
147.81,-64.99637933,0.05295508682,0.5959941258,0.3177323998,0,-1.221322745,4.404136544,-3.182813799
147.82,-64.99637933,0.05295508682,0.5959941258,0.3177323998,0,-1.221322745,4.404136544,-3.182813799
147.83,-64.99637933,0.05295508682,0.5959941258,0.3177323998,0,-1.221322745,4.404136544,-3.182813799
147.84,-64.99637933,0.05295508682,0.5959941258,0.3177323998,0,-1.221322745,4.404136544,-3.182813799
147.85,-64.99637933,0.05295508682,0.5959941258,0.3177323998,0,-1.221322745,4.404136544,-3.182813799
147.86,-64.99637933,0.05295508682,0.5959941257,0.3177323998,0,-1.221322745,4.404136544,-3.182813799
147.87,-64.99637933,0.05295508682,0.5959941257,0.3177323998,0,-1.221322745,4.404136544,-3.182813799
147.88,-64.99637933,0.05295508682,0.5959941257,0.3177323998,0,-1.221322745,4.404136544,-3.182813799
147.89,-64.99637933,0.05295508682,0.5959941257,0.3177323998,0,-1.221322745,4.404136544,-3.182813799
147.9,-64.99637933,0.05295508682,0.5959941257,0.3177323998,0,-1.221322745,4.404136544,-3.182813799
147.91,-64.99637933,0.05295508682,0.5959941257,0.3177323998,0,-1.221322745,4.404136544,-3.182813799
147.92,-64.99637933,0.05295508682,0.5959941257,0.3177323998,0,-1.221322745,4.404136544,-3.182813799
147.93,-64.99637933,0.05295508682,0.5959941257,0.3177323998,0,-1.221322745,4.404136544,-3.182813799
147.94,-64.99637933,0.05295508682,0.5959941257,0.3177323998,0,-1.221322745,4.404136544,-3.182813799
147.95,-64.99637933,0.05295508682,0.5959941257,0.3177323998,0,-1.221322745,4.404136544,-3.182813799
147.96,-64.99637933,0.05295508682,0.5959941257,0.3177323998,0,-1.221322745,4.404136544,-3.182813799
147.97,-64.99637933,0.05295508682,0.5959941257,0.3177323998,0,-1.221322745,4.404136544,-3.182813799
147.98,-64.99637933,0.05295508682,0.5959941257,0.3177323998,0,-1.221322745,4.404136544,-3.182813799
147.99,-64.99637933,0.05295508682,0.5959941257,0.3177323998,0,-1.221322745,4.404136544,-3.182813799
148,-64.99637933,0.05295508682,0.5959941257,0.3177323998,0,-1.221322745,4.404136544,-3.182813799
148.01,-64.99637933,0.05295508682,0.5959941257,0.3177323998,0,-1.221322745,4.404136544,-3.182813799
148.02,-64.99637933,0.05295508682,0.5959941257,0.3177323998,0,-1.221322745,4.404136544,-3.182813799
148.03,-64.99637933,0.05295508682,0.5959941257,0.3177323998,0,-1.221322745,4.404136544,-3.182813799
148.04,-64.99637933,0.05295508682,0.5959941257,0.3177323998,0,-1.221322745,4.404136544,-3.182813799
148.05,-64.99637933,0.05295508682,0.5959941257,0.3177323998,0,-1.221322745,4.404136544,-3.182813799
148.06,-64.99637933,0.05295508682,0.5959941257,0.3177323998,0,-1.221322745,4.404136544,-3.182813799
148.07,-64.99637933,0.05295508682,0.5959941257,0.3177323998,0,-1.221322745,4.404136544,-3.182813799
148.08,-64.99637933,0.05295508682,0.5959941257,0.3177323998,0,-1.221322745,4.404136544,-3.182813799
148.09,-64.99637933,0.05295508682,0.5959941257,0.3177323998,0,-1.221322745,4.404136544,-3.182813799
148.1,-64.99637933,0.05295508682,0.5959941257,0.3177323998,0,-1.221322745,4.404136544,-3.182813799
148.11,-64.99637933,0.05295508682,0.5959941257,0.3177323998,0,-1.221322745,4.404136544,-3.182813799
148.12,-64.99637933,0.05295508682,0.5959941257,0.3177323998,0,-1.221322745,4.404136544,-3.182813799
148.13,-64.99637933,0.05295508682,0.5959941257,0.3177323998,0,-1.221322745,4.404136544,-3.182813799
148.14,-64.99637933,0.05295508682,0.5959941257,0.3177323998,0,-1.221322745,4.404136544,-3.182813799
148.15,-64.99637933,0.05295508682,0.5959941257,0.3177323998,0,-1.221322745,4.404136544,-3.182813799
148.16,-64.99637933,0.05295508682,0.5959941257,0.3177323998,0,-1.221322745,4.404136544,-3.182813799
148.17,-64.99637933,0.05295508682,0.5959941257,0.3177323998,0,-1.221322745,4.404136544,-3.182813799
148.18,-64.99637933,0.05295508682,0.5959941257,0.3177323998,0,-1.221322745,4.404136544,-3.182813799
148.19,-64.99637933,0.05295508682,0.5959941257,0.3177323998,0,-1.221322745,4.404136544,-3.182813799
148.2,-64.99637933,0.05295508682,0.5959941257,0.3177323998,0,-1.221322745,4.404136544,-3.182813799
148.21,-64.99637933,0.05295508682,0.5959941257,0.3177323998,0,-1.221322745,4.404136544,-3.182813799
148.22,-64.99637933,0.05295508682,0.5959941257,0.3177323998,0,-1.221322745,4.404136544,-3.182813799
148.23,-64.99637933,0.05295508682,0.5959941257,0.3177323998,0,-1.221322745,4.404136544,-3.182813799
148.24,-64.99637933,0.05295508682,0.5959941257,0.3177323998,0,-1.221322745,4.404136544,-3.182813799
148.25,-64.99637933,0.05295508682,0.5959941257,0.3177323998,0,-1.221322745,4.404136544,-3.182813799
148.26,-64.99637933,0.05295508682,0.5959941257,0.3177323998,0,-1.221322745,4.404136544,-3.182813799
148.27,-64.99637933,0.05295508682,0.5959941257,0.3177323998,0,-1.221322745,4.404136544,-3.182813799
148.28,-64.99637933,0.05295508682,0.5959941257,0.3177323998,0,-1.221322745,4.404136544,-3.182813799
148.29,-64.99637933,0.05295508682,0.5959941257,0.3177323998,0,-1.221322745,4.404136544,-3.182813799
148.3,-64.99637933,0.05295508682,0.5959941257,0.3177323998,0,-1.221322745,4.404136544,-3.182813799
148.31,-64.99637933,0.05295508682,0.5959941257,0.3177323998,0,-1.221322745,4.404136544,-3.182813799
148.32,-64.99637933,0.05295508682,0.5959941257,0.3177323998,0,-1.221322745,4.404136544,-3.182813799
148.33,-64.99637933,0.05295508682,0.5959941257,0.3177323998,0,-1.221322745,4.404136544,-3.182813799
148.34,-64.99637933,0.05295508682,0.5959941257,0.3177323998,0,-1.221322745,4.404136544,-3.182813799
148.35,-64.99637933,0.05295508682,0.5959941257,0.3177323998,0,-1.221322745,4.404136544,-3.182813799
148.36,-64.99637933,0.05295508682,0.5959941257,0.3177323998,0,-1.221322745,4.404136544,-3.182813799
148.37,-64.99637933,0.05295508682,0.5959941257,0.3177323998,0,-1.221322745,4.404136544,-3.182813799
148.38,-64.99637933,0.05295508682,0.5959941257,0.3177323998,0,-1.221322745,4.404136544,-3.182813799
148.39,-64.99637933,0.05295508682,0.5959941257,0.3177323998,0,-1.221322745,4.404136544,-3.182813799
148.4,-64.99637933,0.05295508682,0.5959941257,0.3177323998,0,-1.221322745,4.404136544,-3.182813799
148.41,-64.99637933,0.05295508682,0.5959941257,0.3177323998,0,-1.221322745,4.404136544,-3.182813799
148.42,-64.99637933,0.05295508682,0.5959941257,0.3177323998,0,-1.221322745,4.404136544,-3.182813799
148.43,-64.99637933,0.05295508682,0.5959941257,0.3177323998,0,-1.221322745,4.404136544,-3.182813799
148.44,-64.99637933,0.05295508682,0.5959941257,0.3177323998,0,-1.221322745,4.404136544,-3.182813799
148.45,-64.99637933,0.05295508682,0.5959941257,0.3177323998,0,-1.221322745,4.404136544,-3.182813799
148.46,-64.99637933,0.05295508682,0.5959941257,0.3177323998,0,-1.221322745,4.404136544,-3.182813799
148.47,-64.99637933,0.05295508682,0.5959941257,0.3177323998,0,-1.221322745,4.404136544,-3.182813799
148.48,-64.99637933,0.05295508682,0.5959941257,0.3177323998,0,-1.221322745,4.404136544,-3.182813799
148.49,-64.99637933,0.05295508682,0.5959941257,0.3177323998,0,-1.221322745,4.404136544,-3.182813799
148.5,-64.99637933,0.05295508682,0.5959941257,0.3177323998,0,-1.221322745,4.404136544,-3.182813799
148.51,-64.99637933,0.05295508682,0.5959941257,0.3177323998,0,-1.221322745,4.404136544,-3.182813799
148.52,-64.99637933,0.05295508682,0.5959941257,0.3177323998,0,-1.221322745,4.404136544,-3.182813799
148.53,-64.99637933,0.05295508682,0.5959941257,0.3177323998,0,-1.221322745,4.404136544,-3.182813799
148.54,-64.99637933,0.05295508682,0.5959941257,0.3177323998,0,-1.221322745,4.404136544,-3.182813799
148.55,-64.99637933,0.05295508682,0.5959941257,0.3177323998,0,-1.221322745,4.404136544,-3.182813799
148.56,-64.99637933,0.05295508682,0.5959941257,0.3177323998,0,-1.221322745,4.404136544,-3.182813799
148.57,-64.99637933,0.05295508682,0.5959941257,0.3177323998,0,-1.221322745,4.404136544,-3.182813799
148.58,-64.99637933,0.05295508682,0.5959941257,0.3177323998,0,-1.221322745,4.404136544,-3.182813799
148.59,-64.99637933,0.05295508682,0.5959941257,0.3177323998,0,-1.221322745,4.404136544,-3.182813799
148.6,-64.99637933,0.05295508682,0.5959941257,0.3177323998,0,-1.221322745,4.404136544,-3.182813799
148.61,-64.99637933,0.05295508682,0.5959941257,0.3177323998,0,-1.221322745,4.404136544,-3.182813799
148.62,-64.99637933,0.05295508682,0.5959941257,0.3177323998,0,-1.221322745,4.404136544,-3.182813799
148.63,-64.99637933,0.05295508682,0.5959941257,0.3177323998,0,-1.221322745,4.404136544,-3.182813799
148.64,-64.99637933,0.05295508682,0.5959941257,0.3177323998,0,-1.221322745,4.404136544,-3.182813799
148.65,-64.99637933,0.05295508682,0.5959941257,0.3177323998,0,-1.221322745,4.404136544,-3.182813799
148.66,-64.99637933,0.05295508682,0.5959941257,0.3177323998,0,-1.221322745,4.404136544,-3.182813799
148.67,-64.99637933,0.05295508682,0.5959941257,0.3177323998,0,-1.221322745,4.404136544,-3.182813799
148.68,-64.99637933,0.05295508682,0.5959941257,0.3177323998,0,-1.221322745,4.404136544,-3.182813799
148.69,-64.99637933,0.05295508682,0.5959941257,0.3177323998,0,-1.221322745,4.404136544,-3.182813799
148.7,-64.99637933,0.05295508682,0.5959941257,0.3177323998,0,-1.221322745,4.404136544,-3.182813799
148.71,-64.99637933,0.05295508682,0.5959941257,0.3177323998,0,-1.221322745,4.404136544,-3.182813799
148.72,-64.99637933,0.05295508682,0.5959941256,0.3177323998,0,-1.221322745,4.404136544,-3.182813799
148.73,-64.99637933,0.05295508682,0.5959941256,0.3177323998,0,-1.221322745,4.404136544,-3.182813799
148.74,-64.99637933,0.05295508682,0.5959941256,0.3177323998,0,-1.221322745,4.404136544,-3.182813799
148.75,-64.99637933,0.05295508682,0.5959941256,0.3177323998,0,-1.221322745,4.404136544,-3.182813799
148.76,-64.99637933,0.05295508682,0.5959941256,0.3177323998,0,-1.221322745,4.404136544,-3.182813799
148.77,-64.99637933,0.05295508682,0.5959941256,0.3177323998,0,-1.221322745,4.404136544,-3.182813799
148.78,-64.99637933,0.05295508682,0.5959941256,0.3177323998,0,-1.221322745,4.404136544,-3.182813799
148.79,-64.99637933,0.05295508682,0.5959941256,0.3177323998,0,-1.221322745,4.404136544,-3.182813799
148.8,-64.99637933,0.05295508682,0.5959941256,0.3177323998,0,-1.221322745,4.404136544,-3.182813799
148.81,-64.99637933,0.05295508682,0.5959941256,0.3177323998,0,-1.221322745,4.404136544,-3.182813799
148.82,-64.99637933,0.05295508682,0.5959941256,0.3177323998,0,-1.221322745,4.404136544,-3.182813799
148.83,-64.99637933,0.05295508682,0.5959941256,0.3177323998,0,-1.221322745,4.404136544,-3.182813799
148.84,-64.99637933,0.05295508682,0.5959941256,0.3177323998,0,-1.221322745,4.404136544,-3.182813799
148.85,-64.99637933,0.05295508682,0.5959941256,0.3177323998,0,-1.221322745,4.404136544,-3.182813799
148.86,-64.99637933,0.05295508682,0.5959941256,0.3177323998,0,-1.221322745,4.404136544,-3.182813799
148.87,-64.99637933,0.05295508682,0.5959941256,0.3177323998,0,-1.221322745,4.404136544,-3.182813799
148.88,-64.99637933,0.05295508682,0.5959941256,0.3177323998,0,-1.221322745,4.404136544,-3.182813799
148.89,-64.99637933,0.05295508682,0.5959941256,0.3177323998,0,-1.221322745,4.404136544,-3.182813799
148.9,-64.99637933,0.05295508682,0.5959941256,0.3177323998,0,-1.221322745,4.404136544,-3.182813799
148.91,-64.99637933,0.05295508682,0.5959941256,0.3177323998,0,-1.221322745,4.404136544,-3.182813799
148.92,-64.99637933,0.05295508682,0.5959941256,0.3177323998,0,-1.221322745,4.404136544,-3.182813799
148.93,-64.99637933,0.05295508682,0.5959941256,0.3177323998,0,-1.221322745,4.404136544,-3.182813799
148.94,-64.99637933,0.05295508682,0.5959941256,0.3177323998,0,-1.221322745,4.404136544,-3.182813799
148.95,-64.99637933,0.05295508682,0.5959941256,0.3177323998,0,-1.221322745,4.404136544,-3.182813799
148.96,-64.99637933,0.05295508682,0.5959941256,0.3177323998,0,-1.221322745,4.404136544,-3.182813799
148.97,-64.99637933,0.05295508682,0.5959941256,0.3177323998,0,-1.221322745,4.404136544,-3.182813799
148.98,-64.99637933,0.05295508682,0.5959941256,0.3177323998,0,-1.221322745,4.404136544,-3.182813799
148.99,-64.99637933,0.05295508682,0.5959941256,0.3177323998,0,-1.221322745,4.404136544,-3.182813799
149,-64.99637933,0.05295508682,0.5959941256,0.3177323998,0,-1.221322745,4.404136544,-3.182813799
149.01,-64.99637933,0.05295508682,0.5959941256,0.3177323998,0,-1.221322745,4.404136544,-3.182813799
149.02,-64.99637933,0.05295508682,0.5959941256,0.3177323998,0,-1.221322745,4.404136544,-3.182813799
149.03,-64.99637933,0.05295508682,0.5959941256,0.3177323998,0,-1.221322745,4.404136544,-3.182813799
149.04,-64.99637933,0.05295508682,0.5959941256,0.3177323998,0,-1.221322745,4.404136544,-3.182813799
149.05,-64.99637933,0.05295508682,0.5959941256,0.3177323998,0,-1.221322745,4.404136544,-3.182813799
149.06,-64.99637933,0.05295508682,0.5959941256,0.3177323998,0,-1.221322745,4.404136544,-3.182813799
149.07,-64.99637933,0.05295508682,0.5959941256,0.3177323998,0,-1.221322745,4.404136544,-3.182813799
149.08,-64.99637933,0.05295508682,0.5959941256,0.3177323998,0,-1.221322745,4.404136544,-3.182813799
149.09,-64.99637933,0.05295508682,0.5959941256,0.3177323998,0,-1.221322745,4.404136544,-3.182813799
149.1,-64.99637933,0.05295508682,0.5959941256,0.3177323998,0,-1.221322745,4.404136544,-3.182813799
149.11,-64.99637933,0.05295508682,0.5959941256,0.3177323998,0,-1.221322745,4.404136544,-3.182813799
149.12,-64.99637933,0.05295508682,0.5959941256,0.3177323998,0,-1.221322745,4.404136544,-3.182813799
149.13,-64.99637933,0.05295508682,0.5959941256,0.3177323998,0,-1.221322745,4.404136544,-3.182813799
149.14,-64.99637933,0.05295508682,0.5959941256,0.3177323998,0,-1.221322745,4.404136544,-3.182813799
149.15,-64.99637933,0.05295508682,0.5959941256,0.3177323998,0,-1.221322745,4.404136544,-3.182813799
149.16,-64.99637933,0.05295508682,0.5959941256,0.3177323998,0,-1.221322745,4.404136544,-3.182813799
149.17,-64.99637933,0.05295508682,0.5959941256,0.3177323998,0,-1.221322745,4.404136544,-3.182813799
149.18,-64.99637933,0.05295508682,0.5959941256,0.3177323998,0,-1.221322745,4.404136544,-3.182813799
149.19,-64.99637933,0.05295508682,0.5959941256,0.3177323998,0,-1.221322745,4.404136544,-3.182813799
149.2,-64.99637933,0.05295508682,0.5959941256,0.3177323998,0,-1.221322745,4.404136544,-3.182813799
149.21,-64.99637933,0.05295508682,0.5959941256,0.3177323998,0,-1.221322745,4.404136544,-3.182813799
149.22,-64.99637933,0.05295508682,0.5959941256,0.3177323998,0,-1.221322745,4.404136544,-3.182813799
149.23,-64.99637933,0.05295508682,0.5959941256,0.3177323998,0,-1.221322745,4.404136544,-3.182813799
149.24,-64.99637933,0.05295508682,0.5959941256,0.3177323998,0,-1.221322745,4.404136544,-3.182813799
149.25,-64.99637933,0.05295508682,0.5959941256,0.3177323998,0,-1.221322745,4.404136544,-3.182813799
149.26,-64.99637933,0.05295508682,0.5959941256,0.3177323998,0,-1.221322745,4.404136544,-3.182813799
149.27,-64.99637933,0.05295508682,0.5959941256,0.3177323998,0,-1.221322745,4.404136544,-3.182813799
149.28,-64.99637933,0.05295508682,0.5959941256,0.3177323998,0,-1.221322745,4.404136544,-3.182813799
149.29,-64.99637933,0.05295508682,0.5959941256,0.3177323998,0,-1.221322745,4.404136544,-3.182813799
149.3,-64.99637933,0.05295508682,0.5959941256,0.3177323998,0,-1.221322745,4.404136544,-3.182813799
149.31,-64.99637933,0.05295508682,0.5959941256,0.3177323998,0,-1.221322745,4.404136544,-3.182813799
149.32,-64.99637933,0.05295508682,0.5959941256,0.3177323998,0,-1.221322745,4.404136544,-3.182813799
149.33,-64.99637933,0.05295508682,0.5959941256,0.3177323998,0,-1.221322745,4.404136544,-3.182813799
149.34,-64.99637933,0.05295508682,0.5959941256,0.3177323998,0,-1.221322745,4.404136544,-3.182813799
149.35,-64.99637933,0.05295508682,0.5959941256,0.3177323998,0,-1.221322745,4.404136544,-3.182813799
149.36,-64.99637933,0.05295508682,0.5959941256,0.3177323998,0,-1.221322745,4.404136544,-3.182813799
149.37,-64.99637933,0.05295508682,0.5959941256,0.3177323998,0,-1.221322745,4.404136544,-3.182813799
149.38,-64.99637933,0.05295508682,0.5959941256,0.3177323998,0,-1.221322745,4.404136544,-3.182813799
149.39,-64.99637933,0.05295508682,0.5959941256,0.3177323998,0,-1.221322745,4.404136544,-3.182813799
149.4,-64.99637933,0.05295508682,0.5959941256,0.3177323998,0,-1.221322745,4.404136544,-3.182813799
149.41,-64.99637933,0.05295508682,0.5959941256,0.3177323998,0,-1.221322745,4.404136544,-3.182813799
149.42,-64.99637933,0.05295508682,0.5959941256,0.3177323998,0,-1.221322745,4.404136544,-3.182813799
149.43,-64.99637933,0.05295508682,0.5959941256,0.3177323998,0,-1.221322745,4.404136544,-3.182813799
149.44,-64.99637933,0.05295508682,0.5959941256,0.3177323998,0,-1.221322745,4.404136544,-3.182813799
149.45,-64.99637933,0.05295508682,0.5959941256,0.3177323998,0,-1.221322745,4.404136544,-3.182813799
149.46,-64.99637933,0.05295508682,0.5959941256,0.3177323998,0,-1.221322745,4.404136544,-3.182813799
149.47,-64.99637933,0.05295508682,0.5959941256,0.3177323998,0,-1.221322745,4.404136544,-3.182813799
149.48,-64.99637933,0.05295508682,0.5959941256,0.3177323998,0,-1.221322745,4.404136544,-3.182813799
149.49,-64.99637933,0.05295508682,0.5959941256,0.3177323998,0,-1.221322745,4.404136544,-3.182813799
149.5,-64.99637933,0.05295508682,0.5959941256,0.3177323998,0,-1.221322745,4.404136544,-3.182813799
149.51,-64.99637933,0.05295508682,0.5959941256,0.3177323998,0,-1.221322745,4.404136544,-3.182813799
149.52,-64.99637933,0.05295508682,0.5959941256,0.3177323998,0,-1.221322745,4.404136544,-3.182813799
149.53,-64.99637933,0.05295508682,0.5959941256,0.3177323998,0,-1.221322745,4.404136544,-3.182813799
149.54,-64.99637933,0.05295508682,0.5959941256,0.3177323998,0,-1.221322745,4.404136544,-3.182813799
149.55,-64.99637933,0.05295508682,0.5959941256,0.3177323998,0,-1.221322745,4.404136544,-3.182813799
149.56,-64.99637933,0.05295508682,0.5959941256,0.3177323998,0,-1.221322745,4.404136544,-3.182813799
149.57,-64.99637933,0.05295508682,0.5959941256,0.3177323998,0,-1.221322745,4.404136544,-3.182813799
149.58,-64.99637933,0.05295508682,0.5959941256,0.3177323998,0,-1.221322745,4.404136544,-3.182813799
149.59,-64.99637933,0.05295508682,0.5959941256,0.3177323998,0,-1.221322745,4.404136544,-3.182813799
149.6,-64.99637933,0.05295508682,0.5959941256,0.3177323998,0,-1.221322745,4.404136544,-3.182813799
149.61,-64.99637933,0.05295508682,0.5959941256,0.3177323998,0,-1.221322745,4.404136544,-3.182813799
149.62,-64.99637933,0.05295508682,0.5959941256,0.3177323998,0,-1.221322745,4.404136544,-3.182813799
149.63,-64.99637933,0.05295508682,0.5959941256,0.3177323998,0,-1.221322745,4.404136544,-3.182813799
149.64,-64.99637933,0.05295508682,0.5959941256,0.3177323998,0,-1.221322745,4.404136544,-3.182813799
149.65,-64.99637933,0.05295508682,0.5959941256,0.3177323998,0,-1.221322745,4.404136544,-3.182813799
149.66,-64.99637933,0.05295508682,0.5959941256,0.3177323998,0,-1.221322745,4.404136544,-3.182813799
149.67,-64.99637933,0.05295508682,0.5959941256,0.3177323998,0,-1.221322745,4.404136544,-3.182813799
149.68,-64.99637933,0.05295508682,0.5959941255,0.3177323998,0,-1.221322745,4.404136544,-3.182813799
149.69,-64.99637933,0.05295508682,0.5959941255,0.3177323998,0,-1.221322745,4.404136544,-3.182813799
149.7,-64.99637933,0.05295508682,0.5959941255,0.3177323998,0,-1.221322745,4.404136544,-3.182813799
149.71,-64.99637933,0.05295508682,0.5959941255,0.3177323998,0,-1.221322745,4.404136544,-3.182813799
149.72,-64.99637933,0.05295508682,0.5959941255,0.3177323998,0,-1.221322745,4.404136544,-3.182813799
149.73,-64.99637933,0.05295508682,0.5959941255,0.3177323998,0,-1.221322745,4.404136544,-3.182813799
149.74,-64.99637933,0.05295508682,0.5959941255,0.3177323998,0,-1.221322745,4.404136544,-3.182813799
149.75,-64.99637933,0.05295508682,0.5959941255,0.3177323998,0,-1.221322745,4.404136544,-3.182813799
149.76,-64.99637933,0.05295508682,0.5959941255,0.3177323998,0,-1.221322745,4.404136544,-3.182813799
149.77,-64.99637933,0.05295508682,0.5959941255,0.3177323998,0,-1.221322745,4.404136544,-3.182813799
149.78,-64.99637933,0.05295508682,0.5959941255,0.3177323998,0,-1.221322745,4.404136544,-3.182813799
149.79,-64.99637933,0.05295508682,0.5959941255,0.3177323998,0,-1.221322745,4.404136544,-3.182813799
149.8,-64.99637933,0.05295508682,0.5959941255,0.3177323998,0,-1.221322745,4.404136544,-3.182813799
149.81,-64.99637933,0.05295508682,0.5959941255,0.3177323998,0,-1.221322745,4.404136544,-3.182813799
149.82,-64.99637933,0.05295508682,0.5959941255,0.3177323998,0,-1.221322745,4.404136544,-3.182813799
149.83,-64.99637933,0.05295508682,0.5959941255,0.3177323998,0,-1.221322745,4.404136544,-3.182813799
149.84,-64.99637933,0.05295508682,0.5959941255,0.3177323998,0,-1.221322745,4.404136544,-3.182813799
149.85,-64.99637933,0.05295508682,0.5959941255,0.3177323998,0,-1.221322745,4.404136544,-3.182813799
149.86,-64.99637933,0.05295508682,0.5959941255,0.3177323998,0,-1.221322745,4.404136544,-3.182813799
149.87,-64.99637933,0.05295508682,0.5959941255,0.3177323998,0,-1.221322745,4.404136544,-3.182813799
149.88,-64.99637933,0.05295508682,0.5959941255,0.3177323998,0,-1.221322745,4.404136544,-3.182813799
149.89,-64.99637933,0.05295508682,0.5959941255,0.3177323998,0,-1.221322745,4.404136544,-3.182813799
149.9,-64.99637933,0.05295508682,0.5959941255,0.3177323998,0,-1.221322745,4.404136544,-3.182813799
149.91,-64.99637933,0.05295508682,0.5959941255,0.3177323998,0,-1.221322745,4.404136544,-3.182813799
149.92,-64.99637933,0.05295508682,0.5959941255,0.3177323998,0,-1.221322745,4.404136544,-3.182813799
149.93,-64.99637933,0.05295508682,0.5959941255,0.3177323998,0,-1.221322745,4.404136544,-3.182813799
149.94,-64.99637933,0.05295508682,0.5959941255,0.3177323998,0,-1.221322745,4.404136544,-3.182813799
149.95,-64.99637933,0.05295508682,0.5959941255,0.3177323998,0,-1.221322745,4.404136544,-3.182813799
149.96,-64.99637933,0.05295508682,0.5959941255,0.3177323998,0,-1.221322745,4.404136544,-3.182813799
149.97,-64.99637933,0.05295508682,0.5959941255,0.3177323998,0,-1.221322745,4.404136544,-3.182813799
149.98,-64.99637933,0.05295508682,0.5959941255,0.3177323998,0,-1.221322745,4.404136544,-3.182813799
149.99,-64.99637933,0.05295508682,0.5959941255,0.3177323998,0,-1.221322745,4.404136544,-3.182813799
150,-64.99637933,0.05295508682,0.5959941255,0.3177323998,0,-1.221322745,4.404136544,-3.182813799
150.01,-64.99637933,0.05295508682,0.5959941255,0.3177323998,0,-1.221322745,4.404136544,-3.182813799
150.02,-64.99637933,0.05295508682,0.5959941255,0.3177323998,0,-1.221322745,4.404136544,-3.182813799
150.03,-64.99637933,0.05295508682,0.5959941255,0.3177323998,0,-1.221322745,4.404136544,-3.182813799
150.04,-64.99637933,0.05295508682,0.5959941255,0.3177323998,0,-1.221322745,4.404136544,-3.182813799
150.05,-64.99637933,0.05295508682,0.5959941255,0.3177323998,0,-1.221322745,4.404136544,-3.182813799
150.06,-64.99637933,0.05295508682,0.5959941255,0.3177323998,0,-1.221322745,4.404136544,-3.182813799
150.07,-64.99637933,0.05295508682,0.5959941255,0.3177323998,0,-1.221322745,4.404136544,-3.182813799
150.08,-64.99637933,0.05295508682,0.5959941255,0.3177323998,0,-1.221322745,4.404136544,-3.182813799
150.09,-64.99637933,0.05295508682,0.5959941255,0.3177323998,0,-1.221322745,4.404136544,-3.182813799
150.1,-64.99637933,0.05295508682,0.5959941255,0.3177323998,0,-1.221322745,4.404136544,-3.182813799
150.11,-64.99637933,0.05295508682,0.5959941255,0.3177323998,0,-1.221322745,4.404136544,-3.182813799
150.12,-64.99637933,0.05295508682,0.5959941255,0.3177323998,0,-1.221322745,4.404136544,-3.182813799
150.13,-64.99637933,0.05295508682,0.5959941255,0.3177323998,0,-1.221322745,4.404136544,-3.182813799
150.14,-64.99637933,0.05295508682,0.5959941255,0.3177323998,0,-1.221322745,4.404136544,-3.182813799
150.15,-64.99637933,0.05295508682,0.5959941255,0.3177323998,0,-1.221322745,4.404136544,-3.182813799
150.16,-64.99637933,0.05295508682,0.5959941255,0.3177323998,0,-1.221322745,4.404136544,-3.182813799
150.17,-64.99637933,0.05295508682,0.5959941255,0.3177323998,0,-1.221322745,4.404136544,-3.182813799
150.18,-64.99637933,0.05295508682,0.5959941255,0.3177323998,0,-1.221322745,4.404136544,-3.182813799
150.19,-64.99637933,0.05295508682,0.5959941255,0.3177323998,0,-1.221322745,4.404136544,-3.182813799
150.2,-64.99637933,0.05295508682,0.5959941255,0.3177323998,0,-1.221322745,4.404136544,-3.182813799
150.21,-64.99637933,0.05295508682,0.5959941255,0.3177323998,0,-1.221322745,4.404136544,-3.182813799
150.22,-64.99637933,0.05295508682,0.5959941255,0.3177323998,0,-1.221322745,4.404136544,-3.182813799
150.23,-64.99637933,0.05295508682,0.5959941255,0.3177323998,0,-1.221322745,4.404136544,-3.182813799
150.24,-64.99637933,0.05295508682,0.5959941255,0.3177323998,0,-1.221322745,4.404136544,-3.182813799
150.25,-64.99637933,0.05295508682,0.5959941255,0.3177323998,0,-1.221322745,4.404136544,-3.182813799
150.26,-64.99637933,0.05295508682,0.5959941255,0.3177323998,0,-1.221322745,4.404136544,-3.182813799
150.27,-64.99637933,0.05295508682,0.5959941255,0.3177323998,0,-1.221322745,4.404136544,-3.182813799
150.28,-64.99637933,0.05295508682,0.5959941255,0.3177323998,0,-1.221322745,4.404136544,-3.182813799
150.29,-64.99637933,0.05295508682,0.5959941255,0.3177323998,0,-1.221322745,4.404136544,-3.182813799
150.3,-64.99637933,0.05295508682,0.5959941255,0.3177323998,0,-1.221322745,4.404136544,-3.182813799
150.31,-64.99637933,0.05295508682,0.5959941255,0.3177323998,0,-1.221322745,4.404136544,-3.182813799
150.32,-64.99637933,0.05295508682,0.5959941255,0.3177323998,0,-1.221322745,4.404136544,-3.182813799
150.33,-64.99637933,0.05295508682,0.5959941255,0.3177323998,0,-1.221322745,4.404136544,-3.182813799
150.34,-64.99637933,0.05295508682,0.5959941255,0.3177323998,0,-1.221322745,4.404136544,-3.182813799
150.35,-64.99637933,0.05295508682,0.5959941255,0.3177323998,0,-1.221322745,4.404136544,-3.182813799
150.36,-64.99637933,0.05295508682,0.5959941255,0.3177323998,0,-1.221322745,4.404136544,-3.182813799
150.37,-64.99637933,0.05295508682,0.5959941255,0.3177323998,0,-1.221322745,4.404136544,-3.182813799
150.38,-64.99637933,0.05295508682,0.5959941255,0.3177323998,0,-1.221322745,4.404136544,-3.182813799
150.39,-64.99637933,0.05295508682,0.5959941255,0.3177323998,0,-1.221322745,4.404136544,-3.182813799
150.4,-64.99637933,0.05295508682,0.5959941255,0.3177323998,0,-1.221322745,4.404136544,-3.182813799
150.41,-64.99637933,0.05295508682,0.5959941255,0.3177323998,0,-1.221322745,4.404136544,-3.182813799
150.42,-64.99637933,0.05295508682,0.5959941255,0.3177323998,0,-1.221322745,4.404136544,-3.182813799
150.43,-64.99637933,0.05295508682,0.5959941255,0.3177323998,0,-1.221322745,4.404136544,-3.182813799
150.44,-64.99637933,0.05295508682,0.5959941255,0.3177323998,0,-1.221322745,4.404136544,-3.182813799
150.45,-64.99637933,0.05295508682,0.5959941255,0.3177323998,0,-1.221322745,4.404136544,-3.182813799
150.46,-64.99637933,0.05295508682,0.5959941255,0.3177323998,0,-1.221322745,4.404136544,-3.182813799
150.47,-64.99637933,0.05295508682,0.5959941255,0.3177323998,0,-1.221322745,4.404136544,-3.182813799
150.48,-64.99637933,0.05295508682,0.5959941255,0.3177323998,0,-1.221322745,4.404136544,-3.182813799
150.49,-64.99637933,0.05295508682,0.5959941255,0.3177323998,0,-1.221322745,4.404136544,-3.182813799
150.5,-64.99637933,0.05295508682,0.5959941255,0.3177323998,0,-1.221322745,4.404136544,-3.182813799
150.51,-64.99637933,0.05295508682,0.5959941255,0.3177323998,0,-1.221322745,4.404136544,-3.182813799
150.52,-64.99637933,0.05295508682,0.5959941255,0.3177323998,0,-1.221322745,4.404136544,-3.182813799
150.53,-64.99637933,0.05295508682,0.5959941255,0.3177323998,0,-1.221322745,4.404136544,-3.182813799
150.54,-64.99637933,0.05295508682,0.5959941255,0.3177323998,0,-1.221322745,4.404136544,-3.182813799
150.55,-64.99637933,0.05295508682,0.5959941255,0.3177323998,0,-1.221322745,4.404136544,-3.182813799
150.56,-64.99637933,0.05295508682,0.5959941255,0.3177323998,0,-1.221322745,4.404136544,-3.182813799
150.57,-64.99637933,0.05295508682,0.5959941255,0.3177323998,0,-1.221322745,4.404136544,-3.182813799
150.58,-64.99637933,0.05295508682,0.5959941255,0.3177323998,0,-1.221322745,4.404136544,-3.182813799
150.59,-64.99637933,0.05295508682,0.5959941255,0.3177323998,0,-1.221322745,4.404136544,-3.182813799
150.6,-64.99637933,0.05295508682,0.5959941255,0.3177323998,0,-1.221322745,4.404136544,-3.182813799
150.61,-64.99637933,0.05295508682,0.5959941255,0.3177323998,0,-1.221322745,4.404136544,-3.182813799
150.62,-64.99637933,0.05295508682,0.5959941255,0.3177323998,0,-1.221322745,4.404136544,-3.182813799
150.63,-64.99637933,0.05295508682,0.5959941255,0.3177323998,0,-1.221322745,4.404136544,-3.182813799
150.64,-64.99637933,0.05295508682,0.5959941255,0.3177323998,0,-1.221322745,4.404136544,-3.182813799
150.65,-64.99637933,0.05295508682,0.5959941255,0.3177323998,0,-1.221322745,4.404136544,-3.182813799
150.66,-64.99637933,0.05295508682,0.5959941255,0.3177323998,0,-1.221322745,4.404136544,-3.182813799
150.67,-64.99637933,0.05295508682,0.5959941255,0.3177323998,0,-1.221322745,4.404136544,-3.182813799
150.68,-64.99637933,0.05295508682,0.5959941255,0.3177323998,0,-1.221322745,4.404136544,-3.182813799
150.69,-64.99637933,0.05295508682,0.5959941255,0.3177323998,0,-1.221322745,4.404136544,-3.182813799
150.7,-64.99637933,0.05295508682,0.5959941255,0.3177323998,0,-1.221322745,4.404136544,-3.182813799
150.71,-64.99637933,0.05295508682,0.5959941255,0.3177323998,0,-1.221322745,4.404136544,-3.182813799
150.72,-64.99637933,0.05295508682,0.5959941255,0.3177323998,0,-1.221322745,4.404136544,-3.182813799
150.73,-64.99637933,0.05295508682,0.5959941255,0.3177323998,0,-1.221322745,4.404136544,-3.182813799
150.74,-64.99637933,0.05295508682,0.5959941255,0.3177323998,0,-1.221322745,4.404136544,-3.182813799
150.75,-64.99637933,0.05295508682,0.5959941255,0.3177323998,0,-1.221322745,4.404136544,-3.182813799
150.76,-64.99637933,0.05295508682,0.5959941255,0.3177323998,0,-1.221322745,4.404136544,-3.182813799
150.77,-64.99637933,0.05295508682,0.5959941255,0.3177323998,0,-1.221322745,4.404136544,-3.182813799
150.78,-64.99637933,0.05295508682,0.5959941254,0.3177323998,0,-1.221322745,4.404136544,-3.182813799
150.79,-64.99637933,0.05295508682,0.5959941254,0.3177323998,0,-1.221322745,4.404136544,-3.182813799
150.8,-64.99637933,0.05295508682,0.5959941254,0.3177323998,0,-1.221322745,4.404136544,-3.182813799
150.81,-64.99637933,0.05295508682,0.5959941254,0.3177323998,0,-1.221322745,4.404136544,-3.182813799
150.82,-64.99637933,0.05295508682,0.5959941254,0.3177323998,0,-1.221322745,4.404136544,-3.182813799
150.83,-64.99637933,0.05295508682,0.5959941254,0.3177323998,0,-1.221322745,4.404136544,-3.182813799
150.84,-64.99637933,0.05295508682,0.5959941254,0.3177323998,0,-1.221322745,4.404136544,-3.182813799
150.85,-64.99637933,0.05295508682,0.5959941254,0.3177323998,0,-1.221322745,4.404136544,-3.182813799
150.86,-64.99637933,0.05295508682,0.5959941254,0.3177323998,0,-1.221322745,4.404136544,-3.182813799
150.87,-64.99637933,0.05295508682,0.5959941254,0.3177323998,0,-1.221322745,4.404136544,-3.182813799
150.88,-64.99637933,0.05295508682,0.5959941254,0.3177323998,0,-1.221322745,4.404136544,-3.182813799
150.89,-64.99637933,0.05295508682,0.5959941254,0.3177323998,0,-1.221322745,4.404136544,-3.182813799
150.9,-64.99637933,0.05295508682,0.5959941254,0.3177323998,0,-1.221322745,4.404136544,-3.182813799
150.91,-64.99637933,0.05295508682,0.5959941254,0.3177323998,0,-1.221322745,4.404136544,-3.182813799
150.92,-64.99637933,0.05295508682,0.5959941254,0.3177323998,0,-1.221322744,4.404136544,-3.182813799
150.93,-64.99637933,0.05295508682,0.5959941254,0.3177323998,0,-1.221322744,4.404136544,-3.182813799
150.94,-64.99637933,0.05295508682,0.5959941254,0.3177323998,0,-1.221322744,4.404136544,-3.182813799
150.95,-64.99637933,0.05295508682,0.5959941254,0.3177323998,0,-1.221322744,4.404136544,-3.182813799
150.96,-64.99637933,0.05295508682,0.5959941254,0.3177323998,0,-1.221322744,4.404136544,-3.182813799
150.97,-64.99637933,0.05295508682,0.5959941254,0.3177323998,0,-1.221322744,4.404136544,-3.182813799
150.98,-64.99637933,0.05295508682,0.5959941254,0.3177323998,0,-1.221322744,4.404136544,-3.182813799
150.99,-64.99637933,0.05295508682,0.5959941254,0.3177323998,0,-1.221322744,4.404136544,-3.182813799
151,-64.99637933,0.05295508682,0.5959941254,0.3177323998,0,-1.221322744,4.404136544,-3.182813799
151.01,-64.99637933,0.05295508682,0.5959941254,0.3177323998,0,-1.221322744,4.404136544,-3.182813799
151.02,-64.99637933,0.05295508682,0.5959941254,0.3177323998,0,-1.221322744,4.404136544,-3.182813799
151.03,-64.99637933,0.05295508682,0.5959941254,0.3177323998,0,-1.221322744,4.404136544,-3.182813799
151.04,-64.99637933,0.05295508682,0.5959941254,0.3177323998,0,-1.221322744,4.404136544,-3.182813799
151.05,-64.99637933,0.05295508682,0.5959941254,0.3177323998,0,-1.221322744,4.404136544,-3.182813799
151.06,-64.99637933,0.05295508682,0.5959941254,0.3177323998,0,-1.221322744,4.404136544,-3.182813799
151.07,-64.99637933,0.05295508682,0.5959941254,0.3177323998,0,-1.221322744,4.404136544,-3.182813799
151.08,-64.99637933,0.05295508682,0.5959941254,0.3177323998,0,-1.221322744,4.404136544,-3.182813799
151.09,-64.99637933,0.05295508682,0.5959941254,0.3177323998,0,-1.221322744,4.404136544,-3.182813799
151.1,-64.99637933,0.05295508682,0.5959941254,0.3177323998,0,-1.221322744,4.404136544,-3.182813799
151.11,-64.99637933,0.05295508682,0.5959941254,0.3177323998,0,-1.221322744,4.404136544,-3.182813799
151.12,-64.99637933,0.05295508682,0.5959941254,0.3177323998,0,-1.221322744,4.404136544,-3.182813799
151.13,-64.99637933,0.05295508682,0.5959941254,0.3177323998,0,-1.221322744,4.404136544,-3.182813799
151.14,-64.99637933,0.05295508682,0.5959941254,0.3177323998,0,-1.221322744,4.404136544,-3.182813799
151.15,-64.99637933,0.05295508682,0.5959941254,0.3177323998,0,-1.221322744,4.404136544,-3.182813799
151.16,-64.99637933,0.05295508682,0.5959941254,0.3177323998,0,-1.221322744,4.404136544,-3.182813799
151.17,-64.99637933,0.05295508682,0.5959941254,0.3177323998,0,-1.221322744,4.404136544,-3.182813799
151.18,-64.99637933,0.05295508682,0.5959941254,0.3177323998,0,-1.221322744,4.404136544,-3.182813799
151.19,-64.99637933,0.05295508682,0.5959941254,0.3177323998,0,-1.221322744,4.404136544,-3.182813799
151.2,-64.99637933,0.05295508682,0.5959941254,0.3177323998,0,-1.221322744,4.404136544,-3.182813799
151.21,-64.99637933,0.05295508682,0.5959941254,0.3177323998,0,-1.221322744,4.404136544,-3.182813799
151.22,-64.99637933,0.05295508682,0.5959941254,0.3177323998,0,-1.221322744,4.404136544,-3.182813799
151.23,-64.99637933,0.05295508682,0.5959941254,0.3177323998,0,-1.221322744,4.404136544,-3.182813799
151.24,-64.99637933,0.05295508682,0.5959941254,0.3177323998,0,-1.221322744,4.404136544,-3.182813799
151.25,-64.99637933,0.05295508682,0.5959941254,0.3177323998,0,-1.221322744,4.404136544,-3.182813799
151.26,-64.99637933,0.05295508682,0.5959941254,0.3177323998,0,-1.221322744,4.404136544,-3.182813799
151.27,-64.99637933,0.05295508682,0.5959941254,0.3177323998,0,-1.221322744,4.404136544,-3.182813799
151.28,-64.99637933,0.05295508682,0.5959941254,0.3177323998,0,-1.221322744,4.404136544,-3.182813799
151.29,-64.99637933,0.05295508682,0.5959941254,0.3177323998,0,-1.221322744,4.404136544,-3.182813799
151.3,-64.99637933,0.05295508682,0.5959941254,0.3177323998,0,-1.221322744,4.404136544,-3.182813799
151.31,-64.99637933,0.05295508682,0.5959941254,0.3177323998,0,-1.221322744,4.404136544,-3.182813799
151.32,-64.99637933,0.05295508682,0.5959941254,0.3177323998,0,-1.221322744,4.404136544,-3.182813799
151.33,-64.99637933,0.05295508682,0.5959941254,0.3177323998,0,-1.221322744,4.404136544,-3.182813799
151.34,-64.99637933,0.05295508682,0.5959941254,0.3177323998,0,-1.221322744,4.404136544,-3.182813799
151.35,-64.99637933,0.05295508682,0.5959941254,0.3177323998,0,-1.221322744,4.404136544,-3.182813799
151.36,-64.99637933,0.05295508682,0.5959941254,0.3177323998,0,-1.221322744,4.404136544,-3.182813799
151.37,-64.99637933,0.05295508682,0.5959941254,0.3177323998,0,-1.221322744,4.404136544,-3.182813799
151.38,-64.99637933,0.05295508682,0.5959941254,0.3177323998,0,-1.221322744,4.404136544,-3.182813799
151.39,-64.99637933,0.05295508682,0.5959941254,0.3177323998,0,-1.221322744,4.404136544,-3.182813799
151.4,-64.99637933,0.05295508682,0.5959941254,0.3177323998,0,-1.221322744,4.404136544,-3.182813799
151.41,-64.99637933,0.05295508682,0.5959941254,0.3177323998,0,-1.221322744,4.404136544,-3.182813799
151.42,-64.99637933,0.05295508682,0.5959941254,0.3177323998,0,-1.221322744,4.404136544,-3.182813799
151.43,-64.99637933,0.05295508682,0.5959941254,0.3177323998,0,-1.221322744,4.404136544,-3.182813799
151.44,-64.99637933,0.05295508682,0.5959941254,0.3177323998,0,-1.221322744,4.404136544,-3.182813799
151.45,-64.99637933,0.05295508682,0.5959941254,0.3177323998,0,-1.221322744,4.404136544,-3.182813799
151.46,-64.99637933,0.05295508682,0.5959941254,0.3177323998,0,-1.221322744,4.404136544,-3.182813799
151.47,-64.99637933,0.05295508682,0.5959941254,0.3177323998,0,-1.221322744,4.404136544,-3.182813799
151.48,-64.99637933,0.05295508682,0.5959941254,0.3177323998,0,-1.221322744,4.404136544,-3.182813799
151.49,-64.99637933,0.05295508682,0.5959941254,0.3177323998,0,-1.221322744,4.404136544,-3.182813799
151.5,-64.99637933,0.05295508682,0.5959941254,0.3177323998,0,-1.221322744,4.404136544,-3.182813799
151.51,-64.99637933,0.05295508682,0.5959941254,0.3177323998,0,-1.221322744,4.404136544,-3.182813799
151.52,-64.99637933,0.05295508682,0.5959941254,0.3177323998,0,-1.221322744,4.404136544,-3.182813799
151.53,-64.99637933,0.05295508682,0.5959941254,0.3177323998,0,-1.221322744,4.404136544,-3.182813799
151.54,-64.99637933,0.05295508682,0.5959941254,0.3177323998,0,-1.221322744,4.404136544,-3.182813799
151.55,-64.99637933,0.05295508682,0.5959941254,0.3177323998,0,-1.221322744,4.404136544,-3.182813799
151.56,-64.99637933,0.05295508682,0.5959941254,0.3177323998,0,-1.221322744,4.404136544,-3.182813799
151.57,-64.99637933,0.05295508682,0.5959941254,0.3177323998,0,-1.221322744,4.404136544,-3.182813799
151.58,-64.99637933,0.05295508682,0.5959941254,0.3177323998,0,-1.221322744,4.404136544,-3.182813799
151.59,-64.99637933,0.05295508682,0.5959941254,0.3177323998,0,-1.221322744,4.404136544,-3.182813799
151.6,-64.99637933,0.05295508682,0.5959941254,0.3177323998,0,-1.221322744,4.404136544,-3.182813799
151.61,-64.99637933,0.05295508682,0.5959941254,0.3177323998,0,-1.221322744,4.404136544,-3.182813799
151.62,-64.99637933,0.05295508682,0.5959941254,0.3177323998,0,-1.221322744,4.404136544,-3.182813799
151.63,-64.99637933,0.05295508682,0.5959941254,0.3177323998,0,-1.221322744,4.404136544,-3.182813799
151.64,-64.99637933,0.05295508682,0.5959941254,0.3177323998,0,-1.221322744,4.404136544,-3.182813799
151.65,-64.99637933,0.05295508682,0.5959941254,0.3177323998,0,-1.221322744,4.404136544,-3.182813799
151.66,-64.99637933,0.05295508682,0.5959941254,0.3177323998,0,-1.221322744,4.404136544,-3.182813799
151.67,-64.99637933,0.05295508682,0.5959941254,0.3177323998,0,-1.221322744,4.404136544,-3.182813799
151.68,-64.99637933,0.05295508682,0.5959941254,0.3177323998,0,-1.221322744,4.404136544,-3.182813799
151.69,-64.99637933,0.05295508682,0.5959941254,0.3177323998,0,-1.221322744,4.404136544,-3.182813799
151.7,-64.99637933,0.05295508682,0.5959941254,0.3177323998,0,-1.221322744,4.404136544,-3.182813799
151.71,-64.99637933,0.05295508682,0.5959941254,0.3177323998,0,-1.221322744,4.404136544,-3.182813799
151.72,-64.99637933,0.05295508682,0.5959941254,0.3177323998,0,-1.221322744,4.404136544,-3.182813799
151.73,-64.99637933,0.05295508682,0.5959941254,0.3177323998,0,-1.221322744,4.404136544,-3.182813799
151.74,-64.99637933,0.05295508682,0.5959941254,0.3177323998,0,-1.221322744,4.404136544,-3.182813799
151.75,-64.99637933,0.05295508682,0.5959941254,0.3177323998,0,-1.221322744,4.404136544,-3.182813799
151.76,-64.99637933,0.05295508682,0.5959941254,0.3177323998,0,-1.221322744,4.404136544,-3.182813799
151.77,-64.99637933,0.05295508682,0.5959941254,0.3177323998,0,-1.221322744,4.404136544,-3.182813799
151.78,-64.99637933,0.05295508682,0.5959941254,0.3177323998,0,-1.221322744,4.404136544,-3.182813799
151.79,-64.99637933,0.05295508682,0.5959941254,0.3177323998,0,-1.221322744,4.404136544,-3.182813799
151.8,-64.99637933,0.05295508682,0.5959941254,0.3177323998,0,-1.221322744,4.404136544,-3.182813799
151.81,-64.99637933,0.05295508682,0.5959941254,0.3177323998,0,-1.221322744,4.404136544,-3.182813799
151.82,-64.99637933,0.05295508682,0.5959941254,0.3177323998,0,-1.221322744,4.404136544,-3.182813799
151.83,-64.99637933,0.05295508682,0.5959941254,0.3177323998,0,-1.221322744,4.404136544,-3.182813799
151.84,-64.99637933,0.05295508682,0.5959941254,0.3177323998,0,-1.221322744,4.404136544,-3.182813799
151.85,-64.99637933,0.05295508682,0.5959941254,0.3177323998,0,-1.221322744,4.404136544,-3.182813799
151.86,-64.99637933,0.05295508682,0.5959941254,0.3177323998,0,-1.221322744,4.404136544,-3.182813799
151.87,-64.99637933,0.05295508682,0.5959941254,0.3177323998,0,-1.221322744,4.404136544,-3.182813799
151.88,-64.99637933,0.05295508682,0.5959941254,0.3177323998,0,-1.221322744,4.404136544,-3.182813799
151.89,-64.99637933,0.05295508682,0.5959941254,0.3177323998,0,-1.221322744,4.404136544,-3.182813799
151.9,-64.99637933,0.05295508682,0.5959941254,0.3177323998,0,-1.221322744,4.404136544,-3.182813799
151.91,-64.99637933,0.05295508682,0.5959941254,0.3177323998,0,-1.221322744,4.404136544,-3.182813799
151.92,-64.99637933,0.05295508682,0.5959941254,0.3177323998,0,-1.221322744,4.404136544,-3.182813799
151.93,-64.99637933,0.05295508682,0.5959941254,0.3177323998,0,-1.221322744,4.404136544,-3.182813799
151.94,-64.99637933,0.05295508682,0.5959941254,0.3177323998,0,-1.221322744,4.404136544,-3.182813799
151.95,-64.99637933,0.05295508682,0.5959941254,0.3177323998,0,-1.221322744,4.404136544,-3.182813799
151.96,-64.99637933,0.05295508682,0.5959941254,0.3177323998,0,-1.221322744,4.404136544,-3.182813799
151.97,-64.99637933,0.05295508682,0.5959941254,0.3177323998,0,-1.221322744,4.404136544,-3.182813799
151.98,-64.99637933,0.05295508682,0.5959941254,0.3177323998,0,-1.221322744,4.404136544,-3.182813799
151.99,-64.99637933,0.05295508682,0.5959941254,0.3177323998,0,-1.221322744,4.404136544,-3.182813799
152,-64.99637933,0.05295508682,0.5959941254,0.3177323998,0,-1.221322744,4.404136544,-3.182813799
152.01,-64.99637933,0.05295508682,0.5959941254,0.3177323998,0,-1.221322744,4.404136544,-3.182813799
152.02,-64.99637933,0.05295508682,0.5959941254,0.3177323998,0,-1.221322744,4.404136544,-3.182813799
152.03,-64.99637933,0.05295508682,0.5959941253,0.3177323998,0,-1.221322744,4.404136544,-3.182813799
152.04,-64.99637933,0.05295508682,0.5959941253,0.3177323998,0,-1.221322744,4.404136544,-3.182813799
152.05,-64.99637933,0.05295508682,0.5959941253,0.3177323998,0,-1.221322744,4.404136544,-3.182813799
152.06,-64.99637933,0.05295508682,0.5959941253,0.3177323998,0,-1.221322744,4.404136544,-3.182813799
152.07,-64.99637933,0.05295508682,0.5959941253,0.3177323998,0,-1.221322744,4.404136544,-3.182813799
152.08,-64.99637933,0.05295508682,0.5959941253,0.3177323998,0,-1.221322744,4.404136544,-3.182813799
152.09,-64.99637933,0.05295508682,0.5959941253,0.3177323998,0,-1.221322744,4.404136544,-3.182813799
152.1,-64.99637933,0.05295508682,0.5959941253,0.3177323998,0,-1.221322744,4.404136544,-3.182813799
152.11,-64.99637933,0.05295508682,0.5959941253,0.3177323998,0,-1.221322744,4.404136544,-3.182813799
152.12,-64.99637933,0.05295508682,0.5959941253,0.3177323998,0,-1.221322744,4.404136544,-3.182813799
152.13,-64.99637933,0.05295508682,0.5959941253,0.3177323998,0,-1.221322744,4.404136544,-3.182813799
152.14,-64.99637933,0.05295508682,0.5959941253,0.3177323998,0,-1.221322744,4.404136544,-3.182813799
152.15,-64.99637933,0.05295508682,0.5959941253,0.3177323998,0,-1.221322744,4.404136544,-3.182813799
152.16,-64.99637933,0.05295508682,0.5959941253,0.3177323998,0,-1.221322744,4.404136544,-3.182813799
152.17,-64.99637933,0.05295508682,0.5959941253,0.3177323998,0,-1.221322744,4.404136544,-3.182813799
152.18,-64.99637933,0.05295508682,0.5959941253,0.3177323998,0,-1.221322744,4.404136544,-3.182813799
152.19,-64.99637933,0.05295508682,0.5959941253,0.3177323998,0,-1.221322744,4.404136544,-3.182813799
152.2,-64.99637933,0.05295508682,0.5959941253,0.3177323998,0,-1.221322744,4.404136544,-3.182813799
152.21,-64.99637933,0.05295508682,0.5959941253,0.3177323998,0,-1.221322744,4.404136544,-3.182813799
152.22,-64.99637933,0.05295508682,0.5959941253,0.3177323998,0,-1.221322744,4.404136544,-3.182813799
152.23,-64.99637933,0.05295508682,0.5959941253,0.3177323998,0,-1.221322744,4.404136544,-3.182813799
152.24,-64.99637933,0.05295508682,0.5959941253,0.3177323998,0,-1.221322744,4.404136544,-3.182813799
152.25,-64.99637933,0.05295508682,0.5959941253,0.3177323998,0,-1.221322744,4.404136544,-3.182813799
152.26,-64.99637933,0.05295508682,0.5959941253,0.3177323998,0,-1.221322744,4.404136544,-3.182813799
152.27,-64.99637933,0.05295508682,0.5959941253,0.3177323998,0,-1.221322744,4.404136544,-3.182813799
152.28,-64.99637933,0.05295508682,0.5959941253,0.3177323998,0,-1.221322744,4.404136544,-3.182813799
152.29,-64.99637933,0.05295508682,0.5959941253,0.3177323998,0,-1.221322744,4.404136544,-3.182813799
152.3,-64.99637933,0.05295508682,0.5959941253,0.3177323998,0,-1.221322744,4.404136544,-3.182813799
152.31,-64.99637933,0.05295508682,0.5959941253,0.3177323998,0,-1.221322744,4.404136544,-3.182813799
152.32,-64.99637933,0.05295508682,0.5959941253,0.3177323998,0,-1.221322744,4.404136544,-3.182813799
152.33,-64.99637933,0.05295508682,0.5959941253,0.3177323998,0,-1.221322744,4.404136544,-3.182813799
152.34,-64.99637933,0.05295508682,0.5959941253,0.3177323998,0,-1.221322744,4.404136544,-3.182813799
152.35,-64.99637933,0.05295508682,0.5959941253,0.3177323998,0,-1.221322744,4.404136544,-3.182813799
152.36,-64.99637933,0.05295508682,0.5959941253,0.3177323998,0,-1.221322744,4.404136544,-3.182813799
152.37,-64.99637933,0.05295508682,0.5959941253,0.3177323998,0,-1.221322744,4.404136544,-3.182813799
152.38,-64.99637933,0.05295508682,0.5959941253,0.3177323998,0,-1.221322744,4.404136544,-3.182813799
152.39,-64.99637933,0.05295508682,0.5959941253,0.3177323998,0,-1.221322744,4.404136544,-3.182813799
152.4,-64.99637933,0.05295508682,0.5959941253,0.3177323998,0,-1.221322744,4.404136544,-3.182813799
152.41,-64.99637933,0.05295508682,0.5959941253,0.3177323998,0,-1.221322744,4.404136543,-3.182813799
152.42,-64.99637933,0.05295508682,0.5959941253,0.3177323998,0,-1.221322744,4.404136543,-3.182813799
152.43,-64.99637933,0.05295508682,0.5959941253,0.3177323998,0,-1.221322744,4.404136543,-3.182813799
152.44,-64.99637933,0.05295508682,0.5959941253,0.3177323998,0,-1.221322744,4.404136543,-3.182813799
152.45,-64.99637933,0.05295508682,0.5959941253,0.3177323998,0,-1.221322744,4.404136543,-3.182813799
152.46,-64.99637933,0.05295508682,0.5959941253,0.3177323998,0,-1.221322744,4.404136543,-3.182813799
152.47,-64.99637933,0.05295508682,0.5959941253,0.3177323998,0,-1.221322744,4.404136543,-3.182813799
152.48,-64.99637933,0.05295508682,0.5959941253,0.3177323998,0,-1.221322744,4.404136543,-3.182813799
152.49,-64.99637933,0.05295508682,0.5959941253,0.3177323998,0,-1.221322744,4.404136543,-3.182813799
152.5,-64.99637933,0.05295508682,0.5959941253,0.3177323998,0,-1.221322744,4.404136543,-3.182813799
152.51,-64.99637933,0.05295508682,0.5959941253,0.3177323998,0,-1.221322744,4.404136543,-3.182813799
152.52,-64.99637933,0.05295508682,0.5959941253,0.3177323998,0,-1.221322744,4.404136543,-3.182813799
152.53,-64.99637933,0.05295508682,0.5959941253,0.3177323998,0,-1.221322744,4.404136543,-3.182813799
152.54,-64.99637933,0.05295508682,0.5959941253,0.3177323998,0,-1.221322744,4.404136543,-3.182813799
152.55,-64.99637933,0.05295508682,0.5959941253,0.3177323998,0,-1.221322744,4.404136543,-3.182813799
152.56,-64.99637933,0.05295508682,0.5959941253,0.3177323998,0,-1.221322744,4.404136543,-3.182813799
152.57,-64.99637933,0.05295508682,0.5959941253,0.3177323998,0,-1.221322744,4.404136543,-3.182813799
152.58,-64.99637933,0.05295508682,0.5959941253,0.3177323998,0,-1.221322744,4.404136543,-3.182813799
152.59,-64.99637933,0.05295508682,0.5959941253,0.3177323998,0,-1.221322744,4.404136543,-3.182813799
152.6,-64.99637933,0.05295508682,0.5959941253,0.3177323998,0,-1.221322744,4.404136543,-3.182813799
152.61,-64.99637933,0.05295508682,0.5959941253,0.3177323998,0,-1.221322744,4.404136543,-3.182813799
152.62,-64.99637933,0.05295508682,0.5959941253,0.3177323998,0,-1.221322744,4.404136543,-3.182813799
152.63,-64.99637933,0.05295508682,0.5959941253,0.3177323998,0,-1.221322744,4.404136543,-3.182813799
152.64,-64.99637933,0.05295508682,0.5959941253,0.3177323998,0,-1.221322744,4.404136543,-3.182813799
152.65,-64.99637933,0.05295508682,0.5959941253,0.3177323998,0,-1.221322744,4.404136543,-3.182813799
152.66,-64.99637933,0.05295508682,0.5959941253,0.3177323998,0,-1.221322744,4.404136543,-3.182813799
152.67,-64.99637933,0.05295508682,0.5959941253,0.3177323998,0,-1.221322744,4.404136543,-3.182813799
152.68,-64.99637933,0.05295508682,0.5959941253,0.3177323998,0,-1.221322744,4.404136543,-3.182813799
152.69,-64.99637933,0.05295508682,0.5959941253,0.3177323998,0,-1.221322744,4.404136543,-3.182813799
152.7,-64.99637933,0.05295508682,0.5959941253,0.3177323998,0,-1.221322744,4.404136543,-3.182813799
152.71,-64.99637933,0.05295508682,0.5959941253,0.3177323998,0,-1.221322744,4.404136543,-3.182813799
152.72,-64.99637933,0.05295508682,0.5959941253,0.3177323998,0,-1.221322744,4.404136543,-3.182813799
152.73,-64.99637933,0.05295508682,0.5959941253,0.3177323998,0,-1.221322744,4.404136543,-3.182813799
152.74,-64.99637933,0.05295508682,0.5959941253,0.3177323998,0,-1.221322744,4.404136543,-3.182813799
152.75,-64.99637933,0.05295508682,0.5959941253,0.3177323998,0,-1.221322744,4.404136543,-3.182813799
152.76,-64.99637933,0.05295508682,0.5959941253,0.3177323998,0,-1.221322744,4.404136543,-3.182813799
152.77,-64.99637933,0.05295508682,0.5959941253,0.3177323998,0,-1.221322744,4.404136543,-3.182813799
152.78,-64.99637933,0.05295508682,0.5959941253,0.3177323998,0,-1.221322744,4.404136543,-3.182813799
152.79,-64.99637933,0.05295508682,0.5959941253,0.3177323998,0,-1.221322744,4.404136543,-3.182813799
152.8,-64.99637933,0.05295508682,0.5959941253,0.3177323998,0,-1.221322744,4.404136543,-3.182813799
152.81,-64.99637933,0.05295508682,0.5959941253,0.3177323998,0,-1.221322744,4.404136543,-3.182813799
152.82,-64.99637933,0.05295508682,0.5959941253,0.3177323998,0,-1.221322744,4.404136543,-3.182813799
152.83,-64.99637933,0.05295508682,0.5959941253,0.3177323998,0,-1.221322744,4.404136543,-3.182813799
152.84,-64.99637933,0.05295508682,0.5959941253,0.3177323998,0,-1.221322744,4.404136543,-3.182813799
152.85,-64.99637933,0.05295508682,0.5959941253,0.3177323998,0,-1.221322744,4.404136543,-3.182813799
152.86,-64.99637933,0.05295508682,0.5959941253,0.3177323998,0,-1.221322744,4.404136543,-3.182813799
152.87,-64.99637933,0.05295508682,0.5959941253,0.3177323998,0,-1.221322744,4.404136543,-3.182813799
152.88,-64.99637933,0.05295508682,0.5959941253,0.3177323998,0,-1.221322744,4.404136543,-3.182813799
152.89,-64.99637933,0.05295508682,0.5959941253,0.3177323998,0,-1.221322744,4.404136543,-3.182813799
152.9,-64.99637933,0.05295508682,0.5959941253,0.3177323998,0,-1.221322744,4.404136543,-3.182813799
152.91,-64.99637933,0.05295508682,0.5959941253,0.3177323998,0,-1.221322744,4.404136543,-3.182813799
152.92,-64.99637933,0.05295508682,0.5959941253,0.3177323998,0,-1.221322744,4.404136543,-3.182813799
152.93,-64.99637933,0.05295508682,0.5959941253,0.3177323998,0,-1.221322744,4.404136543,-3.182813799
152.94,-64.99637933,0.05295508682,0.5959941253,0.3177323998,0,-1.221322744,4.404136543,-3.182813799
152.95,-64.99637933,0.05295508682,0.5959941253,0.3177323998,0,-1.221322744,4.404136543,-3.182813799
152.96,-64.99637933,0.05295508682,0.5959941253,0.3177323998,0,-1.221322744,4.404136543,-3.182813799
152.97,-64.99637933,0.05295508682,0.5959941253,0.3177323998,0,-1.221322744,4.404136543,-3.182813799
152.98,-64.99637933,0.05295508682,0.5959941253,0.3177323998,0,-1.221322744,4.404136543,-3.182813799
152.99,-64.99637933,0.05295508682,0.5959941253,0.3177323998,0,-1.221322744,4.404136543,-3.182813799
153,-64.99637933,0.05295508682,0.5959941253,0.3177323998,0,-1.221322744,4.404136543,-3.182813799
153.01,-64.99637933,0.05295508682,0.5959941253,0.3177323998,0,-1.221322744,4.404136543,-3.182813799
153.02,-64.99637933,0.05295508682,0.5959941253,0.3177323998,0,-1.221322744,4.404136543,-3.182813799
153.03,-64.99637933,0.05295508682,0.5959941253,0.3177323998,0,-1.221322744,4.404136543,-3.182813799
153.04,-64.99637933,0.05295508682,0.5959941253,0.3177323998,0,-1.221322744,4.404136543,-3.182813799
153.05,-64.99637933,0.05295508682,0.5959941253,0.3177323998,0,-1.221322744,4.404136543,-3.182813799
153.06,-64.99637933,0.05295508682,0.5959941253,0.3177323998,0,-1.221322744,4.404136543,-3.182813799
153.07,-64.99637933,0.05295508682,0.5959941253,0.3177323998,0,-1.221322744,4.404136543,-3.182813799
153.08,-64.99637933,0.05295508682,0.5959941253,0.3177323998,0,-1.221322744,4.404136543,-3.182813799
153.09,-64.99637933,0.05295508682,0.5959941253,0.3177323998,0,-1.221322744,4.404136543,-3.182813799
153.1,-64.99637933,0.05295508682,0.5959941253,0.3177323998,0,-1.221322744,4.404136543,-3.182813799
153.11,-64.99637933,0.05295508682,0.5959941253,0.3177323998,0,-1.221322744,4.404136543,-3.182813799
153.12,-64.99637933,0.05295508682,0.5959941253,0.3177323998,0,-1.221322744,4.404136543,-3.182813799
153.13,-64.99637933,0.05295508682,0.5959941253,0.3177323998,0,-1.221322744,4.404136543,-3.182813799
153.14,-64.99637933,0.05295508682,0.5959941253,0.3177323998,0,-1.221322744,4.404136543,-3.182813799
153.15,-64.99637933,0.05295508682,0.5959941253,0.3177323998,0,-1.221322744,4.404136543,-3.182813799
153.16,-64.99637933,0.05295508682,0.5959941253,0.3177323998,0,-1.221322744,4.404136543,-3.182813799
153.17,-64.99637933,0.05295508682,0.5959941253,0.3177323998,0,-1.221322744,4.404136543,-3.182813799
153.18,-64.99637933,0.05295508682,0.5959941253,0.3177323998,0,-1.221322744,4.404136543,-3.182813799
153.19,-64.99637933,0.05295508682,0.5959941253,0.3177323998,0,-1.221322744,4.404136543,-3.182813799
153.2,-64.99637933,0.05295508682,0.5959941253,0.3177323998,0,-1.221322744,4.404136543,-3.182813799
153.21,-64.99637933,0.05295508682,0.5959941253,0.3177323998,0,-1.221322744,4.404136543,-3.182813799
153.22,-64.99637933,0.05295508682,0.5959941253,0.3177323998,0,-1.221322744,4.404136543,-3.182813799
153.23,-64.99637933,0.05295508682,0.5959941253,0.3177323998,0,-1.221322744,4.404136543,-3.182813799
153.24,-64.99637933,0.05295508682,0.5959941253,0.3177323998,0,-1.221322744,4.404136543,-3.182813799
153.25,-64.99637933,0.05295508682,0.5959941253,0.3177323998,0,-1.221322744,4.404136543,-3.182813799
153.26,-64.99637933,0.05295508682,0.5959941253,0.3177323998,0,-1.221322744,4.404136543,-3.182813799
153.27,-64.99637933,0.05295508682,0.5959941253,0.3177323998,0,-1.221322744,4.404136543,-3.182813799
153.28,-64.99637933,0.05295508682,0.5959941253,0.3177323998,0,-1.221322744,4.404136543,-3.182813799
153.29,-64.99637933,0.05295508682,0.5959941253,0.3177323998,0,-1.221322744,4.404136543,-3.182813799
153.3,-64.99637933,0.05295508682,0.5959941253,0.3177323998,0,-1.221322744,4.404136543,-3.182813799
153.31,-64.99637933,0.05295508682,0.5959941253,0.3177323998,0,-1.221322744,4.404136543,-3.182813799
153.32,-64.99637933,0.05295508682,0.5959941253,0.3177323998,0,-1.221322744,4.404136543,-3.182813799
153.33,-64.99637933,0.05295508682,0.5959941253,0.3177323998,0,-1.221322744,4.404136543,-3.182813799
153.34,-64.99637933,0.05295508682,0.5959941253,0.3177323998,0,-1.221322744,4.404136543,-3.182813799
153.35,-64.99637933,0.05295508682,0.5959941253,0.3177323998,0,-1.221322744,4.404136543,-3.182813799
153.36,-64.99637933,0.05295508682,0.5959941253,0.3177323998,0,-1.221322744,4.404136543,-3.182813799
153.37,-64.99637933,0.05295508682,0.5959941253,0.3177323998,0,-1.221322744,4.404136543,-3.182813799
153.38,-64.99637933,0.05295508682,0.5959941253,0.3177323998,0,-1.221322744,4.404136543,-3.182813799
153.39,-64.99637933,0.05295508682,0.5959941253,0.3177323998,0,-1.221322744,4.404136543,-3.182813799
153.4,-64.99637933,0.05295508682,0.5959941253,0.3177323998,0,-1.221322744,4.404136543,-3.182813799
153.41,-64.99637933,0.05295508682,0.5959941253,0.3177323998,0,-1.221322744,4.404136543,-3.182813799
153.42,-64.99637933,0.05295508682,0.5959941253,0.3177323998,0,-1.221322744,4.404136543,-3.182813799
153.43,-64.99637933,0.05295508682,0.5959941253,0.3177323998,0,-1.221322744,4.404136543,-3.182813799
153.44,-64.99637933,0.05295508682,0.5959941253,0.3177323998,0,-1.221322744,4.404136543,-3.182813799
153.45,-64.99637933,0.05295508682,0.5959941253,0.3177323998,0,-1.221322744,4.404136543,-3.182813799
153.46,-64.99637933,0.05295508682,0.5959941253,0.3177323998,0,-1.221322744,4.404136543,-3.182813799
153.47,-64.99637933,0.05295508682,0.5959941253,0.3177323998,0,-1.221322744,4.404136543,-3.182813799
153.48,-64.99637933,0.05295508682,0.5959941253,0.3177323998,0,-1.221322744,4.404136543,-3.182813799
153.49,-64.99637933,0.05295508682,0.5959941253,0.3177323998,0,-1.221322744,4.404136543,-3.182813799
153.5,-64.99637933,0.05295508682,0.5959941253,0.3177323998,0,-1.221322744,4.404136543,-3.182813799
153.51,-64.99637933,0.05295508682,0.5959941253,0.3177323998,0,-1.221322744,4.404136543,-3.182813799
153.52,-64.99637933,0.05295508682,0.5959941252,0.3177323998,0,-1.221322744,4.404136543,-3.182813799
153.53,-64.99637933,0.05295508682,0.5959941252,0.3177323998,0,-1.221322744,4.404136543,-3.182813799
153.54,-64.99637933,0.05295508682,0.5959941252,0.3177323998,0,-1.221322744,4.404136543,-3.182813799
153.55,-64.99637933,0.05295508682,0.5959941252,0.3177323998,0,-1.221322744,4.404136543,-3.182813799
153.56,-64.99637933,0.05295508682,0.5959941252,0.3177323998,0,-1.221322744,4.404136543,-3.182813799
153.57,-64.99637933,0.05295508682,0.5959941252,0.3177323998,0,-1.221322744,4.404136543,-3.182813799
153.58,-64.99637933,0.05295508682,0.5959941252,0.3177323998,0,-1.221322744,4.404136543,-3.182813799
153.59,-64.99637933,0.05295508682,0.5959941252,0.3177323998,0,-1.221322744,4.404136543,-3.182813799
153.6,-64.99637933,0.05295508682,0.5959941252,0.3177323998,0,-1.221322744,4.404136543,-3.182813799
153.61,-64.99637933,0.05295508682,0.5959941252,0.3177323998,0,-1.221322744,4.404136543,-3.182813799
153.62,-64.99637933,0.05295508682,0.5959941252,0.3177323998,0,-1.221322744,4.404136543,-3.182813799
153.63,-64.99637933,0.05295508682,0.5959941252,0.3177323998,0,-1.221322744,4.404136543,-3.182813799
153.64,-64.99637933,0.05295508682,0.5959941252,0.3177323998,0,-1.221322744,4.404136543,-3.182813799
153.65,-64.99637933,0.05295508682,0.5959941252,0.3177323998,0,-1.221322744,4.404136543,-3.182813799
153.66,-64.99637933,0.05295508682,0.5959941252,0.3177323998,0,-1.221322744,4.404136543,-3.182813799
153.67,-64.99637933,0.05295508682,0.5959941252,0.3177323998,0,-1.221322744,4.404136543,-3.182813799
153.68,-64.99637933,0.05295508682,0.5959941252,0.3177323998,0,-1.221322744,4.404136543,-3.182813799
153.69,-64.99637933,0.05295508682,0.5959941252,0.3177323998,0,-1.221322744,4.404136543,-3.182813799
153.7,-64.99637933,0.05295508682,0.5959941252,0.3177323998,0,-1.221322744,4.404136543,-3.182813799
153.71,-64.99637933,0.05295508682,0.5959941252,0.3177323998,0,-1.221322744,4.404136543,-3.182813799
153.72,-64.99637933,0.05295508682,0.5959941252,0.3177323998,0,-1.221322744,4.404136543,-3.182813799
153.73,-64.99637933,0.05295508682,0.5959941252,0.3177323998,0,-1.221322744,4.404136543,-3.182813799
153.74,-64.99637933,0.05295508682,0.5959941252,0.3177323998,0,-1.221322744,4.404136543,-3.182813799
153.75,-64.99637933,0.05295508682,0.5959941252,0.3177323998,0,-1.221322744,4.404136543,-3.182813799
153.76,-64.99637933,0.05295508682,0.5959941252,0.3177323998,0,-1.221322744,4.404136543,-3.182813799
153.77,-64.99637933,0.05295508682,0.5959941252,0.3177323998,0,-1.221322744,4.404136543,-3.182813799
153.78,-64.99637933,0.05295508682,0.5959941252,0.3177323998,0,-1.221322744,4.404136543,-3.182813799
153.79,-64.99637933,0.05295508682,0.5959941252,0.3177323998,0,-1.221322744,4.404136543,-3.182813799
153.8,-64.99637933,0.05295508682,0.5959941252,0.3177323998,0,-1.221322744,4.404136543,-3.182813799
153.81,-64.99637933,0.05295508682,0.5959941252,0.3177323998,0,-1.221322744,4.404136543,-3.182813799
153.82,-64.99637933,0.05295508682,0.5959941252,0.3177323998,0,-1.221322744,4.404136543,-3.182813799
153.83,-64.99637933,0.05295508682,0.5959941252,0.3177323998,0,-1.221322744,4.404136543,-3.182813799
153.84,-64.99637933,0.05295508682,0.5959941252,0.3177323998,0,-1.221322744,4.404136543,-3.182813799
153.85,-64.99637933,0.05295508682,0.5959941252,0.3177323998,0,-1.221322744,4.404136543,-3.182813799
153.86,-64.99637933,0.05295508682,0.5959941252,0.3177323998,0,-1.221322744,4.404136543,-3.182813799
153.87,-64.99637933,0.05295508682,0.5959941252,0.3177323998,0,-1.221322744,4.404136543,-3.182813799
153.88,-64.99637933,0.05295508682,0.5959941252,0.3177323998,0,-1.221322744,4.404136543,-3.182813799
153.89,-64.99637933,0.05295508682,0.5959941252,0.3177323998,0,-1.221322744,4.404136543,-3.182813799
153.9,-64.99637933,0.05295508682,0.5959941252,0.3177323998,0,-1.221322744,4.404136543,-3.182813799
153.91,-64.99637933,0.05295508682,0.5959941252,0.3177323998,0,-1.221322744,4.404136543,-3.182813799
153.92,-64.99637933,0.05295508682,0.5959941252,0.3177323998,0,-1.221322744,4.404136543,-3.182813799
153.93,-64.99637933,0.05295508682,0.5959941252,0.3177323998,0,-1.221322744,4.404136543,-3.182813799
153.94,-64.99637933,0.05295508682,0.5959941252,0.3177323998,0,-1.221322744,4.404136543,-3.182813799
153.95,-64.99637933,0.05295508682,0.5959941252,0.3177323998,0,-1.221322744,4.404136543,-3.182813799
153.96,-64.99637933,0.05295508682,0.5959941252,0.3177323998,0,-1.221322744,4.404136543,-3.182813799
153.97,-64.99637933,0.05295508682,0.5959941252,0.3177323998,0,-1.221322744,4.404136543,-3.182813799
153.98,-64.99637933,0.05295508682,0.5959941252,0.3177323998,0,-1.221322744,4.404136543,-3.182813799
153.99,-64.99637933,0.05295508682,0.5959941252,0.3177323998,0,-1.221322744,4.404136543,-3.182813799
154,-64.99637933,0.05295508682,0.5959941252,0.3177323998,0,-1.221322744,4.404136543,-3.182813799
154.01,-64.99637933,0.05295508682,0.5959941252,0.3177323998,0,-1.221322744,4.404136543,-3.182813799
154.02,-64.99637933,0.05295508682,0.5959941252,0.3177323998,0,-1.221322744,4.404136543,-3.182813799
154.03,-64.99637933,0.05295508682,0.5959941252,0.3177323998,0,-1.221322744,4.404136543,-3.182813799
154.04,-64.99637933,0.05295508682,0.5959941252,0.3177323998,0,-1.221322744,4.404136543,-3.182813799
154.05,-64.99637933,0.05295508682,0.5959941252,0.3177323998,0,-1.221322744,4.404136543,-3.182813799
154.06,-64.99637933,0.05295508682,0.5959941252,0.3177323998,0,-1.221322744,4.404136543,-3.182813799
154.07,-64.99637933,0.05295508682,0.5959941252,0.3177323998,0,-1.221322744,4.404136543,-3.182813799
154.08,-64.99637933,0.05295508682,0.5959941252,0.3177323998,0,-1.221322744,4.404136543,-3.182813799
154.09,-64.99637933,0.05295508682,0.5959941252,0.3177323998,0,-1.221322744,4.404136543,-3.182813799
154.1,-64.99637933,0.05295508682,0.5959941252,0.3177323998,0,-1.221322744,4.404136543,-3.182813799
154.11,-64.99637933,0.05295508682,0.5959941252,0.3177323998,0,-1.221322744,4.404136543,-3.182813799
154.12,-64.99637933,0.05295508682,0.5959941252,0.3177323998,0,-1.221322744,4.404136543,-3.182813799
154.13,-64.99637933,0.05295508682,0.5959941252,0.3177323998,0,-1.221322744,4.404136543,-3.182813799
154.14,-64.99637933,0.05295508682,0.5959941252,0.3177323998,0,-1.221322744,4.404136543,-3.182813799
154.15,-64.99637933,0.05295508682,0.5959941252,0.3177323998,0,-1.221322744,4.404136543,-3.182813799
154.16,-64.99637933,0.05295508682,0.5959941252,0.3177323998,0,-1.221322744,4.404136543,-3.182813799
154.17,-64.99637933,0.05295508682,0.5959941252,0.3177323998,0,-1.221322744,4.404136543,-3.182813799
154.18,-64.99637933,0.05295508682,0.5959941252,0.3177323998,0,-1.221322744,4.404136543,-3.182813799
154.19,-64.99637933,0.05295508682,0.5959941252,0.3177323998,0,-1.221322744,4.404136543,-3.182813799
154.2,-64.99637933,0.05295508682,0.5959941252,0.3177323998,0,-1.221322744,4.404136543,-3.182813799
154.21,-64.99637933,0.05295508682,0.5959941252,0.3177323998,0,-1.221322744,4.404136543,-3.182813799
154.22,-64.99637933,0.05295508682,0.5959941252,0.3177323998,0,-1.221322744,4.404136543,-3.182813799
154.23,-64.99637933,0.05295508682,0.5959941252,0.3177323998,0,-1.221322744,4.404136543,-3.182813799
154.24,-64.99637933,0.05295508682,0.5959941252,0.3177323998,0,-1.221322744,4.404136543,-3.182813799
154.25,-64.99637933,0.05295508682,0.5959941252,0.3177323998,0,-1.221322744,4.404136543,-3.182813799
154.26,-64.99637933,0.05295508682,0.5959941252,0.3177323998,0,-1.221322744,4.404136543,-3.182813799
154.27,-64.99637933,0.05295508682,0.5959941252,0.3177323998,0,-1.221322744,4.404136543,-3.182813799
154.28,-64.99637933,0.05295508682,0.5959941252,0.3177323998,0,-1.221322744,4.404136543,-3.182813799
154.29,-64.99637933,0.05295508682,0.5959941252,0.3177323998,0,-1.221322744,4.404136543,-3.182813799
154.3,-64.99637933,0.05295508682,0.5959941252,0.3177323998,0,-1.221322744,4.404136543,-3.182813799
154.31,-64.99637933,0.05295508682,0.5959941252,0.3177323998,0,-1.221322744,4.404136543,-3.182813799
154.32,-64.99637933,0.05295508682,0.5959941252,0.3177323998,0,-1.221322744,4.404136543,-3.182813799
154.33,-64.99637933,0.05295508682,0.5959941252,0.3177323998,0,-1.221322744,4.404136543,-3.182813799
154.34,-64.99637933,0.05295508682,0.5959941252,0.3177323998,0,-1.221322744,4.404136543,-3.182813799
154.35,-64.99637933,0.05295508682,0.5959941252,0.3177323998,0,-1.221322744,4.404136543,-3.182813799
154.36,-64.99637933,0.05295508682,0.5959941252,0.3177323998,0,-1.221322744,4.404136543,-3.182813799
154.37,-64.99637933,0.05295508682,0.5959941252,0.3177323998,0,-1.221322744,4.404136543,-3.182813799
154.38,-64.99637933,0.05295508682,0.5959941252,0.3177323998,0,-1.221322744,4.404136543,-3.182813799
154.39,-64.99637933,0.05295508682,0.5959941252,0.3177323998,0,-1.221322744,4.404136543,-3.182813799
154.4,-64.99637933,0.05295508682,0.5959941252,0.3177323998,0,-1.221322744,4.404136543,-3.182813799
154.41,-64.99637933,0.05295508682,0.5959941252,0.3177323998,0,-1.221322744,4.404136543,-3.182813799
154.42,-64.99637933,0.05295508682,0.5959941252,0.3177323998,0,-1.221322744,4.404136543,-3.182813799
154.43,-64.99637933,0.05295508682,0.5959941252,0.3177323998,0,-1.221322744,4.404136543,-3.182813799
154.44,-64.99637933,0.05295508682,0.5959941252,0.3177323998,0,-1.221322744,4.404136543,-3.182813799
154.45,-64.99637933,0.05295508682,0.5959941252,0.3177323998,0,-1.221322744,4.404136543,-3.182813799
154.46,-64.99637933,0.05295508682,0.5959941252,0.3177323998,0,-1.221322744,4.404136543,-3.182813799
154.47,-64.99637933,0.05295508682,0.5959941252,0.3177323998,0,-1.221322744,4.404136543,-3.182813799
154.48,-64.99637933,0.05295508682,0.5959941252,0.3177323998,0,-1.221322744,4.404136543,-3.182813799
154.49,-64.99637933,0.05295508682,0.5959941252,0.3177323998,0,-1.221322744,4.404136543,-3.182813799
154.5,-64.99637933,0.05295508682,0.5959941252,0.3177323998,0,-1.221322744,4.404136543,-3.182813799
154.51,-64.99637933,0.05295508682,0.5959941252,0.3177323998,0,-1.221322744,4.404136543,-3.182813799
154.52,-64.99637933,0.05295508682,0.5959941252,0.3177323998,0,-1.221322744,4.404136543,-3.182813799
154.53,-64.99637933,0.05295508682,0.5959941252,0.3177323998,0,-1.221322744,4.404136543,-3.182813799
154.54,-64.99637933,0.05295508682,0.5959941252,0.3177323998,0,-1.221322744,4.404136543,-3.182813799
154.55,-64.99637933,0.05295508682,0.5959941252,0.3177323998,0,-1.221322744,4.404136543,-3.182813799
154.56,-64.99637933,0.05295508682,0.5959941252,0.3177323998,0,-1.221322744,4.404136543,-3.182813799
154.57,-64.99637933,0.05295508682,0.5959941252,0.3177323998,0,-1.221322744,4.404136543,-3.182813799
154.58,-64.99637933,0.05295508682,0.5959941252,0.3177323998,0,-1.221322744,4.404136543,-3.182813799
154.59,-64.99637933,0.05295508682,0.5959941252,0.3177323998,0,-1.221322744,4.404136543,-3.182813799
154.6,-64.99637933,0.05295508682,0.5959941252,0.3177323998,0,-1.221322744,4.404136543,-3.182813799
154.61,-64.99637933,0.05295508682,0.5959941252,0.3177323998,0,-1.221322744,4.404136543,-3.182813799
154.62,-64.99637933,0.05295508682,0.5959941252,0.3177323998,0,-1.221322744,4.404136543,-3.182813799
154.63,-64.99637933,0.05295508682,0.5959941252,0.3177323998,0,-1.221322744,4.404136543,-3.182813799
154.64,-64.99637933,0.05295508682,0.5959941252,0.3177323998,0,-1.221322744,4.404136543,-3.182813799
154.65,-64.99637933,0.05295508682,0.5959941252,0.3177323998,0,-1.221322744,4.404136543,-3.182813799
154.66,-64.99637933,0.05295508682,0.5959941252,0.3177323998,0,-1.221322744,4.404136543,-3.182813799
154.67,-64.99637933,0.05295508682,0.5959941252,0.3177323998,0,-1.221322744,4.404136543,-3.182813799
154.68,-64.99637933,0.05295508682,0.5959941252,0.3177323998,0,-1.221322744,4.404136543,-3.182813799
154.69,-64.99637933,0.05295508682,0.5959941252,0.3177323998,0,-1.221322744,4.404136543,-3.182813799
154.7,-64.99637933,0.05295508682,0.5959941252,0.3177323998,0,-1.221322744,4.404136543,-3.182813799
154.71,-64.99637933,0.05295508682,0.5959941252,0.3177323998,0,-1.221322744,4.404136543,-3.182813799
154.72,-64.99637933,0.05295508682,0.5959941252,0.3177323998,0,-1.221322744,4.404136543,-3.182813799
154.73,-64.99637933,0.05295508682,0.5959941252,0.3177323998,0,-1.221322744,4.404136543,-3.182813799
154.74,-64.99637933,0.05295508682,0.5959941252,0.3177323998,0,-1.221322744,4.404136543,-3.182813799
154.75,-64.99637933,0.05295508682,0.5959941252,0.3177323998,0,-1.221322744,4.404136543,-3.182813799
154.76,-64.99637933,0.05295508682,0.5959941252,0.3177323998,0,-1.221322744,4.404136543,-3.182813799
154.77,-64.99637933,0.05295508682,0.5959941252,0.3177323998,0,-1.221322744,4.404136543,-3.182813799
154.78,-64.99637933,0.05295508682,0.5959941252,0.3177323998,0,-1.221322744,4.404136543,-3.182813799
154.79,-64.99637933,0.05295508682,0.5959941252,0.3177323998,0,-1.221322744,4.404136543,-3.182813799
154.8,-64.99637933,0.05295508682,0.5959941252,0.3177323998,0,-1.221322744,4.404136543,-3.182813799
154.81,-64.99637933,0.05295508682,0.5959941252,0.3177323998,0,-1.221322744,4.404136543,-3.182813799
154.82,-64.99637933,0.05295508682,0.5959941252,0.3177323998,0,-1.221322744,4.404136543,-3.182813799
154.83,-64.99637933,0.05295508682,0.5959941252,0.3177323998,0,-1.221322744,4.404136543,-3.182813799
154.84,-64.99637933,0.05295508682,0.5959941252,0.3177323998,0,-1.221322744,4.404136543,-3.182813799
154.85,-64.99637933,0.05295508682,0.5959941252,0.3177323998,0,-1.221322744,4.404136543,-3.182813799
154.86,-64.99637933,0.05295508682,0.5959941252,0.3177323998,0,-1.221322744,4.404136543,-3.182813799
154.87,-64.99637933,0.05295508682,0.5959941252,0.3177323998,0,-1.221322744,4.404136543,-3.182813799
154.88,-64.99637933,0.05295508682,0.5959941252,0.3177323998,0,-1.221322744,4.404136543,-3.182813799
154.89,-64.99637933,0.05295508682,0.5959941252,0.3177323998,0,-1.221322744,4.404136543,-3.182813799
154.9,-64.99637933,0.05295508682,0.5959941252,0.3177323998,0,-1.221322744,4.404136543,-3.182813799
154.91,-64.99637933,0.05295508682,0.5959941252,0.3177323998,0,-1.221322744,4.404136543,-3.182813799
154.92,-64.99637933,0.05295508682,0.5959941252,0.3177323998,0,-1.221322744,4.404136543,-3.182813799
154.93,-64.99637933,0.05295508682,0.5959941252,0.3177323998,0,-1.221322744,4.404136543,-3.182813799
154.94,-64.99637933,0.05295508682,0.5959941252,0.3177323998,0,-1.221322744,4.404136543,-3.182813799
154.95,-64.99637933,0.05295508682,0.5959941252,0.3177323998,0,-1.221322744,4.404136543,-3.182813799
154.96,-64.99637933,0.05295508682,0.5959941252,0.3177323998,0,-1.221322744,4.404136543,-3.182813799
154.97,-64.99637933,0.05295508682,0.5959941252,0.3177323998,0,-1.221322744,4.404136543,-3.182813799
154.98,-64.99637933,0.05295508682,0.5959941252,0.3177323998,0,-1.221322744,4.404136543,-3.182813799
154.99,-64.99637933,0.05295508682,0.5959941252,0.3177323998,0,-1.221322744,4.404136543,-3.182813799
155,-64.99637933,0.05295508682,0.5959941252,0.3177323998,0,-1.221322744,4.404136543,-3.182813799
155.01,-64.99637933,0.05295508682,0.5959941252,0.3177323998,0,-1.221322744,4.404136543,-3.182813799
155.02,-64.99637933,0.05295508682,0.5959941252,0.3177323998,0,-1.221322744,4.404136543,-3.182813799
155.03,-64.99637933,0.05295508682,0.5959941252,0.3177323998,0,-1.221322744,4.404136543,-3.182813799
155.04,-64.99637933,0.05295508682,0.5959941252,0.3177323998,0,-1.221322744,4.404136543,-3.182813799
155.05,-64.99637933,0.05295508682,0.5959941252,0.3177323998,0,-1.221322744,4.404136543,-3.182813799
155.06,-64.99637933,0.05295508682,0.5959941252,0.3177323998,0,-1.221322744,4.404136543,-3.182813799
155.07,-64.99637933,0.05295508682,0.5959941252,0.3177323998,0,-1.221322744,4.404136543,-3.182813799
155.08,-64.99637933,0.05295508682,0.5959941252,0.3177323998,0,-1.221322744,4.404136543,-3.182813799
155.09,-64.99637933,0.05295508682,0.5959941252,0.3177323998,0,-1.221322744,4.404136543,-3.182813799
155.1,-64.99637933,0.05295508682,0.5959941252,0.3177323998,0,-1.221322744,4.404136543,-3.182813799
155.11,-64.99637933,0.05295508682,0.5959941252,0.3177323998,0,-1.221322744,4.404136543,-3.182813799
155.12,-64.99637933,0.05295508682,0.5959941252,0.3177323998,0,-1.221322744,4.404136543,-3.182813799
155.13,-64.99637933,0.05295508682,0.5959941252,0.3177323998,0,-1.221322744,4.404136543,-3.182813799
155.14,-64.99637933,0.05295508682,0.5959941252,0.3177323998,0,-1.221322744,4.404136543,-3.182813799
155.15,-64.99637933,0.05295508682,0.5959941252,0.3177323998,0,-1.221322744,4.404136543,-3.182813799
155.16,-64.99637933,0.05295508682,0.5959941252,0.3177323998,0,-1.221322744,4.404136543,-3.182813799
155.17,-64.99637933,0.05295508682,0.5959941252,0.3177323998,0,-1.221322744,4.404136543,-3.182813799
155.18,-64.99637933,0.05295508682,0.5959941252,0.3177323998,0,-1.221322744,4.404136543,-3.182813799
155.19,-64.99637933,0.05295508682,0.5959941252,0.3177323998,0,-1.221322744,4.404136543,-3.182813799
155.2,-64.99637933,0.05295508682,0.5959941252,0.3177323998,0,-1.221322744,4.404136543,-3.182813799
155.21,-64.99637933,0.05295508682,0.5959941252,0.3177323998,0,-1.221322744,4.404136543,-3.182813799
155.22,-64.99637933,0.05295508682,0.5959941252,0.3177323998,0,-1.221322744,4.404136543,-3.182813799
155.23,-64.99637933,0.05295508682,0.5959941252,0.3177323998,0,-1.221322744,4.404136543,-3.182813799
155.24,-64.99637933,0.05295508682,0.5959941252,0.3177323998,0,-1.221322744,4.404136543,-3.182813799
155.25,-64.99637933,0.05295508682,0.5959941252,0.3177323998,0,-1.221322744,4.404136543,-3.182813799
155.26,-64.99637933,0.05295508682,0.5959941252,0.3177323998,0,-1.221322744,4.404136543,-3.182813799
155.27,-64.99637933,0.05295508682,0.5959941252,0.3177323998,0,-1.221322744,4.404136543,-3.182813799
155.28,-64.99637933,0.05295508682,0.5959941252,0.3177323998,0,-1.221322744,4.404136543,-3.182813799
155.29,-64.99637933,0.05295508682,0.5959941252,0.3177323998,0,-1.221322744,4.404136543,-3.182813799
155.3,-64.99637933,0.05295508682,0.5959941252,0.3177323998,0,-1.221322744,4.404136543,-3.182813799
155.31,-64.99637933,0.05295508682,0.5959941252,0.3177323998,0,-1.221322744,4.404136543,-3.182813799
155.32,-64.99637933,0.05295508682,0.5959941252,0.3177323998,0,-1.221322744,4.404136543,-3.182813799
155.33,-64.99637933,0.05295508682,0.5959941251,0.3177323998,0,-1.221322744,4.404136543,-3.182813799
155.34,-64.99637933,0.05295508682,0.5959941251,0.3177323998,0,-1.221322744,4.404136543,-3.182813799
155.35,-64.99637933,0.05295508682,0.5959941251,0.3177323998,0,-1.221322744,4.404136543,-3.182813799
155.36,-64.99637933,0.05295508682,0.5959941251,0.3177323998,0,-1.221322744,4.404136543,-3.182813799
155.37,-64.99637933,0.05295508682,0.5959941251,0.3177323998,0,-1.221322744,4.404136543,-3.182813799
155.38,-64.99637933,0.05295508682,0.5959941251,0.3177323998,0,-1.221322744,4.404136543,-3.182813799
155.39,-64.99637933,0.05295508682,0.5959941251,0.3177323998,0,-1.221322744,4.404136543,-3.182813799
155.4,-64.99637933,0.05295508682,0.5959941251,0.3177323998,0,-1.221322744,4.404136543,-3.182813799
155.41,-64.99637933,0.05295508682,0.5959941251,0.3177323998,0,-1.221322744,4.404136543,-3.182813799
155.42,-64.99637933,0.05295508682,0.5959941251,0.3177323998,0,-1.221322744,4.404136543,-3.182813799
155.43,-64.99637933,0.05295508682,0.5959941251,0.3177323998,0,-1.221322744,4.404136543,-3.182813799
155.44,-64.99637933,0.05295508682,0.5959941251,0.3177323998,0,-1.221322744,4.404136543,-3.182813799
155.45,-64.99637933,0.05295508682,0.5959941251,0.3177323998,0,-1.221322744,4.404136543,-3.182813799
155.46,-64.99637933,0.05295508682,0.5959941251,0.3177323998,0,-1.221322744,4.404136543,-3.182813799
155.47,-64.99637933,0.05295508682,0.5959941251,0.3177323998,0,-1.221322744,4.404136543,-3.182813799
155.48,-64.99637933,0.05295508682,0.5959941251,0.3177323998,0,-1.221322744,4.404136543,-3.182813799
155.49,-64.99637933,0.05295508682,0.5959941251,0.3177323998,0,-1.221322744,4.404136543,-3.182813799
155.5,-64.99637933,0.05295508682,0.5959941251,0.3177323998,0,-1.221322744,4.404136543,-3.182813799
155.51,-64.99637933,0.05295508682,0.5959941251,0.3177323998,0,-1.221322744,4.404136543,-3.182813799
155.52,-64.99637933,0.05295508682,0.5959941251,0.3177323998,0,-1.221322744,4.404136543,-3.182813799
155.53,-64.99637933,0.05295508682,0.5959941251,0.3177323998,0,-1.221322744,4.404136543,-3.182813799
155.54,-64.99637933,0.05295508682,0.5959941251,0.3177323998,0,-1.221322744,4.404136543,-3.182813799
155.55,-64.99637933,0.05295508682,0.5959941251,0.3177323998,0,-1.221322744,4.404136543,-3.182813799
155.56,-64.99637933,0.05295508682,0.5959941251,0.3177323998,0,-1.221322744,4.404136543,-3.182813799
155.57,-64.99637933,0.05295508682,0.5959941251,0.3177323998,0,-1.221322744,4.404136543,-3.182813799
155.58,-64.99637933,0.05295508682,0.5959941251,0.3177323998,0,-1.221322744,4.404136543,-3.182813799
155.59,-64.99637933,0.05295508682,0.5959941251,0.3177323998,0,-1.221322744,4.404136543,-3.182813799
155.6,-64.99637933,0.05295508682,0.5959941251,0.3177323998,0,-1.221322744,4.404136543,-3.182813799
155.61,-64.99637933,0.05295508682,0.5959941251,0.3177323998,0,-1.221322744,4.404136543,-3.182813799
155.62,-64.99637933,0.05295508682,0.5959941251,0.3177323998,0,-1.221322744,4.404136543,-3.182813799
155.63,-64.99637933,0.05295508682,0.5959941251,0.3177323998,0,-1.221322744,4.404136543,-3.182813799
155.64,-64.99637933,0.05295508682,0.5959941251,0.3177323998,0,-1.221322744,4.404136543,-3.182813799
155.65,-64.99637933,0.05295508682,0.5959941251,0.3177323998,0,-1.221322744,4.404136543,-3.182813799
155.66,-64.99637933,0.05295508682,0.5959941251,0.3177323998,0,-1.221322744,4.404136543,-3.182813799
155.67,-64.99637933,0.05295508682,0.5959941251,0.3177323998,0,-1.221322744,4.404136543,-3.182813799
155.68,-64.99637933,0.05295508682,0.5959941251,0.3177323998,0,-1.221322744,4.404136543,-3.182813799
155.69,-64.99637933,0.05295508682,0.5959941251,0.3177323998,0,-1.221322744,4.404136543,-3.182813799
155.7,-64.99637933,0.05295508682,0.5959941251,0.3177323998,0,-1.221322744,4.404136543,-3.182813799
155.71,-64.99637933,0.05295508681,0.5959941251,0.3177323998,0,-1.221322744,4.404136543,-3.182813799
155.72,-64.99637933,0.05295508681,0.5959941251,0.3177323998,0,-1.221322744,4.404136543,-3.182813799
155.73,-64.99637933,0.05295508681,0.5959941251,0.3177323998,0,-1.221322744,4.404136543,-3.182813799
155.74,-64.99637933,0.05295508681,0.5959941251,0.3177323998,0,-1.221322744,4.404136543,-3.182813799
155.75,-64.99637933,0.05295508681,0.5959941251,0.3177323998,0,-1.221322744,4.404136543,-3.182813799
155.76,-64.99637933,0.05295508681,0.5959941251,0.3177323998,0,-1.221322744,4.404136543,-3.182813799
155.77,-64.99637933,0.05295508681,0.5959941251,0.3177323998,0,-1.221322744,4.404136543,-3.182813799
155.78,-64.99637933,0.05295508681,0.5959941251,0.3177323998,0,-1.221322744,4.404136543,-3.182813799
155.79,-64.99637933,0.05295508681,0.5959941251,0.3177323998,0,-1.221322744,4.404136543,-3.182813799
155.8,-64.99637933,0.05295508681,0.5959941251,0.3177323998,0,-1.221322744,4.404136543,-3.182813799
155.81,-64.99637933,0.05295508681,0.5959941251,0.3177323998,0,-1.221322744,4.404136543,-3.182813799
155.82,-64.99637933,0.05295508681,0.5959941251,0.3177323998,0,-1.221322744,4.404136543,-3.182813799
155.83,-64.99637933,0.05295508681,0.5959941251,0.3177323998,0,-1.221322744,4.404136543,-3.182813799
155.84,-64.99637933,0.05295508681,0.5959941251,0.3177323998,0,-1.221322744,4.404136543,-3.182813799
155.85,-64.99637933,0.05295508681,0.5959941251,0.3177323998,0,-1.221322744,4.404136543,-3.182813799
155.86,-64.99637933,0.05295508681,0.5959941251,0.3177323998,0,-1.221322744,4.404136543,-3.182813799
155.87,-64.99637933,0.05295508681,0.5959941251,0.3177323998,0,-1.221322744,4.404136543,-3.182813799
155.88,-64.99637933,0.05295508681,0.5959941251,0.3177323998,0,-1.221322744,4.404136543,-3.182813799
155.89,-64.99637933,0.05295508681,0.5959941251,0.3177323998,0,-1.221322744,4.404136543,-3.182813799
155.9,-64.99637933,0.05295508681,0.5959941251,0.3177323998,0,-1.221322744,4.404136543,-3.182813799
155.91,-64.99637933,0.05295508681,0.5959941251,0.3177323998,0,-1.221322744,4.404136543,-3.182813799
155.92,-64.99637933,0.05295508681,0.5959941251,0.3177323998,0,-1.221322744,4.404136543,-3.182813799
155.93,-64.99637933,0.05295508681,0.5959941251,0.3177323998,0,-1.221322744,4.404136543,-3.182813799
155.94,-64.99637933,0.05295508681,0.5959941251,0.3177323998,0,-1.221322744,4.404136543,-3.182813799
155.95,-64.99637933,0.05295508681,0.5959941251,0.3177323998,0,-1.221322744,4.404136543,-3.182813799
155.96,-64.99637933,0.05295508681,0.5959941251,0.3177323998,0,-1.221322744,4.404136543,-3.182813799
155.97,-64.99637933,0.05295508681,0.5959941251,0.3177323998,0,-1.221322744,4.404136543,-3.182813799
155.98,-64.99637933,0.05295508681,0.5959941251,0.3177323998,0,-1.221322744,4.404136543,-3.182813799
155.99,-64.99637933,0.05295508681,0.5959941251,0.3177323998,0,-1.221322744,4.404136543,-3.182813799
156,-64.99637933,0.05295508681,0.5959941251,0.3177323998,0,-1.221322744,4.404136543,-3.182813799
156.01,-64.99637933,0.05295508681,0.5959941251,0.3177323998,0,-1.221322744,4.404136543,-3.182813799
156.02,-64.99637933,0.05295508681,0.5959941251,0.3177323998,0,-1.221322744,4.404136543,-3.182813799
156.03,-64.99637933,0.05295508681,0.5959941251,0.3177323998,0,-1.221322744,4.404136543,-3.182813799
156.04,-64.99637933,0.05295508681,0.5959941251,0.3177323998,0,-1.221322744,4.404136543,-3.182813799
156.05,-64.99637933,0.05295508681,0.5959941251,0.3177323998,0,-1.221322744,4.404136543,-3.182813799
156.06,-64.99637933,0.05295508681,0.5959941251,0.3177323998,0,-1.221322744,4.404136543,-3.182813799
156.07,-64.99637933,0.05295508681,0.5959941251,0.3177323998,0,-1.221322744,4.404136543,-3.182813799
156.08,-64.99637933,0.05295508681,0.5959941251,0.3177323998,0,-1.221322744,4.404136543,-3.182813799
156.09,-64.99637933,0.05295508681,0.5959941251,0.3177323998,0,-1.221322744,4.404136543,-3.182813799
156.1,-64.99637933,0.05295508681,0.5959941251,0.3177323998,0,-1.221322744,4.404136543,-3.182813799
156.11,-64.99637933,0.05295508681,0.5959941251,0.3177323998,0,-1.221322744,4.404136543,-3.182813799
156.12,-64.99637933,0.05295508681,0.5959941251,0.3177323998,0,-1.221322744,4.404136543,-3.182813799
156.13,-64.99637933,0.05295508681,0.5959941251,0.3177323998,0,-1.221322744,4.404136543,-3.182813799
156.14,-64.99637933,0.05295508681,0.5959941251,0.3177323998,0,-1.221322744,4.404136543,-3.182813799
156.15,-64.99637933,0.05295508681,0.5959941251,0.3177323998,0,-1.221322744,4.404136543,-3.182813799
156.16,-64.99637933,0.05295508681,0.5959941251,0.3177323998,0,-1.221322744,4.404136543,-3.182813799
156.17,-64.99637933,0.05295508681,0.5959941251,0.3177323998,0,-1.221322744,4.404136543,-3.182813799
156.18,-64.99637933,0.05295508681,0.5959941251,0.3177323998,0,-1.221322744,4.404136543,-3.182813799
156.19,-64.99637933,0.05295508681,0.5959941251,0.3177323998,0,-1.221322744,4.404136543,-3.182813799
156.2,-64.99637933,0.05295508681,0.5959941251,0.3177323998,0,-1.221322744,4.404136543,-3.182813799
156.21,-64.99637933,0.05295508681,0.5959941251,0.3177323998,0,-1.221322744,4.404136543,-3.182813799
156.22,-64.99637933,0.05295508681,0.5959941251,0.3177323998,0,-1.221322744,4.404136543,-3.182813799
156.23,-64.99637933,0.05295508681,0.5959941251,0.3177323998,0,-1.221322744,4.404136543,-3.182813799
156.24,-64.99637933,0.05295508681,0.5959941251,0.3177323998,0,-1.221322744,4.404136543,-3.182813799
156.25,-64.99637933,0.05295508681,0.5959941251,0.3177323998,0,-1.221322744,4.404136543,-3.182813799
156.26,-64.99637933,0.05295508681,0.5959941251,0.3177323998,0,-1.221322744,4.404136543,-3.182813799
156.27,-64.99637933,0.05295508681,0.5959941251,0.3177323998,0,-1.221322744,4.404136543,-3.182813799
156.28,-64.99637933,0.05295508681,0.5959941251,0.3177323998,0,-1.221322744,4.404136543,-3.182813799
156.29,-64.99637933,0.05295508681,0.5959941251,0.3177323998,0,-1.221322744,4.404136543,-3.182813799
156.3,-64.99637933,0.05295508681,0.5959941251,0.3177323998,0,-1.221322744,4.404136543,-3.182813799
156.31,-64.99637933,0.05295508681,0.5959941251,0.3177323998,0,-1.221322744,4.404136543,-3.182813799
156.32,-64.99637933,0.05295508681,0.5959941251,0.3177323998,0,-1.221322744,4.404136543,-3.182813799
156.33,-64.99637933,0.05295508681,0.5959941251,0.3177323998,0,-1.221322744,4.404136543,-3.182813799
156.34,-64.99637933,0.05295508681,0.5959941251,0.3177323998,0,-1.221322744,4.404136543,-3.182813799
156.35,-64.99637933,0.05295508681,0.5959941251,0.3177323998,0,-1.221322744,4.404136543,-3.182813799
156.36,-64.99637933,0.05295508681,0.5959941251,0.3177323998,0,-1.221322744,4.404136543,-3.182813799
156.37,-64.99637933,0.05295508681,0.5959941251,0.3177323998,0,-1.221322744,4.404136543,-3.182813799
156.38,-64.99637933,0.05295508681,0.5959941251,0.3177323998,0,-1.221322744,4.404136543,-3.182813799
156.39,-64.99637933,0.05295508681,0.5959941251,0.3177323998,0,-1.221322744,4.404136543,-3.182813799
156.4,-64.99637933,0.05295508681,0.5959941251,0.3177323998,0,-1.221322744,4.404136543,-3.182813799
156.41,-64.99637933,0.05295508681,0.5959941251,0.3177323998,0,-1.221322744,4.404136543,-3.182813799
156.42,-64.99637933,0.05295508681,0.5959941251,0.3177323998,0,-1.221322744,4.404136543,-3.182813799
156.43,-64.99637933,0.05295508681,0.5959941251,0.3177323998,0,-1.221322744,4.404136543,-3.182813799
156.44,-64.99637933,0.05295508681,0.5959941251,0.3177323998,0,-1.221322744,4.404136543,-3.182813799
156.45,-64.99637933,0.05295508681,0.5959941251,0.3177323998,0,-1.221322744,4.404136543,-3.182813799
156.46,-64.99637933,0.05295508681,0.5959941251,0.3177323998,0,-1.221322744,4.404136543,-3.182813799
156.47,-64.99637933,0.05295508681,0.5959941251,0.3177323998,0,-1.221322744,4.404136543,-3.182813799
156.48,-64.99637933,0.05295508681,0.5959941251,0.3177323998,0,-1.221322744,4.404136543,-3.182813799
156.49,-64.99637933,0.05295508681,0.5959941251,0.3177323998,0,-1.221322744,4.404136543,-3.182813799
156.5,-64.99637933,0.05295508681,0.5959941251,0.3177323998,0,-1.221322744,4.404136543,-3.182813799
156.51,-64.99637933,0.05295508681,0.5959941251,0.3177323998,0,-1.221322744,4.404136543,-3.182813799
156.52,-64.99637933,0.05295508681,0.5959941251,0.3177323998,0,-1.221322744,4.404136543,-3.182813799
156.53,-64.99637933,0.05295508681,0.5959941251,0.3177323998,0,-1.221322744,4.404136543,-3.182813799
156.54,-64.99637933,0.05295508681,0.5959941251,0.3177323998,0,-1.221322744,4.404136543,-3.182813799
156.55,-64.99637933,0.05295508681,0.5959941251,0.3177323998,0,-1.221322744,4.404136543,-3.182813799
156.56,-64.99637933,0.05295508681,0.5959941251,0.3177323998,0,-1.221322744,4.404136543,-3.182813799
156.57,-64.99637933,0.05295508681,0.5959941251,0.3177323998,0,-1.221322744,4.404136543,-3.182813799
156.58,-64.99637933,0.05295508681,0.5959941251,0.3177323998,0,-1.221322744,4.404136543,-3.182813799
156.59,-64.99637933,0.05295508681,0.5959941251,0.3177323998,0,-1.221322744,4.404136543,-3.182813799
156.6,-64.99637933,0.05295508681,0.5959941251,0.3177323998,0,-1.221322744,4.404136543,-3.182813799
156.61,-64.99637933,0.05295508681,0.5959941251,0.3177323998,0,-1.221322744,4.404136543,-3.182813799
156.62,-64.99637933,0.05295508681,0.5959941251,0.3177323998,0,-1.221322744,4.404136543,-3.182813799
156.63,-64.99637933,0.05295508681,0.5959941251,0.3177323998,0,-1.221322744,4.404136543,-3.182813799
156.64,-64.99637933,0.05295508681,0.5959941251,0.3177323998,0,-1.221322744,4.404136543,-3.182813799
156.65,-64.99637933,0.05295508681,0.5959941251,0.3177323998,0,-1.221322744,4.404136543,-3.182813799
156.66,-64.99637933,0.05295508681,0.5959941251,0.3177323998,0,-1.221322744,4.404136543,-3.182813799
156.67,-64.99637933,0.05295508681,0.5959941251,0.3177323998,0,-1.221322744,4.404136543,-3.182813799
156.68,-64.99637933,0.05295508681,0.5959941251,0.3177323998,0,-1.221322744,4.404136543,-3.182813799
156.69,-64.99637933,0.05295508681,0.5959941251,0.3177323998,0,-1.221322744,4.404136543,-3.182813799
156.7,-64.99637933,0.05295508681,0.5959941251,0.3177323998,0,-1.221322744,4.404136543,-3.182813799
156.71,-64.99637933,0.05295508681,0.5959941251,0.3177323998,0,-1.221322744,4.404136543,-3.182813799
156.72,-64.99637933,0.05295508681,0.5959941251,0.3177323998,0,-1.221322744,4.404136543,-3.182813799
156.73,-64.99637933,0.05295508681,0.5959941251,0.3177323998,0,-1.221322744,4.404136543,-3.182813799
156.74,-64.99637933,0.05295508681,0.5959941251,0.3177323998,0,-1.221322744,4.404136543,-3.182813799
156.75,-64.99637933,0.05295508681,0.5959941251,0.3177323998,0,-1.221322744,4.404136543,-3.182813799
156.76,-64.99637933,0.05295508681,0.5959941251,0.3177323998,0,-1.221322744,4.404136543,-3.182813799
156.77,-64.99637933,0.05295508681,0.5959941251,0.3177323998,0,-1.221322744,4.404136543,-3.182813799
156.78,-64.99637933,0.05295508681,0.5959941251,0.3177323998,0,-1.221322744,4.404136543,-3.182813799
156.79,-64.99637933,0.05295508681,0.5959941251,0.3177323998,0,-1.221322744,4.404136543,-3.182813799
156.8,-64.99637933,0.05295508681,0.5959941251,0.3177323998,0,-1.221322744,4.404136543,-3.182813799
156.81,-64.99637933,0.05295508681,0.5959941251,0.3177323998,0,-1.221322744,4.404136543,-3.182813799
156.82,-64.99637933,0.05295508681,0.5959941251,0.3177323998,0,-1.221322744,4.404136543,-3.182813799
156.83,-64.99637933,0.05295508681,0.5959941251,0.3177323998,0,-1.221322744,4.404136543,-3.182813799
156.84,-64.99637933,0.05295508681,0.5959941251,0.3177323998,0,-1.221322744,4.404136543,-3.182813799
156.85,-64.99637933,0.05295508681,0.5959941251,0.3177323998,0,-1.221322744,4.404136543,-3.182813799
156.86,-64.99637933,0.05295508681,0.5959941251,0.3177323998,0,-1.221322744,4.404136543,-3.182813799
156.87,-64.99637933,0.05295508681,0.5959941251,0.3177323998,0,-1.221322744,4.404136543,-3.182813799
156.88,-64.99637933,0.05295508681,0.5959941251,0.3177323998,0,-1.221322744,4.404136543,-3.182813799
156.89,-64.99637933,0.05295508681,0.5959941251,0.3177323998,0,-1.221322744,4.404136543,-3.182813799
156.9,-64.99637933,0.05295508681,0.5959941251,0.3177323998,0,-1.221322744,4.404136543,-3.182813799
156.91,-64.99637933,0.05295508681,0.5959941251,0.3177323998,0,-1.221322744,4.404136543,-3.182813799
156.92,-64.99637933,0.05295508681,0.5959941251,0.3177323998,0,-1.221322744,4.404136543,-3.182813799
156.93,-64.99637933,0.05295508681,0.5959941251,0.3177323998,0,-1.221322744,4.404136543,-3.182813799
156.94,-64.99637933,0.05295508681,0.5959941251,0.3177323998,0,-1.221322744,4.404136543,-3.182813799
156.95,-64.99637933,0.05295508681,0.5959941251,0.3177323998,0,-1.221322744,4.404136543,-3.182813799
156.96,-64.99637933,0.05295508681,0.5959941251,0.3177323998,0,-1.221322744,4.404136543,-3.182813799
156.97,-64.99637933,0.05295508681,0.5959941251,0.3177323998,0,-1.221322744,4.404136543,-3.182813799
156.98,-64.99637933,0.05295508681,0.5959941251,0.3177323998,0,-1.221322744,4.404136543,-3.182813799
156.99,-64.99637933,0.05295508681,0.5959941251,0.3177323998,0,-1.221322744,4.404136543,-3.182813799
157,-64.99637933,0.05295508681,0.5959941251,0.3177323998,0,-1.221322744,4.404136543,-3.182813799
157.01,-64.99637933,0.05295508681,0.5959941251,0.3177323998,0,-1.221322744,4.404136543,-3.182813799
157.02,-64.99637933,0.05295508681,0.5959941251,0.3177323998,0,-1.221322744,4.404136543,-3.182813799
157.03,-64.99637933,0.05295508681,0.5959941251,0.3177323998,0,-1.221322744,4.404136543,-3.182813799
157.04,-64.99637933,0.05295508681,0.5959941251,0.3177323998,0,-1.221322744,4.404136543,-3.182813799
157.05,-64.99637933,0.05295508681,0.5959941251,0.3177323998,0,-1.221322744,4.404136543,-3.182813799
157.06,-64.99637933,0.05295508681,0.5959941251,0.3177323998,0,-1.221322744,4.404136543,-3.182813799
157.07,-64.99637933,0.05295508681,0.5959941251,0.3177323998,0,-1.221322744,4.404136543,-3.182813799
157.08,-64.99637933,0.05295508681,0.5959941251,0.3177323998,0,-1.221322744,4.404136543,-3.182813799
157.09,-64.99637933,0.05295508681,0.5959941251,0.3177323998,0,-1.221322744,4.404136543,-3.182813799
157.1,-64.99637933,0.05295508681,0.5959941251,0.3177323998,0,-1.221322744,4.404136543,-3.182813799
157.11,-64.99637933,0.05295508681,0.5959941251,0.3177323998,0,-1.221322744,4.404136543,-3.182813799
157.12,-64.99637933,0.05295508681,0.5959941251,0.3177323998,0,-1.221322744,4.404136543,-3.182813799
157.13,-64.99637933,0.05295508681,0.5959941251,0.3177323998,0,-1.221322744,4.404136543,-3.182813799
157.14,-64.99637933,0.05295508681,0.5959941251,0.3177323998,0,-1.221322744,4.404136543,-3.182813799
157.15,-64.99637933,0.05295508681,0.5959941251,0.3177323998,0,-1.221322744,4.404136543,-3.182813799
157.16,-64.99637933,0.05295508681,0.5959941251,0.3177323998,0,-1.221322744,4.404136543,-3.182813799
157.17,-64.99637933,0.05295508681,0.5959941251,0.3177323998,0,-1.221322744,4.404136543,-3.182813799
157.18,-64.99637933,0.05295508681,0.5959941251,0.3177323998,0,-1.221322744,4.404136543,-3.182813799
157.19,-64.99637933,0.05295508681,0.5959941251,0.3177323998,0,-1.221322744,4.404136543,-3.182813799
157.2,-64.99637933,0.05295508681,0.5959941251,0.3177323998,0,-1.221322744,4.404136543,-3.182813799
157.21,-64.99637933,0.05295508681,0.5959941251,0.3177323998,0,-1.221322744,4.404136543,-3.182813799
157.22,-64.99637933,0.05295508681,0.5959941251,0.3177323998,0,-1.221322744,4.404136543,-3.182813799
157.23,-64.99637933,0.05295508681,0.5959941251,0.3177323998,0,-1.221322744,4.404136543,-3.182813799
157.24,-64.99637933,0.05295508681,0.5959941251,0.3177323998,0,-1.221322744,4.404136543,-3.182813799
157.25,-64.99637933,0.05295508681,0.5959941251,0.3177323998,0,-1.221322744,4.404136543,-3.182813799
157.26,-64.99637933,0.05295508681,0.5959941251,0.3177323998,0,-1.221322744,4.404136543,-3.182813799
157.27,-64.99637933,0.05295508681,0.5959941251,0.3177323998,0,-1.221322744,4.404136543,-3.182813799
157.28,-64.99637933,0.05295508681,0.5959941251,0.3177323998,0,-1.221322744,4.404136543,-3.182813799
157.29,-64.99637933,0.05295508681,0.5959941251,0.3177323998,0,-1.221322744,4.404136543,-3.182813799
157.3,-64.99637933,0.05295508681,0.5959941251,0.3177323998,0,-1.221322744,4.404136543,-3.182813799
157.31,-64.99637933,0.05295508681,0.5959941251,0.3177323998,0,-1.221322744,4.404136543,-3.182813799
157.32,-64.99637933,0.05295508681,0.5959941251,0.3177323998,0,-1.221322744,4.404136543,-3.182813799
157.33,-64.99637933,0.05295508681,0.5959941251,0.3177323998,0,-1.221322744,4.404136543,-3.182813799
157.34,-64.99637933,0.05295508681,0.5959941251,0.3177323998,0,-1.221322744,4.404136543,-3.182813799
157.35,-64.99637933,0.05295508681,0.5959941251,0.3177323998,0,-1.221322744,4.404136543,-3.182813799
157.36,-64.99637933,0.05295508681,0.5959941251,0.3177323998,0,-1.221322744,4.404136543,-3.182813799
157.37,-64.99637933,0.05295508681,0.5959941251,0.3177323998,0,-1.221322744,4.404136543,-3.182813799
157.38,-64.99637933,0.05295508681,0.5959941251,0.3177323998,0,-1.221322744,4.404136543,-3.182813799
157.39,-64.99637933,0.05295508681,0.5959941251,0.3177323998,0,-1.221322744,4.404136543,-3.182813799
157.4,-64.99637933,0.05295508681,0.5959941251,0.3177323998,0,-1.221322744,4.404136543,-3.182813799
157.41,-64.99637933,0.05295508681,0.5959941251,0.3177323998,0,-1.221322744,4.404136543,-3.182813799
157.42,-64.99637933,0.05295508681,0.5959941251,0.3177323998,0,-1.221322744,4.404136543,-3.182813799
157.43,-64.99637933,0.05295508681,0.5959941251,0.3177323998,0,-1.221322744,4.404136543,-3.182813799
157.44,-64.99637933,0.05295508681,0.5959941251,0.3177323998,0,-1.221322744,4.404136543,-3.182813799
157.45,-64.99637933,0.05295508681,0.5959941251,0.3177323998,0,-1.221322744,4.404136543,-3.182813799
157.46,-64.99637933,0.05295508681,0.5959941251,0.3177323998,0,-1.221322744,4.404136543,-3.182813799
157.47,-64.99637933,0.05295508681,0.5959941251,0.3177323998,0,-1.221322744,4.404136543,-3.182813799
157.48,-64.99637933,0.05295508681,0.5959941251,0.3177323998,0,-1.221322744,4.404136543,-3.182813799
157.49,-64.99637933,0.05295508681,0.5959941251,0.3177323998,0,-1.221322744,4.404136543,-3.182813799
157.5,-64.99637933,0.05295508681,0.5959941251,0.3177323998,0,-1.221322744,4.404136543,-3.182813799
157.51,-64.99637933,0.05295508681,0.5959941251,0.3177323998,0,-1.221322744,4.404136543,-3.182813799
157.52,-64.99637933,0.05295508681,0.5959941251,0.3177323998,0,-1.221322744,4.404136543,-3.182813799
157.53,-64.99637933,0.05295508681,0.5959941251,0.3177323998,0,-1.221322744,4.404136543,-3.182813799
157.54,-64.99637933,0.05295508681,0.5959941251,0.3177323998,0,-1.221322744,4.404136543,-3.182813799
157.55,-64.99637933,0.05295508681,0.5959941251,0.3177323998,0,-1.221322744,4.404136543,-3.182813799
157.56,-64.99637933,0.05295508681,0.5959941251,0.3177323998,0,-1.221322744,4.404136543,-3.182813799
157.57,-64.99637933,0.05295508681,0.5959941251,0.3177323998,0,-1.221322744,4.404136543,-3.182813799
157.58,-64.99637933,0.05295508681,0.5959941251,0.3177323998,0,-1.221322744,4.404136543,-3.182813799
157.59,-64.99637933,0.05295508681,0.5959941251,0.3177323998,0,-1.221322744,4.404136543,-3.182813799
157.6,-64.99637933,0.05295508681,0.5959941251,0.3177323998,0,-1.221322744,4.404136543,-3.182813799
157.61,-64.99637933,0.05295508681,0.5959941251,0.3177323998,0,-1.221322744,4.404136543,-3.182813799
157.62,-64.99637933,0.05295508681,0.5959941251,0.3177323998,0,-1.221322744,4.404136543,-3.182813799
157.63,-64.99637933,0.05295508681,0.5959941251,0.3177323998,0,-1.221322744,4.404136543,-3.182813799
157.64,-64.99637933,0.05295508681,0.595994125,0.3177323998,0,-1.221322744,4.404136543,-3.182813799
157.65,-64.99637933,0.05295508681,0.595994125,0.3177323998,0,-1.221322744,4.404136543,-3.182813799
157.66,-64.99637933,0.05295508681,0.595994125,0.3177323998,0,-1.221322744,4.404136543,-3.182813799
157.67,-64.99637933,0.05295508681,0.595994125,0.3177323998,0,-1.221322744,4.404136543,-3.182813799
157.68,-64.99637933,0.05295508681,0.595994125,0.3177323998,0,-1.221322744,4.404136543,-3.182813799
157.69,-64.99637933,0.05295508681,0.595994125,0.3177323998,0,-1.221322744,4.404136543,-3.182813799
157.7,-64.99637933,0.05295508681,0.595994125,0.3177323998,0,-1.221322744,4.404136543,-3.182813799
157.71,-64.99637933,0.05295508681,0.595994125,0.3177323998,0,-1.221322744,4.404136543,-3.182813799
157.72,-64.99637933,0.05295508681,0.595994125,0.3177323998,0,-1.221322744,4.404136543,-3.182813799
157.73,-64.99637933,0.05295508681,0.595994125,0.3177323998,0,-1.221322744,4.404136543,-3.182813799
157.74,-64.99637933,0.05295508681,0.595994125,0.3177323998,0,-1.221322744,4.404136543,-3.182813799
157.75,-64.99637933,0.05295508681,0.595994125,0.3177323998,0,-1.221322744,4.404136543,-3.182813799
157.76,-64.99637933,0.05295508681,0.595994125,0.3177323998,0,-1.221322744,4.404136543,-3.182813799
157.77,-64.99637933,0.05295508681,0.595994125,0.3177323998,0,-1.221322744,4.404136543,-3.182813799
157.78,-64.99637933,0.05295508681,0.595994125,0.3177323998,0,-1.221322744,4.404136543,-3.182813799
157.79,-64.99637933,0.05295508681,0.595994125,0.3177323998,0,-1.221322744,4.404136543,-3.182813799
157.8,-64.99637933,0.05295508681,0.595994125,0.3177323998,0,-1.221322744,4.404136543,-3.182813799
157.81,-64.99637933,0.05295508681,0.595994125,0.3177323998,0,-1.221322744,4.404136543,-3.182813799
157.82,-64.99637933,0.05295508681,0.595994125,0.3177323998,0,-1.221322744,4.404136543,-3.182813799
157.83,-64.99637933,0.05295508681,0.595994125,0.3177323998,0,-1.221322744,4.404136543,-3.182813799
157.84,-64.99637933,0.05295508681,0.595994125,0.3177323998,0,-1.221322744,4.404136543,-3.182813799
157.85,-64.99637933,0.05295508681,0.595994125,0.3177323998,0,-1.221322744,4.404136543,-3.182813799
157.86,-64.99637933,0.05295508681,0.595994125,0.3177323998,0,-1.221322744,4.404136543,-3.182813799
157.87,-64.99637933,0.05295508681,0.595994125,0.3177323998,0,-1.221322744,4.404136543,-3.182813799
157.88,-64.99637933,0.05295508681,0.595994125,0.3177323998,0,-1.221322744,4.404136543,-3.182813799
157.89,-64.99637933,0.05295508681,0.595994125,0.3177323998,0,-1.221322744,4.404136543,-3.182813799
157.9,-64.99637933,0.05295508681,0.595994125,0.3177323998,0,-1.221322744,4.404136543,-3.182813799
157.91,-64.99637933,0.05295508681,0.595994125,0.3177323998,0,-1.221322744,4.404136543,-3.182813799
157.92,-64.99637933,0.05295508681,0.595994125,0.3177323998,0,-1.221322744,4.404136543,-3.182813799
157.93,-64.99637933,0.05295508681,0.595994125,0.3177323998,0,-1.221322744,4.404136543,-3.182813799
157.94,-64.99637933,0.05295508681,0.595994125,0.3177323998,0,-1.221322744,4.404136543,-3.182813799
157.95,-64.99637933,0.05295508681,0.595994125,0.3177323998,0,-1.221322744,4.404136543,-3.182813799
157.96,-64.99637933,0.05295508681,0.595994125,0.3177323998,0,-1.221322744,4.404136543,-3.182813799
157.97,-64.99637933,0.05295508681,0.595994125,0.3177323998,0,-1.221322744,4.404136543,-3.182813799
157.98,-64.99637933,0.05295508681,0.595994125,0.3177323998,0,-1.221322744,4.404136543,-3.182813799
157.99,-64.99637933,0.05295508681,0.595994125,0.3177323998,0,-1.221322744,4.404136543,-3.182813799
158,-64.99637933,0.05295508681,0.595994125,0.3177323998,0,-1.221322744,4.404136543,-3.182813799
158.01,-64.99637933,0.05295508681,0.595994125,0.3177323998,0,-1.221322744,4.404136543,-3.182813799
158.02,-64.99637933,0.05295508681,0.595994125,0.3177323998,0,-1.221322744,4.404136543,-3.182813799
158.03,-64.99637933,0.05295508681,0.595994125,0.3177323998,0,-1.221322744,4.404136543,-3.182813799
158.04,-64.99637933,0.05295508681,0.595994125,0.3177323998,0,-1.221322744,4.404136543,-3.182813799
158.05,-64.99637933,0.05295508681,0.595994125,0.3177323998,0,-1.221322744,4.404136543,-3.182813799
158.06,-64.99637933,0.05295508681,0.595994125,0.3177323998,0,-1.221322744,4.404136543,-3.182813799
158.07,-64.99637933,0.05295508681,0.595994125,0.3177323998,0,-1.221322744,4.404136543,-3.182813799
158.08,-64.99637933,0.05295508681,0.595994125,0.3177323998,0,-1.221322744,4.404136543,-3.182813799
158.09,-64.99637933,0.05295508681,0.595994125,0.3177323998,0,-1.221322744,4.404136543,-3.182813799
158.1,-64.99637933,0.05295508681,0.595994125,0.3177323998,0,-1.221322744,4.404136543,-3.182813799
158.11,-64.99637933,0.05295508681,0.595994125,0.3177323998,0,-1.221322744,4.404136543,-3.182813799
158.12,-64.99637933,0.05295508681,0.595994125,0.3177323998,0,-1.221322744,4.404136543,-3.182813799
158.13,-64.99637933,0.05295508681,0.595994125,0.3177323998,0,-1.221322744,4.404136543,-3.182813799
158.14,-64.99637933,0.05295508681,0.595994125,0.3177323998,0,-1.221322744,4.404136543,-3.182813799
158.15,-64.99637933,0.05295508681,0.595994125,0.3177323998,0,-1.221322744,4.404136543,-3.182813799
158.16,-64.99637933,0.05295508681,0.595994125,0.3177323998,0,-1.221322744,4.404136543,-3.182813799
158.17,-64.99637933,0.05295508681,0.595994125,0.3177323998,0,-1.221322744,4.404136543,-3.182813799
158.18,-64.99637933,0.05295508681,0.595994125,0.3177323998,0,-1.221322744,4.404136543,-3.182813799
158.19,-64.99637933,0.05295508681,0.595994125,0.3177323998,0,-1.221322744,4.404136543,-3.182813799
158.2,-64.99637933,0.05295508681,0.595994125,0.3177323998,0,-1.221322744,4.404136543,-3.182813799
158.21,-64.99637933,0.05295508681,0.595994125,0.3177323998,0,-1.221322744,4.404136543,-3.182813799
158.22,-64.99637933,0.05295508681,0.595994125,0.3177323998,0,-1.221322744,4.404136543,-3.182813799
158.23,-64.99637933,0.05295508681,0.595994125,0.3177323998,0,-1.221322744,4.404136543,-3.182813799
158.24,-64.99637933,0.05295508681,0.595994125,0.3177323998,0,-1.221322744,4.404136543,-3.182813799
158.25,-64.99637933,0.05295508681,0.595994125,0.3177323998,0,-1.221322744,4.404136543,-3.182813799
158.26,-64.99637933,0.05295508681,0.595994125,0.3177323998,0,-1.221322744,4.404136543,-3.182813799
158.27,-64.99637933,0.05295508681,0.595994125,0.3177323998,0,-1.221322744,4.404136543,-3.182813799
158.28,-64.99637933,0.05295508681,0.595994125,0.3177323998,0,-1.221322744,4.404136543,-3.182813799
158.29,-64.99637933,0.05295508681,0.595994125,0.3177323998,0,-1.221322744,4.404136543,-3.182813799
158.3,-64.99637933,0.05295508681,0.595994125,0.3177323998,0,-1.221322744,4.404136543,-3.182813799
158.31,-64.99637933,0.05295508681,0.595994125,0.3177323998,0,-1.221322744,4.404136543,-3.182813799
158.32,-64.99637933,0.05295508681,0.595994125,0.3177323998,0,-1.221322744,4.404136543,-3.182813799
158.33,-64.99637933,0.05295508681,0.595994125,0.3177323998,0,-1.221322744,4.404136543,-3.182813799
158.34,-64.99637933,0.05295508681,0.595994125,0.3177323998,0,-1.221322744,4.404136543,-3.182813799
158.35,-64.99637933,0.05295508681,0.595994125,0.3177323998,0,-1.221322744,4.404136543,-3.182813799
158.36,-64.99637933,0.05295508681,0.595994125,0.3177323998,0,-1.221322744,4.404136543,-3.182813799
158.37,-64.99637933,0.05295508681,0.595994125,0.3177323998,0,-1.221322744,4.404136543,-3.182813799
158.38,-64.99637933,0.05295508681,0.595994125,0.3177323998,0,-1.221322744,4.404136543,-3.182813799
158.39,-64.99637933,0.05295508681,0.595994125,0.3177323998,0,-1.221322744,4.404136543,-3.182813799
158.4,-64.99637933,0.05295508681,0.595994125,0.3177323998,0,-1.221322744,4.404136543,-3.182813799
158.41,-64.99637933,0.05295508681,0.595994125,0.3177323998,0,-1.221322744,4.404136543,-3.182813799
158.42,-64.99637933,0.05295508681,0.595994125,0.3177323998,0,-1.221322744,4.404136543,-3.182813799
158.43,-64.99637933,0.05295508681,0.595994125,0.3177323998,0,-1.221322744,4.404136543,-3.182813799
158.44,-64.99637933,0.05295508681,0.595994125,0.3177323998,0,-1.221322744,4.404136543,-3.182813799
158.45,-64.99637933,0.05295508681,0.595994125,0.3177323998,0,-1.221322744,4.404136543,-3.182813799
158.46,-64.99637933,0.05295508681,0.595994125,0.3177323998,0,-1.221322744,4.404136543,-3.182813799
158.47,-64.99637933,0.05295508681,0.595994125,0.3177323998,0,-1.221322744,4.404136543,-3.182813799
158.48,-64.99637933,0.05295508681,0.595994125,0.3177323998,0,-1.221322744,4.404136543,-3.182813799
158.49,-64.99637933,0.05295508681,0.595994125,0.3177323998,0,-1.221322744,4.404136543,-3.182813799
158.5,-64.99637933,0.05295508681,0.595994125,0.3177323998,0,-1.221322744,4.404136543,-3.182813799
158.51,-64.99637933,0.05295508681,0.595994125,0.3177323998,0,-1.221322744,4.404136543,-3.182813799
158.52,-64.99637933,0.05295508681,0.595994125,0.3177323998,0,-1.221322743,4.404136543,-3.182813799
158.53,-64.99637933,0.05295508681,0.595994125,0.3177323998,0,-1.221322743,4.404136543,-3.182813799
158.54,-64.99637933,0.05295508681,0.595994125,0.3177323998,0,-1.221322743,4.404136543,-3.182813799
158.55,-64.99637933,0.05295508681,0.595994125,0.3177323998,0,-1.221322743,4.404136543,-3.182813799
158.56,-64.99637933,0.05295508681,0.595994125,0.3177323998,0,-1.221322743,4.404136543,-3.182813799
158.57,-64.99637933,0.05295508681,0.595994125,0.3177323998,0,-1.221322743,4.404136543,-3.182813799
158.58,-64.99637933,0.05295508681,0.595994125,0.3177323998,0,-1.221322743,4.404136543,-3.182813799
158.59,-64.99637933,0.05295508681,0.595994125,0.3177323998,0,-1.221322743,4.404136543,-3.182813799
158.6,-64.99637933,0.05295508681,0.595994125,0.3177323998,0,-1.221322743,4.404136543,-3.182813799
158.61,-64.99637933,0.05295508681,0.595994125,0.3177323998,0,-1.221322743,4.404136543,-3.182813799
158.62,-64.99637933,0.05295508681,0.595994125,0.3177323998,0,-1.221322743,4.404136543,-3.182813799
158.63,-64.99637933,0.05295508681,0.595994125,0.3177323998,0,-1.221322743,4.404136543,-3.182813799
158.64,-64.99637933,0.05295508681,0.595994125,0.3177323998,0,-1.221322743,4.404136543,-3.182813799
158.65,-64.99637933,0.05295508681,0.595994125,0.3177323998,0,-1.221322743,4.404136543,-3.182813799
158.66,-64.99637933,0.05295508681,0.595994125,0.3177323998,0,-1.221322743,4.404136543,-3.182813799
158.67,-64.99637933,0.05295508681,0.595994125,0.3177323998,0,-1.221322743,4.404136543,-3.182813799
158.68,-64.99637933,0.05295508681,0.595994125,0.3177323998,0,-1.221322743,4.404136543,-3.182813799
158.69,-64.99637933,0.05295508681,0.595994125,0.3177323998,0,-1.221322743,4.404136543,-3.182813799
158.7,-64.99637933,0.05295508681,0.595994125,0.3177323998,0,-1.221322743,4.404136543,-3.182813799
158.71,-64.99637933,0.05295508681,0.595994125,0.3177323998,0,-1.221322743,4.404136543,-3.182813799
158.72,-64.99637933,0.05295508681,0.595994125,0.3177323998,0,-1.221322743,4.404136543,-3.182813799
158.73,-64.99637933,0.05295508681,0.595994125,0.3177323998,0,-1.221322743,4.404136543,-3.182813799
158.74,-64.99637933,0.05295508681,0.595994125,0.3177323998,0,-1.221322743,4.404136543,-3.182813799
158.75,-64.99637933,0.05295508681,0.595994125,0.3177323998,0,-1.221322743,4.404136543,-3.182813799
158.76,-64.99637933,0.05295508681,0.595994125,0.3177323998,0,-1.221322743,4.404136543,-3.182813799
158.77,-64.99637933,0.05295508681,0.595994125,0.3177323998,0,-1.221322743,4.404136543,-3.182813799
158.78,-64.99637933,0.05295508681,0.595994125,0.3177323998,0,-1.221322743,4.404136543,-3.182813799
158.79,-64.99637933,0.05295508681,0.595994125,0.3177323998,0,-1.221322743,4.404136543,-3.182813799
158.8,-64.99637933,0.05295508681,0.595994125,0.3177323998,0,-1.221322743,4.404136543,-3.182813799
158.81,-64.99637933,0.05295508681,0.595994125,0.3177323998,0,-1.221322743,4.404136543,-3.182813799
158.82,-64.99637933,0.05295508681,0.595994125,0.3177323998,0,-1.221322743,4.404136543,-3.182813799
158.83,-64.99637933,0.05295508681,0.595994125,0.3177323998,0,-1.221322743,4.404136543,-3.182813799
158.84,-64.99637933,0.05295508681,0.595994125,0.3177323998,0,-1.221322743,4.404136543,-3.182813799
158.85,-64.99637933,0.05295508681,0.595994125,0.3177323998,0,-1.221322743,4.404136543,-3.182813799
158.86,-64.99637933,0.05295508681,0.595994125,0.3177323998,0,-1.221322743,4.404136543,-3.182813799
158.87,-64.99637933,0.05295508681,0.595994125,0.3177323998,0,-1.221322743,4.404136543,-3.182813799
158.88,-64.99637933,0.05295508681,0.595994125,0.3177323998,0,-1.221322743,4.404136543,-3.182813799
158.89,-64.99637933,0.05295508681,0.595994125,0.3177323998,0,-1.221322743,4.404136543,-3.182813799
158.9,-64.99637933,0.05295508681,0.595994125,0.3177323998,0,-1.221322743,4.404136543,-3.182813799
158.91,-64.99637933,0.05295508681,0.595994125,0.3177323998,0,-1.221322743,4.404136543,-3.182813799
158.92,-64.99637933,0.05295508681,0.595994125,0.3177323998,0,-1.221322743,4.404136543,-3.182813799
158.93,-64.99637933,0.05295508681,0.595994125,0.3177323998,0,-1.221322743,4.404136543,-3.182813799
158.94,-64.99637933,0.05295508681,0.595994125,0.3177323998,0,-1.221322743,4.404136543,-3.182813799
158.95,-64.99637933,0.05295508681,0.595994125,0.3177323998,0,-1.221322743,4.404136543,-3.182813799
158.96,-64.99637933,0.05295508681,0.595994125,0.3177323998,0,-1.221322743,4.404136543,-3.182813799
158.97,-64.99637933,0.05295508681,0.595994125,0.3177323998,0,-1.221322743,4.404136543,-3.182813799
158.98,-64.99637933,0.05295508681,0.595994125,0.3177323998,0,-1.221322743,4.404136543,-3.182813799
158.99,-64.99637933,0.05295508681,0.595994125,0.3177323998,0,-1.221322743,4.404136543,-3.182813799
159,-64.99637933,0.05295508681,0.595994125,0.3177323998,0,-1.221322743,4.404136543,-3.182813799
159.01,-64.99637933,0.05295508681,0.595994125,0.3177323998,0,-1.221322743,4.404136543,-3.182813799
159.02,-64.99637933,0.05295508681,0.595994125,0.3177323998,0,-1.221322743,4.404136543,-3.182813799
159.03,-64.99637933,0.05295508681,0.595994125,0.3177323998,0,-1.221322743,4.404136543,-3.182813799
159.04,-64.99637933,0.05295508681,0.595994125,0.3177323998,0,-1.221322743,4.404136543,-3.182813799
159.05,-64.99637933,0.05295508681,0.595994125,0.3177323998,0,-1.221322743,4.404136543,-3.182813799
159.06,-64.99637933,0.05295508681,0.595994125,0.3177323998,0,-1.221322743,4.404136543,-3.182813799
159.07,-64.99637933,0.05295508681,0.595994125,0.3177323998,0,-1.221322743,4.404136543,-3.182813799
159.08,-64.99637933,0.05295508681,0.595994125,0.3177323998,0,-1.221322743,4.404136543,-3.182813799
159.09,-64.99637933,0.05295508681,0.595994125,0.3177323998,0,-1.221322743,4.404136543,-3.182813799
159.1,-64.99637933,0.05295508681,0.595994125,0.3177323998,0,-1.221322743,4.404136543,-3.182813799
159.11,-64.99637933,0.05295508681,0.595994125,0.3177323998,0,-1.221322743,4.404136543,-3.182813799
159.12,-64.99637933,0.05295508681,0.595994125,0.3177323998,0,-1.221322743,4.404136543,-3.182813799
159.13,-64.99637933,0.05295508681,0.595994125,0.3177323998,0,-1.221322743,4.404136543,-3.182813799
159.14,-64.99637933,0.05295508681,0.595994125,0.3177323998,0,-1.221322743,4.404136543,-3.182813799
159.15,-64.99637933,0.05295508681,0.595994125,0.3177323998,0,-1.221322743,4.404136543,-3.182813799
159.16,-64.99637933,0.05295508681,0.595994125,0.3177323998,0,-1.221322743,4.404136543,-3.182813799
159.17,-64.99637933,0.05295508681,0.595994125,0.3177323998,0,-1.221322743,4.404136543,-3.182813799
159.18,-64.99637933,0.05295508681,0.595994125,0.3177323998,0,-1.221322743,4.404136543,-3.182813799
159.19,-64.99637933,0.05295508681,0.595994125,0.3177323998,0,-1.221322743,4.404136543,-3.182813799
159.2,-64.99637933,0.05295508681,0.595994125,0.3177323998,0,-1.221322743,4.404136543,-3.182813799
159.21,-64.99637933,0.05295508681,0.595994125,0.3177323998,0,-1.221322743,4.404136543,-3.182813799
159.22,-64.99637933,0.05295508681,0.595994125,0.3177323998,0,-1.221322743,4.404136543,-3.182813799
159.23,-64.99637933,0.05295508681,0.595994125,0.3177323998,0,-1.221322743,4.404136543,-3.182813799
159.24,-64.99637933,0.05295508681,0.595994125,0.3177323998,0,-1.221322743,4.404136543,-3.182813799
159.25,-64.99637933,0.05295508681,0.595994125,0.3177323998,0,-1.221322743,4.404136543,-3.182813799
159.26,-64.99637933,0.05295508681,0.595994125,0.3177323998,0,-1.221322743,4.404136543,-3.182813799
159.27,-64.99637933,0.05295508681,0.595994125,0.3177323998,0,-1.221322743,4.404136543,-3.182813799
159.28,-64.99637933,0.05295508681,0.595994125,0.3177323998,0,-1.221322743,4.404136543,-3.182813799
159.29,-64.99637933,0.05295508681,0.595994125,0.3177323998,0,-1.221322743,4.404136543,-3.182813799
159.3,-64.99637933,0.05295508681,0.595994125,0.3177323998,0,-1.221322743,4.404136543,-3.182813799
159.31,-64.99637933,0.05295508681,0.595994125,0.3177323998,0,-1.221322743,4.404136543,-3.182813799
159.32,-64.99637933,0.05295508681,0.595994125,0.3177323998,0,-1.221322743,4.404136543,-3.182813799
159.33,-64.99637933,0.05295508681,0.595994125,0.3177323998,0,-1.221322743,4.404136543,-3.182813799
159.34,-64.99637933,0.05295508681,0.595994125,0.3177323998,0,-1.221322743,4.404136543,-3.182813799
159.35,-64.99637933,0.05295508681,0.595994125,0.3177323998,0,-1.221322743,4.404136543,-3.182813799
159.36,-64.99637933,0.05295508681,0.595994125,0.3177323998,0,-1.221322743,4.404136543,-3.182813799
159.37,-64.99637933,0.05295508681,0.595994125,0.3177323998,0,-1.221322743,4.404136543,-3.182813799
159.38,-64.99637933,0.05295508681,0.595994125,0.3177323998,0,-1.221322743,4.404136543,-3.182813799
159.39,-64.99637933,0.05295508681,0.595994125,0.3177323998,0,-1.221322743,4.404136543,-3.182813799
159.4,-64.99637933,0.05295508681,0.595994125,0.3177323998,0,-1.221322743,4.404136543,-3.182813799
159.41,-64.99637933,0.05295508681,0.595994125,0.3177323998,0,-1.221322743,4.404136543,-3.182813799
159.42,-64.99637933,0.05295508681,0.595994125,0.3177323998,0,-1.221322743,4.404136543,-3.182813799
159.43,-64.99637933,0.05295508681,0.595994125,0.3177323998,0,-1.221322743,4.404136543,-3.182813799
159.44,-64.99637933,0.05295508681,0.595994125,0.3177323998,0,-1.221322743,4.404136543,-3.182813799
159.45,-64.99637933,0.05295508681,0.595994125,0.3177323998,0,-1.221322743,4.404136543,-3.182813799
159.46,-64.99637933,0.05295508681,0.595994125,0.3177323998,0,-1.221322743,4.404136543,-3.182813799
159.47,-64.99637933,0.05295508681,0.595994125,0.3177323998,0,-1.221322743,4.404136543,-3.182813799
159.48,-64.99637933,0.05295508681,0.595994125,0.3177323998,0,-1.221322743,4.404136543,-3.182813799
159.49,-64.99637933,0.05295508681,0.595994125,0.3177323998,0,-1.221322743,4.404136543,-3.182813799
159.5,-64.99637933,0.05295508681,0.595994125,0.3177323998,0,-1.221322743,4.404136543,-3.182813799
159.51,-64.99637933,0.05295508681,0.595994125,0.3177323998,0,-1.221322743,4.404136543,-3.182813799
159.52,-64.99637933,0.05295508681,0.595994125,0.3177323998,0,-1.221322743,4.404136543,-3.182813799
159.53,-64.99637933,0.05295508681,0.595994125,0.3177323998,0,-1.221322743,4.404136543,-3.182813799
159.54,-64.99637933,0.05295508681,0.595994125,0.3177323998,0,-1.221322743,4.404136543,-3.182813799
159.55,-64.99637933,0.05295508681,0.595994125,0.3177323998,0,-1.221322743,4.404136543,-3.182813799
159.56,-64.99637933,0.05295508681,0.595994125,0.3177323998,0,-1.221322743,4.404136543,-3.182813799
159.57,-64.99637933,0.05295508681,0.595994125,0.3177323998,0,-1.221322743,4.404136543,-3.182813799
159.58,-64.99637933,0.05295508681,0.595994125,0.3177323998,0,-1.221322743,4.404136543,-3.182813799
159.59,-64.99637933,0.05295508681,0.595994125,0.3177323998,0,-1.221322743,4.404136543,-3.182813799
159.6,-64.99637933,0.05295508681,0.595994125,0.3177323998,0,-1.221322743,4.404136543,-3.182813799
159.61,-64.99637933,0.05295508681,0.595994125,0.3177323998,0,-1.221322743,4.404136543,-3.182813799
159.62,-64.99637933,0.05295508681,0.595994125,0.3177323998,0,-1.221322743,4.404136543,-3.182813799
159.63,-64.99637933,0.05295508681,0.595994125,0.3177323998,0,-1.221322743,4.404136543,-3.182813799
159.64,-64.99637933,0.05295508681,0.595994125,0.3177323998,0,-1.221322743,4.404136543,-3.182813799
159.65,-64.99637933,0.05295508681,0.595994125,0.3177323998,0,-1.221322743,4.404136543,-3.182813799
159.66,-64.99637933,0.05295508681,0.595994125,0.3177323998,0,-1.221322743,4.404136543,-3.182813799
159.67,-64.99637933,0.05295508681,0.595994125,0.3177323998,0,-1.221322743,4.404136543,-3.182813799
159.68,-64.99637933,0.05295508681,0.595994125,0.3177323998,0,-1.221322743,4.404136543,-3.182813799
159.69,-64.99637933,0.05295508681,0.595994125,0.3177323998,0,-1.221322743,4.404136543,-3.182813799
159.7,-64.99637933,0.05295508681,0.595994125,0.3177323998,0,-1.221322743,4.404136543,-3.182813799
159.71,-64.99637933,0.05295508681,0.595994125,0.3177323998,0,-1.221322743,4.404136543,-3.182813799
159.72,-64.99637933,0.05295508681,0.595994125,0.3177323998,0,-1.221322743,4.404136543,-3.182813799
159.73,-64.99637933,0.05295508681,0.595994125,0.3177323998,0,-1.221322743,4.404136543,-3.182813799
159.74,-64.99637933,0.05295508681,0.595994125,0.3177323998,0,-1.221322743,4.404136543,-3.182813799
159.75,-64.99637933,0.05295508681,0.595994125,0.3177323998,0,-1.221322743,4.404136543,-3.182813799
159.76,-64.99637933,0.05295508681,0.595994125,0.3177323998,0,-1.221322743,4.404136543,-3.182813799
159.77,-64.99637933,0.05295508681,0.595994125,0.3177323998,0,-1.221322743,4.404136543,-3.182813799
159.78,-64.99637933,0.05295508681,0.595994125,0.3177323998,0,-1.221322743,4.404136543,-3.182813799
159.79,-64.99637933,0.05295508681,0.595994125,0.3177323998,0,-1.221322743,4.404136543,-3.182813799
159.8,-64.99637933,0.05295508681,0.595994125,0.3177323998,0,-1.221322743,4.404136543,-3.182813799
159.81,-64.99637933,0.05295508681,0.595994125,0.3177323998,0,-1.221322743,4.404136543,-3.182813799
159.82,-64.99637933,0.05295508681,0.595994125,0.3177323998,0,-1.221322743,4.404136543,-3.182813799
159.83,-64.99637933,0.05295508681,0.595994125,0.3177323998,0,-1.221322743,4.404136543,-3.182813799
159.84,-64.99637933,0.05295508681,0.595994125,0.3177323998,0,-1.221322743,4.404136543,-3.182813799
159.85,-64.99637933,0.05295508681,0.595994125,0.3177323998,0,-1.221322743,4.404136543,-3.182813799
159.86,-64.99637933,0.05295508681,0.595994125,0.3177323998,0,-1.221322743,4.404136543,-3.182813799
159.87,-64.99637933,0.05295508681,0.595994125,0.3177323998,0,-1.221322743,4.404136543,-3.182813799
159.88,-64.99637933,0.05295508681,0.595994125,0.3177323998,0,-1.221322743,4.404136543,-3.182813799
159.89,-64.99637933,0.05295508681,0.595994125,0.3177323998,0,-1.221322743,4.404136543,-3.182813799
159.9,-64.99637933,0.05295508681,0.595994125,0.3177323998,0,-1.221322743,4.404136543,-3.182813799
159.91,-64.99637933,0.05295508681,0.595994125,0.3177323998,0,-1.221322743,4.404136543,-3.182813799
159.92,-64.99637933,0.05295508681,0.595994125,0.3177323998,0,-1.221322743,4.404136543,-3.182813799
159.93,-64.99637933,0.05295508681,0.595994125,0.3177323998,0,-1.221322743,4.404136543,-3.182813799
159.94,-64.99637933,0.05295508681,0.595994125,0.3177323998,0,-1.221322743,4.404136543,-3.182813799
159.95,-64.99637933,0.05295508681,0.595994125,0.3177323998,0,-1.221322743,4.404136543,-3.182813799
159.96,-64.99637933,0.05295508681,0.595994125,0.3177323998,0,-1.221322743,4.404136543,-3.182813799
159.97,-64.99637933,0.05295508681,0.595994125,0.3177323998,0,-1.221322743,4.404136543,-3.182813799
159.98,-64.99637933,0.05295508681,0.595994125,0.3177323998,0,-1.221322743,4.404136543,-3.182813799
159.99,-64.99637933,0.05295508681,0.595994125,0.3177323998,0,-1.221322743,4.404136543,-3.182813799
160,-64.99637933,0.05295508681,0.595994125,0.3177323998,0,-1.221322743,4.404136543,-3.182813799
160.01,-64.99637933,0.05295508681,0.595994125,0.3177323998,0,-1.221322743,4.404136543,-3.182813799
160.02,-64.99637933,0.05295508681,0.595994125,0.3177323998,0,-1.221322743,4.404136543,-3.182813799
160.03,-64.99637933,0.05295508681,0.595994125,0.3177323998,0,-1.221322743,4.404136543,-3.182813799
160.04,-64.99637933,0.05295508681,0.595994125,0.3177323998,0,-1.221322743,4.404136543,-3.182813799
160.05,-64.99637933,0.05295508681,0.595994125,0.3177323998,0,-1.221322743,4.404136543,-3.182813799
160.06,-64.99637933,0.05295508681,0.595994125,0.3177323998,0,-1.221322743,4.404136543,-3.182813799
160.07,-64.99637933,0.05295508681,0.595994125,0.3177323998,0,-1.221322743,4.404136543,-3.182813799
160.08,-64.99637933,0.05295508681,0.595994125,0.3177323998,0,-1.221322743,4.404136543,-3.182813799
160.09,-64.99637933,0.05295508681,0.595994125,0.3177323998,0,-1.221322743,4.404136543,-3.182813799
160.1,-64.99637933,0.05295508681,0.595994125,0.3177323998,0,-1.221322743,4.404136543,-3.182813799
160.11,-64.99637933,0.05295508681,0.595994125,0.3177323998,0,-1.221322743,4.404136543,-3.182813799
160.12,-64.99637933,0.05295508681,0.595994125,0.3177323998,0,-1.221322743,4.404136543,-3.182813799
160.13,-64.99637933,0.05295508681,0.595994125,0.3177323998,0,-1.221322743,4.404136543,-3.182813799
160.14,-64.99637933,0.05295508681,0.595994125,0.3177323998,0,-1.221322743,4.404136543,-3.182813799
160.15,-64.99637933,0.05295508681,0.595994125,0.3177323998,0,-1.221322743,4.404136543,-3.182813799
160.16,-64.99637933,0.05295508681,0.595994125,0.3177323998,0,-1.221322743,4.404136543,-3.182813799
160.17,-64.99637933,0.05295508681,0.595994125,0.3177323998,0,-1.221322743,4.404136543,-3.182813799
160.18,-64.99637933,0.05295508681,0.595994125,0.3177323998,0,-1.221322743,4.404136543,-3.182813799
160.19,-64.99637933,0.05295508681,0.595994125,0.3177323998,0,-1.221322743,4.404136543,-3.182813799
160.2,-64.99637933,0.05295508681,0.595994125,0.3177323998,0,-1.221322743,4.404136543,-3.182813799
160.21,-64.99637933,0.05295508681,0.595994125,0.3177323998,0,-1.221322743,4.404136543,-3.182813799
160.22,-64.99637933,0.05295508681,0.595994125,0.3177323998,0,-1.221322743,4.404136543,-3.182813799
160.23,-64.99637933,0.05295508681,0.595994125,0.3177323998,0,-1.221322743,4.404136543,-3.182813799
160.24,-64.99637933,0.05295508681,0.595994125,0.3177323998,0,-1.221322743,4.404136543,-3.182813799
160.25,-64.99637933,0.05295508681,0.595994125,0.3177323998,0,-1.221322743,4.404136543,-3.182813799
160.26,-64.99637933,0.05295508681,0.595994125,0.3177323998,0,-1.221322743,4.404136543,-3.182813799
160.27,-64.99637933,0.05295508681,0.595994125,0.3177323998,0,-1.221322743,4.404136543,-3.182813799
160.28,-64.99637933,0.05295508681,0.595994125,0.3177323998,0,-1.221322743,4.404136543,-3.182813799
160.29,-64.99637933,0.05295508681,0.595994125,0.3177323998,0,-1.221322743,4.404136543,-3.182813799
160.3,-64.99637933,0.05295508681,0.595994125,0.3177323998,0,-1.221322743,4.404136543,-3.182813799
160.31,-64.99637933,0.05295508681,0.595994125,0.3177323998,0,-1.221322743,4.404136543,-3.182813799
160.32,-64.99637933,0.05295508681,0.595994125,0.3177323998,0,-1.221322743,4.404136543,-3.182813799
160.33,-64.99637933,0.05295508681,0.595994125,0.3177323998,0,-1.221322743,4.404136543,-3.182813799
160.34,-64.99637933,0.05295508681,0.595994125,0.3177323998,0,-1.221322743,4.404136543,-3.182813799
160.35,-64.99637933,0.05295508681,0.595994125,0.3177323998,0,-1.221322743,4.404136543,-3.182813799
160.36,-64.99637933,0.05295508681,0.595994125,0.3177323998,0,-1.221322743,4.404136543,-3.182813799
160.37,-64.99637933,0.05295508681,0.595994125,0.3177323998,0,-1.221322743,4.404136543,-3.182813799
160.38,-64.99637933,0.05295508681,0.595994125,0.3177323998,0,-1.221322743,4.404136543,-3.182813799
160.39,-64.99637933,0.05295508681,0.595994125,0.3177323998,0,-1.221322743,4.404136543,-3.182813799
160.4,-64.99637933,0.05295508681,0.595994125,0.3177323998,0,-1.221322743,4.404136543,-3.182813799
160.41,-64.99637933,0.05295508681,0.595994125,0.3177323998,0,-1.221322743,4.404136543,-3.182813799
160.42,-64.99637933,0.05295508681,0.595994125,0.3177323998,0,-1.221322743,4.404136543,-3.182813799
160.43,-64.99637933,0.05295508681,0.595994125,0.3177323998,0,-1.221322743,4.404136543,-3.182813799
160.44,-64.99637933,0.05295508681,0.595994125,0.3177323998,0,-1.221322743,4.404136543,-3.182813799
160.45,-64.99637933,0.05295508681,0.595994125,0.3177323998,0,-1.221322743,4.404136543,-3.182813799
160.46,-64.99637933,0.05295508681,0.595994125,0.3177323998,0,-1.221322743,4.404136543,-3.182813799
160.47,-64.99637933,0.05295508681,0.595994125,0.3177323998,0,-1.221322743,4.404136543,-3.182813799
160.48,-64.99637933,0.05295508681,0.595994125,0.3177323998,0,-1.221322743,4.404136543,-3.182813799
160.49,-64.99637933,0.05295508681,0.595994125,0.3177323998,0,-1.221322743,4.404136543,-3.182813799
160.5,-64.99637933,0.05295508681,0.595994125,0.3177323998,0,-1.221322743,4.404136543,-3.182813799
160.51,-64.99637933,0.05295508681,0.595994125,0.3177323998,0,-1.221322743,4.404136543,-3.182813799
160.52,-64.99637933,0.05295508681,0.595994125,0.3177323998,0,-1.221322743,4.404136543,-3.182813799
160.53,-64.99637933,0.05295508681,0.595994125,0.3177323998,0,-1.221322743,4.404136543,-3.182813799
160.54,-64.99637933,0.05295508681,0.595994125,0.3177323998,0,-1.221322743,4.404136543,-3.182813799
160.55,-64.99637933,0.05295508681,0.595994125,0.3177323998,0,-1.221322743,4.404136543,-3.182813799
160.56,-64.99637933,0.05295508681,0.595994125,0.3177323998,0,-1.221322743,4.404136543,-3.182813799
160.57,-64.99637933,0.05295508681,0.595994125,0.3177323998,0,-1.221322743,4.404136543,-3.182813799
160.58,-64.99637933,0.05295508681,0.595994125,0.3177323998,0,-1.221322743,4.404136543,-3.182813799
160.59,-64.99637933,0.05295508681,0.595994125,0.3177323998,0,-1.221322743,4.404136543,-3.182813799
160.6,-64.99637933,0.05295508681,0.595994125,0.3177323998,0,-1.221322743,4.404136543,-3.182813799
160.61,-64.99637933,0.05295508681,0.595994125,0.3177323998,0,-1.221322743,4.404136543,-3.182813799
160.62,-64.99637933,0.05295508681,0.595994125,0.3177323998,0,-1.221322743,4.404136543,-3.182813799
160.63,-64.99637933,0.05295508681,0.595994125,0.3177323998,0,-1.221322743,4.404136543,-3.182813799
160.64,-64.99637933,0.05295508681,0.595994125,0.3177323998,0,-1.221322743,4.404136543,-3.182813799
160.65,-64.99637933,0.05295508681,0.595994125,0.3177323998,0,-1.221322743,4.404136543,-3.182813799
160.66,-64.99637933,0.05295508681,0.595994125,0.3177323998,0,-1.221322743,4.404136543,-3.182813799
160.67,-64.99637933,0.05295508681,0.595994125,0.3177323998,0,-1.221322743,4.404136543,-3.182813799
160.68,-64.99637933,0.05295508681,0.595994125,0.3177323998,0,-1.221322743,4.404136543,-3.182813799
160.69,-64.99637933,0.05295508681,0.595994125,0.3177323998,0,-1.221322743,4.404136543,-3.182813799
160.7,-64.99637933,0.05295508681,0.595994125,0.3177323998,0,-1.221322743,4.404136543,-3.182813799
160.71,-64.99637933,0.05295508681,0.595994125,0.3177323998,0,-1.221322743,4.404136543,-3.182813799
160.72,-64.99637933,0.05295508681,0.595994125,0.3177323998,0,-1.221322743,4.404136543,-3.182813799
160.73,-64.99637933,0.05295508681,0.595994125,0.3177323998,0,-1.221322743,4.404136543,-3.182813799
160.74,-64.99637933,0.05295508681,0.595994125,0.3177323998,0,-1.221322743,4.404136543,-3.182813799
160.75,-64.99637933,0.05295508681,0.595994125,0.3177323998,0,-1.221322743,4.404136543,-3.182813799
160.76,-64.99637933,0.05295508681,0.595994125,0.3177323998,0,-1.221322743,4.404136543,-3.182813799
160.77,-64.99637933,0.05295508681,0.595994125,0.3177323998,0,-1.221322743,4.404136543,-3.182813799
160.78,-64.99637933,0.05295508681,0.595994125,0.3177323998,0,-1.221322743,4.404136543,-3.182813799
160.79,-64.99637933,0.05295508681,0.595994125,0.3177323998,0,-1.221322743,4.404136543,-3.182813799
160.8,-64.99637933,0.05295508681,0.595994125,0.3177323998,0,-1.221322743,4.404136543,-3.182813799
160.81,-64.99637933,0.05295508681,0.595994125,0.3177323998,0,-1.221322743,4.404136543,-3.182813799
160.82,-64.99637933,0.05295508681,0.595994125,0.3177323998,0,-1.221322743,4.404136543,-3.182813799
160.83,-64.99637933,0.05295508681,0.595994125,0.3177323998,0,-1.221322743,4.404136543,-3.182813799
160.84,-64.99637933,0.05295508681,0.595994125,0.3177323998,0,-1.221322743,4.404136543,-3.182813799
160.85,-64.99637933,0.05295508681,0.595994125,0.3177323998,0,-1.221322743,4.404136543,-3.182813799
160.86,-64.99637933,0.05295508681,0.595994125,0.3177323998,0,-1.221322743,4.404136543,-3.182813799
160.87,-64.99637933,0.05295508681,0.5959941249,0.3177323998,0,-1.221322743,4.404136543,-3.182813799
160.88,-64.99637933,0.05295508681,0.5959941249,0.3177323998,0,-1.221322743,4.404136543,-3.182813799
160.89,-64.99637933,0.05295508681,0.5959941249,0.3177323998,0,-1.221322743,4.404136543,-3.182813799
160.9,-64.99637933,0.05295508681,0.5959941249,0.3177323998,0,-1.221322743,4.404136543,-3.182813799
160.91,-64.99637933,0.05295508681,0.5959941249,0.3177323998,0,-1.221322743,4.404136543,-3.182813799
160.92,-64.99637933,0.05295508681,0.5959941249,0.3177323998,0,-1.221322743,4.404136543,-3.182813799
160.93,-64.99637933,0.05295508681,0.5959941249,0.3177323998,0,-1.221322743,4.404136543,-3.182813799
160.94,-64.99637933,0.05295508681,0.5959941249,0.3177323998,0,-1.221322743,4.404136543,-3.182813799
160.95,-64.99637933,0.05295508681,0.5959941249,0.3177323998,0,-1.221322743,4.404136543,-3.182813799
160.96,-64.99637933,0.05295508681,0.5959941249,0.3177323998,0,-1.221322743,4.404136543,-3.182813799
160.97,-64.99637933,0.05295508681,0.5959941249,0.3177323998,0,-1.221322743,4.404136543,-3.182813799
160.98,-64.99637933,0.05295508681,0.5959941249,0.3177323998,0,-1.221322743,4.404136543,-3.182813799
160.99,-64.99637933,0.05295508681,0.5959941249,0.3177323998,0,-1.221322743,4.404136543,-3.182813799
161,-64.99637933,0.05295508681,0.5959941249,0.3177323998,0,-1.221322743,4.404136543,-3.182813799
161.01,-64.99637933,0.05295508681,0.5959941249,0.3177323998,0,-1.221322743,4.404136543,-3.182813799
161.02,-64.99637933,0.05295508681,0.5959941249,0.3177323998,0,-1.221322743,4.404136543,-3.182813799
161.03,-64.99637933,0.05295508681,0.5959941249,0.3177323998,0,-1.221322743,4.404136543,-3.182813799
161.04,-64.99637933,0.05295508681,0.5959941249,0.3177323998,0,-1.221322743,4.404136543,-3.182813799
161.05,-64.99637933,0.05295508681,0.5959941249,0.3177323998,0,-1.221322743,4.404136543,-3.182813799
161.06,-64.99637933,0.05295508681,0.5959941249,0.3177323998,0,-1.221322743,4.404136543,-3.182813799
161.07,-64.99637933,0.05295508681,0.5959941249,0.3177323998,0,-1.221322743,4.404136543,-3.182813799
161.08,-64.99637933,0.05295508681,0.5959941249,0.3177323998,0,-1.221322743,4.404136543,-3.182813799
161.09,-64.99637933,0.05295508681,0.5959941249,0.3177323998,0,-1.221322743,4.404136543,-3.182813799
161.1,-64.99637933,0.05295508681,0.5959941249,0.3177323998,0,-1.221322743,4.404136543,-3.182813799
161.11,-64.99637933,0.05295508681,0.5959941249,0.3177323998,0,-1.221322743,4.404136543,-3.182813799
161.12,-64.99637933,0.05295508681,0.5959941249,0.3177323998,0,-1.221322743,4.404136543,-3.182813799
161.13,-64.99637933,0.05295508681,0.5959941249,0.3177323998,0,-1.221322743,4.404136543,-3.182813799
161.14,-64.99637933,0.05295508681,0.5959941249,0.3177323998,0,-1.221322743,4.404136543,-3.182813799
161.15,-64.99637933,0.05295508681,0.5959941249,0.3177323998,0,-1.221322743,4.404136543,-3.182813799
161.16,-64.99637933,0.05295508681,0.5959941249,0.3177323998,0,-1.221322743,4.404136543,-3.182813799
161.17,-64.99637933,0.05295508681,0.5959941249,0.3177323998,0,-1.221322743,4.404136543,-3.182813799
161.18,-64.99637933,0.05295508681,0.5959941249,0.3177323998,0,-1.221322743,4.404136543,-3.182813799
161.19,-64.99637933,0.05295508681,0.5959941249,0.3177323998,0,-1.221322743,4.404136543,-3.182813799
161.2,-64.99637933,0.05295508681,0.5959941249,0.3177323998,0,-1.221322743,4.404136543,-3.182813799
161.21,-64.99637933,0.05295508681,0.5959941249,0.3177323998,0,-1.221322743,4.404136543,-3.182813799
161.22,-64.99637933,0.05295508681,0.5959941249,0.3177323998,0,-1.221322743,4.404136543,-3.182813799
161.23,-64.99637933,0.05295508681,0.5959941249,0.3177323998,0,-1.221322743,4.404136543,-3.182813799
161.24,-64.99637933,0.05295508681,0.5959941249,0.3177323998,0,-1.221322743,4.404136543,-3.182813799
161.25,-64.99637933,0.05295508681,0.5959941249,0.3177323998,0,-1.221322743,4.404136543,-3.182813799
161.26,-64.99637933,0.05295508681,0.5959941249,0.3177323998,0,-1.221322743,4.404136543,-3.182813799
161.27,-64.99637933,0.05295508681,0.5959941249,0.3177323998,0,-1.221322743,4.404136543,-3.182813799
161.28,-64.99637933,0.05295508681,0.5959941249,0.3177323998,0,-1.221322743,4.404136543,-3.182813799
161.29,-64.99637933,0.05295508681,0.5959941249,0.3177323998,0,-1.221322743,4.404136543,-3.182813799
161.3,-64.99637933,0.05295508681,0.5959941249,0.3177323998,0,-1.221322743,4.404136543,-3.182813799
161.31,-64.99637933,0.05295508681,0.5959941249,0.3177323998,0,-1.221322743,4.404136543,-3.182813799
161.32,-64.99637933,0.05295508681,0.5959941249,0.3177323998,0,-1.221322743,4.404136543,-3.182813799
161.33,-64.99637933,0.05295508681,0.5959941249,0.3177323998,0,-1.221322743,4.404136543,-3.182813799
161.34,-64.99637933,0.05295508681,0.5959941249,0.3177323998,0,-1.221322743,4.404136543,-3.182813799
161.35,-64.99637933,0.05295508681,0.5959941249,0.3177323998,0,-1.221322743,4.404136543,-3.182813799
161.36,-64.99637933,0.05295508681,0.5959941249,0.3177323998,0,-1.221322743,4.404136543,-3.182813799
161.37,-64.99637933,0.05295508681,0.5959941249,0.3177323998,0,-1.221322743,4.404136543,-3.182813799
161.38,-64.99637933,0.05295508681,0.5959941249,0.3177323998,0,-1.221322743,4.404136543,-3.182813799
161.39,-64.99637933,0.05295508681,0.5959941249,0.3177323998,0,-1.221322743,4.404136543,-3.182813799
161.4,-64.99637933,0.05295508681,0.5959941249,0.3177323998,0,-1.221322743,4.404136543,-3.182813799
161.41,-64.99637933,0.05295508681,0.5959941249,0.3177323998,0,-1.221322743,4.404136543,-3.182813799
161.42,-64.99637933,0.05295508681,0.5959941249,0.3177323998,0,-1.221322743,4.404136543,-3.182813799
161.43,-64.99637933,0.05295508681,0.5959941249,0.3177323998,0,-1.221322743,4.404136543,-3.182813799
161.44,-64.99637933,0.05295508681,0.5959941249,0.3177323998,0,-1.221322743,4.404136543,-3.182813799
161.45,-64.99637933,0.05295508681,0.5959941249,0.3177323998,0,-1.221322743,4.404136543,-3.182813799
161.46,-64.99637933,0.05295508681,0.5959941249,0.3177323998,0,-1.221322743,4.404136543,-3.182813799
161.47,-64.99637933,0.05295508681,0.5959941249,0.3177323998,0,-1.221322743,4.404136543,-3.182813799
161.48,-64.99637933,0.05295508681,0.5959941249,0.3177323998,0,-1.221322743,4.404136543,-3.182813799
161.49,-64.99637933,0.05295508681,0.5959941249,0.3177323998,0,-1.221322743,4.404136543,-3.182813799
161.5,-64.99637933,0.05295508681,0.5959941249,0.3177323998,0,-1.221322743,4.404136543,-3.182813799
161.51,-64.99637933,0.05295508681,0.5959941249,0.3177323998,0,-1.221322743,4.404136543,-3.182813799
161.52,-64.99637933,0.05295508681,0.5959941249,0.3177323998,0,-1.221322743,4.404136543,-3.182813799
161.53,-64.99637933,0.05295508681,0.5959941249,0.3177323998,0,-1.221322743,4.404136543,-3.182813799
161.54,-64.99637933,0.05295508681,0.5959941249,0.3177323998,0,-1.221322743,4.404136543,-3.182813799
161.55,-64.99637933,0.05295508681,0.5959941249,0.3177323998,0,-1.221322743,4.404136543,-3.182813799
161.56,-64.99637933,0.05295508681,0.5959941249,0.3177323998,0,-1.221322743,4.404136543,-3.182813799
161.57,-64.99637933,0.05295508681,0.5959941249,0.3177323998,0,-1.221322743,4.404136543,-3.182813799
161.58,-64.99637933,0.05295508681,0.5959941249,0.3177323998,0,-1.221322743,4.404136543,-3.182813799
161.59,-64.99637933,0.05295508681,0.5959941249,0.3177323998,0,-1.221322743,4.404136543,-3.182813799
161.6,-64.99637933,0.05295508681,0.5959941249,0.3177323998,0,-1.221322743,4.404136543,-3.182813799
161.61,-64.99637933,0.05295508681,0.5959941249,0.3177323998,0,-1.221322743,4.404136543,-3.182813799
161.62,-64.99637933,0.05295508681,0.5959941249,0.3177323998,0,-1.221322743,4.404136543,-3.182813799
161.63,-64.99637933,0.05295508681,0.5959941249,0.3177323998,0,-1.221322743,4.404136543,-3.182813799
161.64,-64.99637933,0.05295508681,0.5959941249,0.3177323998,0,-1.221322743,4.404136543,-3.182813799
161.65,-64.99637933,0.05295508681,0.5959941249,0.3177323998,0,-1.221322743,4.404136543,-3.182813799
161.66,-64.99637933,0.05295508681,0.5959941249,0.3177323998,0,-1.221322743,4.404136543,-3.182813799
161.67,-64.99637933,0.05295508681,0.5959941249,0.3177323998,0,-1.221322743,4.404136543,-3.182813799
161.68,-64.99637933,0.05295508681,0.5959941249,0.3177323998,0,-1.221322743,4.404136543,-3.182813799
161.69,-64.99637933,0.05295508681,0.5959941249,0.3177323998,0,-1.221322743,4.404136543,-3.182813799
161.7,-64.99637933,0.05295508681,0.5959941249,0.3177323998,0,-1.221322743,4.404136543,-3.182813799
161.71,-64.99637933,0.05295508681,0.5959941249,0.3177323998,0,-1.221322743,4.404136543,-3.182813799
161.72,-64.99637933,0.05295508681,0.5959941249,0.3177323998,0,-1.221322743,4.404136543,-3.182813799
161.73,-64.99637933,0.05295508681,0.5959941249,0.3177323998,0,-1.221322743,4.404136543,-3.182813799
161.74,-64.99637933,0.05295508681,0.5959941249,0.3177323998,0,-1.221322743,4.404136543,-3.182813799
161.75,-64.99637933,0.05295508681,0.5959941249,0.3177323998,0,-1.221322743,4.404136543,-3.182813799
161.76,-64.99637933,0.05295508681,0.5959941249,0.3177323998,0,-1.221322743,4.404136543,-3.182813799
161.77,-64.99637933,0.05295508681,0.5959941249,0.3177323998,0,-1.221322743,4.404136543,-3.182813799
161.78,-64.99637933,0.05295508681,0.5959941249,0.3177323998,0,-1.221322743,4.404136543,-3.182813799
161.79,-64.99637933,0.05295508681,0.5959941249,0.3177323998,0,-1.221322743,4.404136543,-3.182813799
161.8,-64.99637933,0.05295508681,0.5959941249,0.3177323998,0,-1.221322743,4.404136543,-3.182813799
161.81,-64.99637933,0.05295508681,0.5959941249,0.3177323998,0,-1.221322743,4.404136543,-3.182813799
161.82,-64.99637933,0.05295508681,0.5959941249,0.3177323998,0,-1.221322743,4.404136543,-3.182813799
161.83,-64.99637933,0.05295508681,0.5959941249,0.3177323998,0,-1.221322743,4.404136543,-3.182813799
161.84,-64.99637933,0.05295508681,0.5959941249,0.3177323998,0,-1.221322743,4.404136543,-3.182813799
161.85,-64.99637933,0.05295508681,0.5959941249,0.3177323998,0,-1.221322743,4.404136543,-3.182813799
161.86,-64.99637933,0.05295508681,0.5959941249,0.3177323998,0,-1.221322743,4.404136543,-3.182813799
161.87,-64.99637933,0.05295508681,0.5959941249,0.3177323998,0,-1.221322743,4.404136543,-3.182813799
161.88,-64.99637933,0.05295508681,0.5959941249,0.3177323998,0,-1.221322743,4.404136543,-3.182813799
161.89,-64.99637933,0.05295508681,0.5959941249,0.3177323998,0,-1.221322743,4.404136543,-3.182813799
161.9,-64.99637933,0.05295508681,0.5959941249,0.3177323998,0,-1.221322743,4.404136543,-3.182813799
161.91,-64.99637933,0.05295508681,0.5959941249,0.3177323998,0,-1.221322743,4.404136543,-3.182813799
161.92,-64.99637933,0.05295508681,0.5959941249,0.3177323998,0,-1.221322743,4.404136543,-3.182813799
161.93,-64.99637933,0.05295508681,0.5959941249,0.3177323998,0,-1.221322743,4.404136543,-3.182813799
161.94,-64.99637933,0.05295508681,0.5959941249,0.3177323998,0,-1.221322743,4.404136543,-3.182813799
161.95,-64.99637933,0.05295508681,0.5959941249,0.3177323998,0,-1.221322743,4.404136543,-3.182813799
161.96,-64.99637933,0.05295508681,0.5959941249,0.3177323998,0,-1.221322743,4.404136543,-3.182813799
161.97,-64.99637933,0.05295508681,0.5959941249,0.3177323998,0,-1.221322743,4.404136543,-3.182813799
161.98,-64.99637933,0.05295508681,0.5959941249,0.3177323998,0,-1.221322743,4.404136543,-3.182813799
161.99,-64.99637933,0.05295508681,0.5959941249,0.3177323998,0,-1.221322743,4.404136543,-3.182813799
162,-64.99637933,0.05295508681,0.5959941249,0.3177323998,0,-1.221322743,4.404136543,-3.182813799
162.01,-64.99637933,0.05295508681,0.5959941249,0.3177323998,0,-1.221322743,4.404136543,-3.182813799
162.02,-64.99637933,0.05295508681,0.5959941249,0.3177323998,0,-1.221322743,4.404136543,-3.182813799
162.03,-64.99637933,0.05295508681,0.5959941249,0.3177323998,0,-1.221322743,4.404136543,-3.182813799
162.04,-64.99637933,0.05295508681,0.5959941249,0.3177323998,0,-1.221322743,4.404136543,-3.182813799
162.05,-64.99637933,0.05295508681,0.5959941249,0.3177323998,0,-1.221322743,4.404136543,-3.182813799
162.06,-64.99637933,0.05295508681,0.5959941249,0.3177323998,0,-1.221322743,4.404136543,-3.182813799
162.07,-64.99637933,0.05295508681,0.5959941249,0.3177323998,0,-1.221322743,4.404136543,-3.182813799
162.08,-64.99637933,0.05295508681,0.5959941249,0.3177323998,0,-1.221322743,4.404136543,-3.182813799
162.09,-64.99637933,0.05295508681,0.5959941249,0.3177323998,0,-1.221322743,4.404136543,-3.182813799
162.1,-64.99637933,0.05295508681,0.5959941249,0.3177323998,0,-1.221322743,4.404136543,-3.182813799
162.11,-64.99637933,0.05295508681,0.5959941249,0.3177323998,0,-1.221322743,4.404136543,-3.182813799
162.12,-64.99637933,0.05295508681,0.5959941249,0.3177323998,0,-1.221322743,4.404136543,-3.182813799
162.13,-64.99637933,0.05295508681,0.5959941249,0.3177323998,0,-1.221322743,4.404136543,-3.182813799
162.14,-64.99637933,0.05295508681,0.5959941249,0.3177323998,0,-1.221322743,4.404136543,-3.182813799
162.15,-64.99637933,0.05295508681,0.5959941249,0.3177323998,0,-1.221322743,4.404136543,-3.182813799
162.16,-64.99637933,0.05295508681,0.5959941249,0.3177323998,0,-1.221322743,4.404136543,-3.182813799
162.17,-64.99637933,0.05295508681,0.5959941249,0.3177323998,0,-1.221322743,4.404136543,-3.182813799
162.18,-64.99637933,0.05295508681,0.5959941249,0.3177323998,0,-1.221322743,4.404136543,-3.182813799
162.19,-64.99637933,0.05295508681,0.5959941249,0.3177323998,0,-1.221322743,4.404136543,-3.182813799
162.2,-64.99637933,0.05295508681,0.5959941249,0.3177323998,0,-1.221322743,4.404136543,-3.182813799
162.21,-64.99637933,0.05295508681,0.5959941249,0.3177323998,0,-1.221322743,4.404136543,-3.182813799
162.22,-64.99637933,0.05295508681,0.5959941249,0.3177323998,0,-1.221322743,4.404136543,-3.182813799
162.23,-64.99637933,0.05295508681,0.5959941249,0.3177323998,0,-1.221322743,4.404136543,-3.182813799
162.24,-64.99637933,0.05295508681,0.5959941249,0.3177323998,0,-1.221322743,4.404136543,-3.182813799
162.25,-64.99637933,0.05295508681,0.5959941249,0.3177323998,0,-1.221322743,4.404136543,-3.182813799
162.26,-64.99637933,0.05295508681,0.5959941249,0.3177323998,0,-1.221322743,4.404136543,-3.182813799
162.27,-64.99637933,0.05295508681,0.5959941249,0.3177323998,0,-1.221322743,4.404136543,-3.182813799
162.28,-64.99637933,0.05295508681,0.5959941249,0.3177323998,0,-1.221322743,4.404136543,-3.182813799
162.29,-64.99637933,0.05295508681,0.5959941249,0.3177323998,0,-1.221322743,4.404136543,-3.182813799
162.3,-64.99637933,0.05295508681,0.5959941249,0.3177323998,0,-1.221322743,4.404136543,-3.182813799
162.31,-64.99637933,0.05295508681,0.5959941249,0.3177323998,0,-1.221322743,4.404136543,-3.182813799
162.32,-64.99637933,0.05295508681,0.5959941249,0.3177323998,0,-1.221322743,4.404136543,-3.182813799
162.33,-64.99637933,0.05295508681,0.5959941249,0.3177323998,0,-1.221322743,4.404136543,-3.182813799
162.34,-64.99637933,0.05295508681,0.5959941249,0.3177323998,0,-1.221322743,4.404136543,-3.182813799
162.35,-64.99637933,0.05295508681,0.5959941249,0.3177323998,0,-1.221322743,4.404136543,-3.182813799
162.36,-64.99637933,0.05295508681,0.5959941249,0.3177323998,0,-1.221322743,4.404136543,-3.182813799
162.37,-64.99637933,0.05295508681,0.5959941249,0.3177323998,0,-1.221322743,4.404136543,-3.182813799
162.38,-64.99637933,0.05295508681,0.5959941249,0.3177323998,0,-1.221322743,4.404136543,-3.182813799
162.39,-64.99637933,0.05295508681,0.5959941249,0.3177323998,0,-1.221322743,4.404136543,-3.182813799
162.4,-64.99637933,0.05295508681,0.5959941249,0.3177323998,0,-1.221322743,4.404136543,-3.182813799
162.41,-64.99637933,0.05295508681,0.5959941249,0.3177323998,0,-1.221322743,4.404136543,-3.182813799
162.42,-64.99637933,0.05295508681,0.5959941249,0.3177323998,0,-1.221322743,4.404136543,-3.182813799
162.43,-64.99637933,0.05295508681,0.5959941249,0.3177323998,0,-1.221322743,4.404136543,-3.182813799
162.44,-64.99637933,0.05295508681,0.5959941249,0.3177323998,0,-1.221322743,4.404136543,-3.182813799
162.45,-64.99637933,0.05295508681,0.5959941249,0.3177323998,0,-1.221322743,4.404136543,-3.182813799
162.46,-64.99637933,0.05295508681,0.5959941249,0.3177323998,0,-1.221322743,4.404136543,-3.182813799
162.47,-64.99637933,0.05295508681,0.5959941249,0.3177323998,0,-1.221322743,4.404136543,-3.182813799
162.48,-64.99637933,0.05295508681,0.5959941249,0.3177323998,0,-1.221322743,4.404136543,-3.182813799
162.49,-64.99637933,0.05295508681,0.5959941249,0.3177323998,0,-1.221322743,4.404136543,-3.182813799
162.5,-64.99637933,0.05295508681,0.5959941249,0.3177323998,0,-1.221322743,4.404136543,-3.182813799
162.51,-64.99637933,0.05295508681,0.5959941249,0.3177323998,0,-1.221322743,4.404136543,-3.182813799
162.52,-64.99637933,0.05295508681,0.5959941249,0.3177323998,0,-1.221322743,4.404136543,-3.182813799
162.53,-64.99637933,0.05295508681,0.5959941249,0.3177323998,0,-1.221322743,4.404136543,-3.182813799
162.54,-64.99637933,0.05295508681,0.5959941249,0.3177323998,0,-1.221322743,4.404136543,-3.182813799
162.55,-64.99637933,0.05295508681,0.5959941249,0.3177323998,0,-1.221322743,4.404136543,-3.182813799
162.56,-64.99637933,0.05295508681,0.5959941249,0.3177323998,0,-1.221322743,4.404136543,-3.182813799
162.57,-64.99637933,0.05295508681,0.5959941249,0.3177323998,0,-1.221322743,4.404136543,-3.182813799
162.58,-64.99637933,0.05295508681,0.5959941249,0.3177323998,0,-1.221322743,4.404136543,-3.182813799
162.59,-64.99637933,0.05295508681,0.5959941249,0.3177323998,0,-1.221322743,4.404136543,-3.182813799
162.6,-64.99637933,0.05295508681,0.5959941249,0.3177323998,0,-1.221322743,4.404136543,-3.182813799
162.61,-64.99637933,0.05295508681,0.5959941249,0.3177323998,0,-1.221322743,4.404136543,-3.182813799
162.62,-64.99637933,0.05295508681,0.5959941249,0.3177323998,0,-1.221322743,4.404136543,-3.182813799
162.63,-64.99637933,0.05295508681,0.5959941249,0.3177323998,0,-1.221322743,4.404136543,-3.182813799
162.64,-64.99637933,0.05295508681,0.5959941249,0.3177323998,0,-1.221322743,4.404136543,-3.182813799
162.65,-64.99637933,0.05295508681,0.5959941249,0.3177323998,0,-1.221322743,4.404136543,-3.182813799
162.66,-64.99637933,0.05295508681,0.5959941249,0.3177323998,0,-1.221322743,4.404136543,-3.182813799
162.67,-64.99637933,0.05295508681,0.5959941249,0.3177323998,0,-1.221322743,4.404136543,-3.182813799
162.68,-64.99637933,0.05295508681,0.5959941249,0.3177323998,0,-1.221322743,4.404136543,-3.182813799
162.69,-64.99637933,0.05295508681,0.5959941249,0.3177323998,0,-1.221322743,4.404136543,-3.182813799
162.7,-64.99637933,0.05295508681,0.5959941249,0.3177323998,0,-1.221322743,4.404136543,-3.182813799
162.71,-64.99637933,0.05295508681,0.5959941249,0.3177323998,0,-1.221322743,4.404136543,-3.182813799
162.72,-64.99637933,0.05295508681,0.5959941249,0.3177323998,0,-1.221322743,4.404136543,-3.182813799
162.73,-64.99637933,0.05295508681,0.5959941249,0.3177323998,0,-1.221322743,4.404136543,-3.182813799
162.74,-64.99637933,0.05295508681,0.5959941249,0.3177323998,0,-1.221322743,4.404136543,-3.182813799
162.75,-64.99637933,0.05295508681,0.5959941249,0.3177323998,0,-1.221322743,4.404136543,-3.182813799
162.76,-64.99637933,0.05295508681,0.5959941249,0.3177323998,0,-1.221322743,4.404136543,-3.182813799
162.77,-64.99637933,0.05295508681,0.5959941249,0.3177323998,0,-1.221322743,4.404136543,-3.182813799
162.78,-64.99637933,0.05295508681,0.5959941249,0.3177323998,0,-1.221322743,4.404136543,-3.182813799
162.79,-64.99637933,0.05295508681,0.5959941249,0.3177323998,0,-1.221322743,4.404136543,-3.182813799
162.8,-64.99637933,0.05295508681,0.5959941249,0.3177323998,0,-1.221322743,4.404136543,-3.182813799
162.81,-64.99637933,0.05295508681,0.5959941249,0.3177323998,0,-1.221322743,4.404136543,-3.182813799
162.82,-64.99637933,0.05295508681,0.5959941249,0.3177323998,0,-1.221322743,4.404136543,-3.182813799
162.83,-64.99637933,0.05295508681,0.5959941249,0.3177323998,0,-1.221322743,4.404136543,-3.182813799
162.84,-64.99637933,0.05295508681,0.5959941249,0.3177323998,0,-1.221322743,4.404136543,-3.182813799
162.85,-64.99637933,0.05295508681,0.5959941249,0.3177323998,0,-1.221322743,4.404136543,-3.182813799
162.86,-64.99637933,0.05295508681,0.5959941249,0.3177323998,0,-1.221322743,4.404136543,-3.182813799
162.87,-64.99637933,0.05295508681,0.5959941249,0.3177323998,0,-1.221322743,4.404136543,-3.182813799
162.88,-64.99637933,0.05295508681,0.5959941249,0.3177323998,0,-1.221322743,4.404136543,-3.182813799
162.89,-64.99637933,0.05295508681,0.5959941249,0.3177323998,0,-1.221322743,4.404136543,-3.182813799
162.9,-64.99637933,0.05295508681,0.5959941249,0.3177323998,0,-1.221322743,4.404136543,-3.182813799
162.91,-64.99637933,0.05295508681,0.5959941249,0.3177323998,0,-1.221322743,4.404136543,-3.182813799
162.92,-64.99637933,0.05295508681,0.5959941249,0.3177323998,0,-1.221322743,4.404136543,-3.182813799
162.93,-64.99637933,0.05295508681,0.5959941249,0.3177323998,0,-1.221322743,4.404136543,-3.182813799
162.94,-64.99637933,0.05295508681,0.5959941249,0.3177323998,0,-1.221322743,4.404136543,-3.182813799
162.95,-64.99637933,0.05295508681,0.5959941249,0.3177323998,0,-1.221322743,4.404136543,-3.182813799
162.96,-64.99637933,0.05295508681,0.5959941249,0.3177323998,0,-1.221322743,4.404136543,-3.182813799
162.97,-64.99637933,0.05295508681,0.5959941249,0.3177323998,0,-1.221322743,4.404136543,-3.182813799
162.98,-64.99637933,0.05295508681,0.5959941249,0.3177323998,0,-1.221322743,4.404136543,-3.182813799
162.99,-64.99637933,0.05295508681,0.5959941249,0.3177323998,0,-1.221322743,4.404136543,-3.182813799
163,-64.99637933,0.05295508681,0.5959941249,0.3177323998,0,-1.221322743,4.404136543,-3.182813799
163.01,-64.99637933,0.05295508681,0.5959941249,0.3177323998,0,-1.221322743,4.404136543,-3.182813799
163.02,-64.99637933,0.05295508681,0.5959941249,0.3177323998,0,-1.221322743,4.404136543,-3.182813799
163.03,-64.99637933,0.05295508681,0.5959941249,0.3177323998,0,-1.221322743,4.404136543,-3.182813799
163.04,-64.99637933,0.05295508681,0.5959941249,0.3177323998,0,-1.221322743,4.404136543,-3.182813799
163.05,-64.99637933,0.05295508681,0.5959941249,0.3177323998,0,-1.221322743,4.404136543,-3.182813799
163.06,-64.99637933,0.05295508681,0.5959941249,0.3177323998,0,-1.221322743,4.404136543,-3.182813799
163.07,-64.99637933,0.05295508681,0.5959941249,0.3177323998,0,-1.221322743,4.404136543,-3.182813799
163.08,-64.99637933,0.05295508681,0.5959941249,0.3177323998,0,-1.221322743,4.404136543,-3.182813799
163.09,-64.99637933,0.05295508681,0.5959941249,0.3177323998,0,-1.221322743,4.404136543,-3.182813799
163.1,-64.99637933,0.05295508681,0.5959941249,0.3177323998,0,-1.221322743,4.404136543,-3.182813799
163.11,-64.99637933,0.05295508681,0.5959941249,0.3177323998,0,-1.221322743,4.404136543,-3.182813799
163.12,-64.99637933,0.05295508681,0.5959941249,0.3177323998,0,-1.221322743,4.404136543,-3.182813799
163.13,-64.99637933,0.05295508681,0.5959941249,0.3177323998,0,-1.221322743,4.404136543,-3.182813799
163.14,-64.99637933,0.05295508681,0.5959941249,0.3177323998,0,-1.221322743,4.404136543,-3.182813799
163.15,-64.99637933,0.05295508681,0.5959941249,0.3177323998,0,-1.221322743,4.404136543,-3.182813799
163.16,-64.99637933,0.05295508681,0.5959941249,0.3177323998,0,-1.221322743,4.404136543,-3.182813799
163.17,-64.99637933,0.05295508681,0.5959941249,0.3177323998,0,-1.221322743,4.404136543,-3.182813799
163.18,-64.99637933,0.05295508681,0.5959941249,0.3177323998,0,-1.221322743,4.404136543,-3.182813799
163.19,-64.99637933,0.05295508681,0.5959941249,0.3177323998,0,-1.221322743,4.404136543,-3.182813799
163.2,-64.99637933,0.05295508681,0.5959941249,0.3177323998,0,-1.221322743,4.404136543,-3.182813799
163.21,-64.99637933,0.05295508681,0.5959941249,0.3177323998,0,-1.221322743,4.404136543,-3.182813799
163.22,-64.99637933,0.05295508681,0.5959941249,0.3177323998,0,-1.221322743,4.404136543,-3.182813799
163.23,-64.99637933,0.05295508681,0.5959941249,0.3177323998,0,-1.221322743,4.404136543,-3.182813799
163.24,-64.99637933,0.05295508681,0.5959941249,0.3177323998,0,-1.221322743,4.404136543,-3.182813799
163.25,-64.99637933,0.05295508681,0.5959941249,0.3177323998,0,-1.221322743,4.404136543,-3.182813799
163.26,-64.99637933,0.05295508681,0.5959941249,0.3177323998,0,-1.221322743,4.404136543,-3.182813799
163.27,-64.99637933,0.05295508681,0.5959941249,0.3177323998,0,-1.221322743,4.404136543,-3.182813799
163.28,-64.99637933,0.05295508681,0.5959941249,0.3177323998,0,-1.221322743,4.404136543,-3.182813799
163.29,-64.99637933,0.05295508681,0.5959941249,0.3177323998,0,-1.221322743,4.404136543,-3.182813799
163.3,-64.99637933,0.05295508681,0.5959941249,0.3177323998,0,-1.221322743,4.404136543,-3.182813799
163.31,-64.99637933,0.05295508681,0.5959941249,0.3177323998,0,-1.221322743,4.404136543,-3.182813799
163.32,-64.99637933,0.05295508681,0.5959941249,0.3177323998,0,-1.221322743,4.404136543,-3.182813799
163.33,-64.99637933,0.05295508681,0.5959941249,0.3177323998,0,-1.221322743,4.404136543,-3.182813799
163.34,-64.99637933,0.05295508681,0.5959941249,0.3177323998,0,-1.221322743,4.404136543,-3.182813799
163.35,-64.99637933,0.05295508681,0.5959941249,0.3177323998,0,-1.221322743,4.404136543,-3.182813799
163.36,-64.99637933,0.05295508681,0.5959941249,0.3177323998,0,-1.221322743,4.404136543,-3.182813799
163.37,-64.99637933,0.05295508681,0.5959941249,0.3177323998,0,-1.221322743,4.404136543,-3.182813799
163.38,-64.99637933,0.05295508681,0.5959941249,0.3177323998,0,-1.221322743,4.404136543,-3.182813799
163.39,-64.99637933,0.05295508681,0.5959941249,0.3177323998,0,-1.221322743,4.404136543,-3.182813799
163.4,-64.99637933,0.05295508681,0.5959941249,0.3177323998,0,-1.221322743,4.404136543,-3.182813799
163.41,-64.99637933,0.05295508681,0.5959941249,0.3177323998,0,-1.221322743,4.404136543,-3.182813799
163.42,-64.99637933,0.05295508681,0.5959941249,0.3177323998,0,-1.221322743,4.404136543,-3.182813799
163.43,-64.99637933,0.05295508681,0.5959941249,0.3177323998,0,-1.221322743,4.404136543,-3.182813799
163.44,-64.99637933,0.05295508681,0.5959941249,0.3177323998,0,-1.221322743,4.404136543,-3.182813799
163.45,-64.99637933,0.05295508681,0.5959941249,0.3177323998,0,-1.221322743,4.404136543,-3.182813799
163.46,-64.99637933,0.05295508681,0.5959941249,0.3177323998,0,-1.221322743,4.404136543,-3.182813799
163.47,-64.99637933,0.05295508681,0.5959941249,0.3177323998,0,-1.221322743,4.404136543,-3.182813799
163.48,-64.99637933,0.05295508681,0.5959941249,0.3177323998,0,-1.221322743,4.404136543,-3.182813799
163.49,-64.99637933,0.05295508681,0.5959941249,0.3177323998,0,-1.221322743,4.404136543,-3.182813799
163.5,-64.99637933,0.05295508681,0.5959941249,0.3177323998,0,-1.221322743,4.404136543,-3.182813799
163.51,-64.99637933,0.05295508681,0.5959941249,0.3177323998,0,-1.221322743,4.404136543,-3.182813799
163.52,-64.99637933,0.05295508681,0.5959941249,0.3177323998,0,-1.221322743,4.404136543,-3.182813799
163.53,-64.99637933,0.05295508681,0.5959941249,0.3177323998,0,-1.221322743,4.404136543,-3.182813799
163.54,-64.99637933,0.05295508681,0.5959941249,0.3177323998,0,-1.221322743,4.404136543,-3.182813799
163.55,-64.99637933,0.05295508681,0.5959941249,0.3177323998,0,-1.221322743,4.404136543,-3.182813799
163.56,-64.99637933,0.05295508681,0.5959941249,0.3177323998,0,-1.221322743,4.404136543,-3.182813799
163.57,-64.99637933,0.05295508681,0.5959941249,0.3177323998,0,-1.221322743,4.404136543,-3.182813799
163.58,-64.99637933,0.05295508681,0.5959941249,0.3177323998,0,-1.221322743,4.404136543,-3.182813799
163.59,-64.99637933,0.05295508681,0.5959941249,0.3177323998,0,-1.221322743,4.404136543,-3.182813799
163.6,-64.99637933,0.05295508681,0.5959941249,0.3177323998,0,-1.221322743,4.404136543,-3.182813799
163.61,-64.99637933,0.05295508681,0.5959941249,0.3177323998,0,-1.221322743,4.404136543,-3.182813799
163.62,-64.99637933,0.05295508681,0.5959941249,0.3177323998,0,-1.221322743,4.404136543,-3.182813799
163.63,-64.99637933,0.05295508681,0.5959941249,0.3177323998,0,-1.221322743,4.404136543,-3.182813799
163.64,-64.99637933,0.05295508681,0.5959941249,0.3177323998,0,-1.221322743,4.404136543,-3.182813799
163.65,-64.99637933,0.05295508681,0.5959941249,0.3177323998,0,-1.221322743,4.404136543,-3.182813799
163.66,-64.99637933,0.05295508681,0.5959941249,0.3177323998,0,-1.221322743,4.404136543,-3.182813799
163.67,-64.99637933,0.05295508681,0.5959941249,0.3177323998,0,-1.221322743,4.404136543,-3.182813799
163.68,-64.99637933,0.05295508681,0.5959941249,0.3177323998,0,-1.221322743,4.404136543,-3.182813799
163.69,-64.99637933,0.05295508681,0.5959941249,0.3177323998,0,-1.221322743,4.404136543,-3.182813799
163.7,-64.99637933,0.05295508681,0.5959941249,0.3177323998,0,-1.221322743,4.404136543,-3.182813799
163.71,-64.99637933,0.05295508681,0.5959941249,0.3177323998,0,-1.221322743,4.404136543,-3.182813799
163.72,-64.99637933,0.05295508681,0.5959941249,0.3177323998,0,-1.221322743,4.404136543,-3.182813799
163.73,-64.99637933,0.05295508681,0.5959941249,0.3177323998,0,-1.221322743,4.404136543,-3.182813799
163.74,-64.99637933,0.05295508681,0.5959941249,0.3177323998,0,-1.221322743,4.404136543,-3.182813799
163.75,-64.99637933,0.05295508681,0.5959941249,0.3177323998,0,-1.221322743,4.404136543,-3.182813799
163.76,-64.99637933,0.05295508681,0.5959941249,0.3177323998,0,-1.221322743,4.404136543,-3.182813799
163.77,-64.99637933,0.05295508681,0.5959941249,0.3177323998,0,-1.221322743,4.404136543,-3.182813799
163.78,-64.99637933,0.05295508681,0.5959941249,0.3177323998,0,-1.221322743,4.404136543,-3.182813799
163.79,-64.99637933,0.05295508681,0.5959941249,0.3177323998,0,-1.221322743,4.404136543,-3.182813799
163.8,-64.99637933,0.05295508681,0.5959941249,0.3177323998,0,-1.221322743,4.404136543,-3.182813799
163.81,-64.99637933,0.05295508681,0.5959941249,0.3177323998,0,-1.221322743,4.404136543,-3.182813799
163.82,-64.99637933,0.05295508681,0.5959941249,0.3177323998,0,-1.221322743,4.404136543,-3.182813799
163.83,-64.99637933,0.05295508681,0.5959941249,0.3177323998,0,-1.221322743,4.404136543,-3.182813799
163.84,-64.99637933,0.05295508681,0.5959941249,0.3177323998,0,-1.221322743,4.404136543,-3.182813799
163.85,-64.99637933,0.05295508681,0.5959941249,0.3177323998,0,-1.221322743,4.404136543,-3.182813799
163.86,-64.99637933,0.05295508681,0.5959941249,0.3177323998,0,-1.221322743,4.404136543,-3.182813799
163.87,-64.99637933,0.05295508681,0.5959941249,0.3177323998,0,-1.221322743,4.404136543,-3.182813799
163.88,-64.99637933,0.05295508681,0.5959941249,0.3177323998,0,-1.221322743,4.404136543,-3.182813799
163.89,-64.99637933,0.05295508681,0.5959941249,0.3177323998,0,-1.221322743,4.404136543,-3.182813799
163.9,-64.99637933,0.05295508681,0.5959941249,0.3177323998,0,-1.221322743,4.404136543,-3.182813799
163.91,-64.99637933,0.05295508681,0.5959941249,0.3177323998,0,-1.221322743,4.404136543,-3.182813799
163.92,-64.99637933,0.05295508681,0.5959941249,0.3177323998,0,-1.221322743,4.404136543,-3.182813799
163.93,-64.99637933,0.05295508681,0.5959941249,0.3177323998,0,-1.221322743,4.404136543,-3.182813799
163.94,-64.99637933,0.05295508681,0.5959941249,0.3177323998,0,-1.221322743,4.404136543,-3.182813799
163.95,-64.99637933,0.05295508681,0.5959941249,0.3177323998,0,-1.221322743,4.404136543,-3.182813799
163.96,-64.99637933,0.05295508681,0.5959941249,0.3177323998,0,-1.221322743,4.404136543,-3.182813799
163.97,-64.99637933,0.05295508681,0.5959941249,0.3177323998,0,-1.221322743,4.404136543,-3.182813799
163.98,-64.99637933,0.05295508681,0.5959941249,0.3177323998,0,-1.221322743,4.404136543,-3.182813799
163.99,-64.99637933,0.05295508681,0.5959941249,0.3177323998,0,-1.221322743,4.404136543,-3.182813799
164,-64.99637933,0.05295508681,0.5959941249,0.3177323998,0,-1.221322743,4.404136543,-3.182813799
164.01,-64.99637933,0.05295508681,0.5959941249,0.3177323998,0,-1.221322743,4.404136543,-3.182813799
164.02,-64.99637933,0.05295508681,0.5959941249,0.3177323998,0,-1.221322743,4.404136543,-3.182813799
164.03,-64.99637933,0.05295508681,0.5959941249,0.3177323998,0,-1.221322743,4.404136543,-3.182813799
164.04,-64.99637933,0.05295508681,0.5959941249,0.3177323998,0,-1.221322743,4.404136543,-3.182813799
164.05,-64.99637933,0.05295508681,0.5959941249,0.3177323998,0,-1.221322743,4.404136543,-3.182813799
164.06,-64.99637933,0.05295508681,0.5959941249,0.3177323998,0,-1.221322743,4.404136543,-3.182813799
164.07,-64.99637933,0.05295508681,0.5959941249,0.3177323998,0,-1.221322743,4.404136543,-3.182813799
164.08,-64.99637933,0.05295508681,0.5959941249,0.3177323998,0,-1.221322743,4.404136543,-3.182813799
164.09,-64.99637933,0.05295508681,0.5959941249,0.3177323998,0,-1.221322743,4.404136543,-3.182813799
164.1,-64.99637933,0.05295508681,0.5959941249,0.3177323998,0,-1.221322743,4.404136543,-3.182813799
164.11,-64.99637933,0.05295508681,0.5959941249,0.3177323998,0,-1.221322743,4.404136543,-3.182813799
164.12,-64.99637933,0.05295508681,0.5959941249,0.3177323998,0,-1.221322743,4.404136543,-3.182813799
164.13,-64.99637933,0.05295508681,0.5959941249,0.3177323998,0,-1.221322743,4.404136543,-3.182813799
164.14,-64.99637933,0.05295508681,0.5959941249,0.3177323998,0,-1.221322743,4.404136543,-3.182813799
164.15,-64.99637933,0.05295508681,0.5959941249,0.3177323998,0,-1.221322743,4.404136543,-3.182813799
164.16,-64.99637933,0.05295508681,0.5959941249,0.3177323998,0,-1.221322743,4.404136543,-3.182813799
164.17,-64.99637933,0.05295508681,0.5959941249,0.3177323998,0,-1.221322743,4.404136543,-3.182813799
164.18,-64.99637933,0.05295508681,0.5959941249,0.3177323998,0,-1.221322743,4.404136543,-3.182813799
164.19,-64.99637933,0.05295508681,0.5959941249,0.3177323998,0,-1.221322743,4.404136543,-3.182813799
164.2,-64.99637933,0.05295508681,0.5959941249,0.3177323998,0,-1.221322743,4.404136543,-3.182813799
164.21,-64.99637933,0.05295508681,0.5959941249,0.3177323998,0,-1.221322743,4.404136543,-3.182813799
164.22,-64.99637933,0.05295508681,0.5959941249,0.3177323998,0,-1.221322743,4.404136543,-3.182813799
164.23,-64.99637933,0.05295508681,0.5959941249,0.3177323998,0,-1.221322743,4.404136543,-3.182813799
164.24,-64.99637933,0.05295508681,0.5959941249,0.3177323998,0,-1.221322743,4.404136543,-3.182813799
164.25,-64.99637933,0.05295508681,0.5959941249,0.3177323998,0,-1.221322743,4.404136543,-3.182813799
164.26,-64.99637933,0.05295508681,0.5959941249,0.3177323998,0,-1.221322743,4.404136543,-3.182813799
164.27,-64.99637933,0.05295508681,0.5959941249,0.3177323998,0,-1.221322743,4.404136543,-3.182813799
164.28,-64.99637933,0.05295508681,0.5959941249,0.3177323998,0,-1.221322743,4.404136543,-3.182813799
164.29,-64.99637933,0.05295508681,0.5959941249,0.3177323998,0,-1.221322743,4.404136543,-3.182813799
164.3,-64.99637933,0.05295508681,0.5959941249,0.3177323998,0,-1.221322743,4.404136543,-3.182813799
164.31,-64.99637933,0.05295508681,0.5959941249,0.3177323998,0,-1.221322743,4.404136543,-3.182813799
164.32,-64.99637933,0.05295508681,0.5959941249,0.3177323998,0,-1.221322743,4.404136543,-3.182813799
164.33,-64.99637933,0.05295508681,0.5959941249,0.3177323998,0,-1.221322743,4.404136543,-3.182813799
164.34,-64.99637933,0.05295508681,0.5959941249,0.3177323998,0,-1.221322743,4.404136543,-3.182813799
164.35,-64.99637933,0.05295508681,0.5959941249,0.3177323998,0,-1.221322743,4.404136543,-3.182813799
164.36,-64.99637933,0.05295508681,0.5959941249,0.3177323998,0,-1.221322743,4.404136543,-3.182813799
164.37,-64.99637933,0.05295508681,0.5959941249,0.3177323998,0,-1.221322743,4.404136542,-3.182813799
164.38,-64.99637933,0.05295508681,0.5959941249,0.3177323998,0,-1.221322743,4.404136542,-3.182813799
164.39,-64.99637933,0.05295508681,0.5959941249,0.3177323998,0,-1.221322743,4.404136542,-3.182813799
164.4,-64.99637933,0.05295508681,0.5959941249,0.3177323998,0,-1.221322743,4.404136542,-3.182813799
164.41,-64.99637933,0.05295508681,0.5959941249,0.3177323998,0,-1.221322743,4.404136542,-3.182813799
164.42,-64.99637933,0.05295508681,0.5959941249,0.3177323998,0,-1.221322743,4.404136542,-3.182813799
164.43,-64.99637933,0.05295508681,0.5959941249,0.3177323998,0,-1.221322743,4.404136542,-3.182813799
164.44,-64.99637933,0.05295508681,0.5959941249,0.3177323998,0,-1.221322743,4.404136542,-3.182813799
164.45,-64.99637933,0.05295508681,0.5959941249,0.3177323998,0,-1.221322743,4.404136542,-3.182813799
164.46,-64.99637933,0.05295508681,0.5959941249,0.3177323998,0,-1.221322743,4.404136542,-3.182813799
164.47,-64.99637933,0.05295508681,0.5959941249,0.3177323998,0,-1.221322743,4.404136542,-3.182813799
164.48,-64.99637933,0.05295508681,0.5959941249,0.3177323998,0,-1.221322743,4.404136542,-3.182813799
164.49,-64.99637933,0.05295508681,0.5959941249,0.3177323998,0,-1.221322743,4.404136542,-3.182813799
164.5,-64.99637933,0.05295508681,0.5959941249,0.3177323998,0,-1.221322743,4.404136542,-3.182813799
164.51,-64.99637933,0.05295508681,0.5959941249,0.3177323998,0,-1.221322743,4.404136542,-3.182813799
164.52,-64.99637933,0.05295508681,0.5959941249,0.3177323998,0,-1.221322743,4.404136542,-3.182813799
164.53,-64.99637933,0.05295508681,0.5959941249,0.3177323998,0,-1.221322743,4.404136542,-3.182813799
164.54,-64.99637933,0.05295508681,0.5959941249,0.3177323998,0,-1.221322743,4.404136542,-3.182813799
164.55,-64.99637933,0.05295508681,0.5959941249,0.3177323998,0,-1.221322743,4.404136542,-3.182813799
164.56,-64.99637933,0.05295508681,0.5959941249,0.3177323998,0,-1.221322743,4.404136542,-3.182813799
164.57,-64.99637933,0.05295508681,0.5959941249,0.3177323998,0,-1.221322743,4.404136542,-3.182813799
164.58,-64.99637933,0.05295508681,0.5959941249,0.3177323998,0,-1.221322743,4.404136542,-3.182813799
164.59,-64.99637933,0.05295508681,0.5959941249,0.3177323998,0,-1.221322743,4.404136542,-3.182813799
164.6,-64.99637933,0.05295508681,0.5959941249,0.3177323998,0,-1.221322743,4.404136542,-3.182813799
164.61,-64.99637933,0.05295508681,0.5959941249,0.3177323998,0,-1.221322743,4.404136542,-3.182813799
164.62,-64.99637933,0.05295508681,0.5959941249,0.3177323998,0,-1.221322743,4.404136542,-3.182813799
164.63,-64.99637933,0.05295508681,0.5959941249,0.3177323998,0,-1.221322743,4.404136542,-3.182813799
164.64,-64.99637933,0.05295508681,0.5959941249,0.3177323998,0,-1.221322743,4.404136542,-3.182813799
164.65,-64.99637933,0.05295508681,0.5959941249,0.3177323998,0,-1.221322743,4.404136542,-3.182813799
164.66,-64.99637933,0.05295508681,0.5959941249,0.3177323998,0,-1.221322743,4.404136542,-3.182813799
164.67,-64.99637933,0.05295508681,0.5959941249,0.3177323998,0,-1.221322743,4.404136542,-3.182813799
164.68,-64.99637933,0.05295508681,0.5959941249,0.3177323998,0,-1.221322743,4.404136542,-3.182813799
164.69,-64.99637933,0.05295508681,0.5959941249,0.3177323998,0,-1.221322743,4.404136542,-3.182813799
164.7,-64.99637933,0.05295508681,0.5959941249,0.3177323998,0,-1.221322743,4.404136542,-3.182813799
164.71,-64.99637933,0.05295508681,0.5959941249,0.3177323998,0,-1.221322743,4.404136542,-3.182813799
164.72,-64.99637933,0.05295508681,0.5959941249,0.3177323998,0,-1.221322743,4.404136542,-3.182813799
164.73,-64.99637933,0.05295508681,0.5959941249,0.3177323998,0,-1.221322743,4.404136542,-3.182813799
164.74,-64.99637933,0.05295508681,0.5959941249,0.3177323998,0,-1.221322743,4.404136542,-3.182813799
164.75,-64.99637933,0.05295508681,0.5959941249,0.3177323998,0,-1.221322743,4.404136542,-3.182813799
164.76,-64.99637933,0.05295508681,0.5959941249,0.3177323998,0,-1.221322743,4.404136542,-3.182813799
164.77,-64.99637933,0.05295508681,0.5959941249,0.3177323998,0,-1.221322743,4.404136542,-3.182813799
164.78,-64.99637933,0.05295508681,0.5959941249,0.3177323998,0,-1.221322743,4.404136542,-3.182813799
164.79,-64.99637933,0.05295508681,0.5959941249,0.3177323998,0,-1.221322743,4.404136542,-3.182813799
164.8,-64.99637933,0.05295508681,0.5959941249,0.3177323998,0,-1.221322743,4.404136542,-3.182813799
164.81,-64.99637933,0.05295508681,0.5959941249,0.3177323998,0,-1.221322743,4.404136542,-3.182813799
164.82,-64.99637933,0.05295508681,0.5959941249,0.3177323998,0,-1.221322743,4.404136542,-3.182813799
164.83,-64.99637933,0.05295508681,0.5959941249,0.3177323998,0,-1.221322743,4.404136542,-3.182813799
164.84,-64.99637933,0.05295508681,0.5959941249,0.3177323998,0,-1.221322743,4.404136542,-3.182813799
164.85,-64.99637933,0.05295508681,0.5959941249,0.3177323998,0,-1.221322743,4.404136542,-3.182813799
164.86,-64.99637933,0.05295508681,0.5959941249,0.3177323998,0,-1.221322743,4.404136542,-3.182813799
164.87,-64.99637933,0.05295508681,0.5959941249,0.3177323998,0,-1.221322743,4.404136542,-3.182813799
164.88,-64.99637933,0.05295508681,0.5959941249,0.3177323998,0,-1.221322743,4.404136542,-3.182813799
164.89,-64.99637933,0.05295508681,0.5959941249,0.3177323998,0,-1.221322743,4.404136542,-3.182813799
164.9,-64.99637933,0.05295508681,0.5959941249,0.3177323998,0,-1.221322743,4.404136542,-3.182813799
164.91,-64.99637933,0.05295508681,0.5959941249,0.3177323998,0,-1.221322743,4.404136542,-3.182813799
164.92,-64.99637933,0.05295508681,0.5959941249,0.3177323998,0,-1.221322743,4.404136542,-3.182813799
164.93,-64.99637933,0.05295508681,0.5959941249,0.3177323998,0,-1.221322743,4.404136542,-3.182813799
164.94,-64.99637933,0.05295508681,0.5959941249,0.3177323998,0,-1.221322743,4.404136542,-3.182813799
164.95,-64.99637933,0.05295508681,0.5959941249,0.3177323998,0,-1.221322743,4.404136542,-3.182813799
164.96,-64.99637933,0.05295508681,0.5959941249,0.3177323998,0,-1.221322743,4.404136542,-3.182813799
164.97,-64.99637933,0.05295508681,0.5959941249,0.3177323998,0,-1.221322743,4.404136542,-3.182813799
164.98,-64.99637933,0.05295508681,0.5959941249,0.3177323998,0,-1.221322743,4.404136542,-3.182813799
164.99,-64.99637933,0.05295508681,0.5959941249,0.3177323998,0,-1.221322743,4.404136542,-3.182813799
165,-64.99637933,0.05295508681,0.5959941249,0.3177323998,0,-1.221322743,4.404136542,-3.182813799
165.01,-64.99637933,0.05295508681,0.5959941249,0.3177323998,0,-1.221322743,4.404136542,-3.182813799
165.02,-64.99637933,0.05295508681,0.5959941249,0.3177323998,0,-1.221322743,4.404136542,-3.182813799
165.03,-64.99637933,0.05295508681,0.5959941249,0.3177323998,0,-1.221322743,4.404136542,-3.182813799
165.04,-64.99637933,0.05295508681,0.5959941249,0.3177323998,0,-1.221322743,4.404136542,-3.182813799
165.05,-64.99637933,0.05295508681,0.5959941249,0.3177323998,0,-1.221322743,4.404136542,-3.182813799
165.06,-64.99637933,0.05295508681,0.5959941249,0.3177323998,0,-1.221322743,4.404136542,-3.182813799
165.07,-64.99637933,0.05295508681,0.5959941249,0.3177323998,0,-1.221322743,4.404136542,-3.182813799
165.08,-64.99637933,0.05295508681,0.5959941249,0.3177323998,0,-1.221322743,4.404136542,-3.182813799
165.09,-64.99637933,0.05295508681,0.5959941249,0.3177323998,0,-1.221322743,4.404136542,-3.182813799
165.1,-64.99637933,0.05295508681,0.5959941249,0.3177323998,0,-1.221322743,4.404136542,-3.182813799
165.11,-64.99637933,0.05295508681,0.5959941249,0.3177323998,0,-1.221322743,4.404136542,-3.182813799
165.12,-64.99637933,0.05295508681,0.5959941249,0.3177323998,0,-1.221322743,4.404136542,-3.182813799
165.13,-64.99637933,0.05295508681,0.5959941249,0.3177323998,0,-1.221322743,4.404136542,-3.182813799
165.14,-64.99637933,0.05295508681,0.5959941249,0.3177323998,0,-1.221322743,4.404136542,-3.182813799
165.15,-64.99637933,0.05295508681,0.5959941249,0.3177323998,0,-1.221322743,4.404136542,-3.182813799
165.16,-64.99637933,0.05295508681,0.5959941249,0.3177323998,0,-1.221322743,4.404136542,-3.182813799
165.17,-64.99637933,0.05295508681,0.5959941249,0.3177323998,0,-1.221322743,4.404136542,-3.182813799
165.18,-64.99637933,0.05295508681,0.5959941249,0.3177323998,0,-1.221322743,4.404136542,-3.182813799
165.19,-64.99637933,0.05295508681,0.5959941249,0.3177323998,0,-1.221322743,4.404136542,-3.182813799
165.2,-64.99637933,0.05295508681,0.5959941249,0.3177323998,0,-1.221322743,4.404136542,-3.182813799
165.21,-64.99637933,0.05295508681,0.5959941249,0.3177323998,0,-1.221322743,4.404136542,-3.182813799
165.22,-64.99637933,0.05295508681,0.5959941249,0.3177323998,0,-1.221322743,4.404136542,-3.182813799
165.23,-64.99637933,0.05295508681,0.5959941249,0.3177323998,0,-1.221322743,4.404136542,-3.182813799
165.24,-64.99637933,0.05295508681,0.5959941249,0.3177323998,0,-1.221322743,4.404136542,-3.182813799
165.25,-64.99637933,0.05295508681,0.5959941249,0.3177323998,0,-1.221322743,4.404136542,-3.182813799
165.26,-64.99637933,0.05295508681,0.5959941249,0.3177323998,0,-1.221322743,4.404136542,-3.182813799
165.27,-64.99637933,0.05295508681,0.5959941249,0.3177323998,0,-1.221322743,4.404136542,-3.182813799
165.28,-64.99637933,0.05295508681,0.5959941249,0.3177323998,0,-1.221322743,4.404136542,-3.182813799
165.29,-64.99637933,0.05295508681,0.5959941249,0.3177323998,0,-1.221322743,4.404136542,-3.182813799
165.3,-64.99637933,0.05295508681,0.5959941249,0.3177323998,0,-1.221322743,4.404136542,-3.182813799
165.31,-64.99637933,0.05295508681,0.5959941249,0.3177323998,0,-1.221322743,4.404136542,-3.182813799
165.32,-64.99637933,0.05295508681,0.5959941249,0.3177323998,0,-1.221322743,4.404136542,-3.182813799
165.33,-64.99637933,0.05295508681,0.5959941249,0.3177323998,0,-1.221322743,4.404136542,-3.182813799
165.34,-64.99637933,0.05295508681,0.5959941249,0.3177323998,0,-1.221322743,4.404136542,-3.182813799
165.35,-64.99637933,0.05295508681,0.5959941249,0.3177323998,0,-1.221322743,4.404136542,-3.182813799
165.36,-64.99637933,0.05295508681,0.5959941249,0.3177323998,0,-1.221322743,4.404136542,-3.182813799
165.37,-64.99637933,0.05295508681,0.5959941249,0.3177323998,0,-1.221322743,4.404136542,-3.182813799
165.38,-64.99637933,0.05295508681,0.5959941249,0.3177323998,0,-1.221322743,4.404136542,-3.182813799
165.39,-64.99637933,0.05295508681,0.5959941249,0.3177323998,0,-1.221322743,4.404136542,-3.182813799
165.4,-64.99637933,0.05295508681,0.5959941249,0.3177323998,0,-1.221322743,4.404136542,-3.182813799
165.41,-64.99637933,0.05295508681,0.5959941249,0.3177323998,0,-1.221322743,4.404136542,-3.182813799
165.42,-64.99637933,0.05295508681,0.5959941249,0.3177323998,0,-1.221322743,4.404136542,-3.182813799
165.43,-64.99637933,0.05295508681,0.5959941249,0.3177323998,0,-1.221322743,4.404136542,-3.182813799
165.44,-64.99637933,0.05295508681,0.5959941249,0.3177323998,0,-1.221322743,4.404136542,-3.182813799
165.45,-64.99637933,0.05295508681,0.5959941249,0.3177323998,0,-1.221322743,4.404136542,-3.182813799
165.46,-64.99637933,0.05295508681,0.5959941249,0.3177323998,0,-1.221322743,4.404136542,-3.182813799
165.47,-64.99637933,0.05295508681,0.5959941249,0.3177323998,0,-1.221322743,4.404136542,-3.182813799
165.48,-64.99637933,0.05295508681,0.5959941249,0.3177323998,0,-1.221322743,4.404136542,-3.182813799
165.49,-64.99637933,0.05295508681,0.5959941249,0.3177323998,0,-1.221322743,4.404136542,-3.182813799
165.5,-64.99637933,0.05295508681,0.5959941249,0.3177323998,0,-1.221322743,4.404136542,-3.182813799
165.51,-64.99637933,0.05295508681,0.5959941249,0.3177323998,0,-1.221322743,4.404136542,-3.182813799
165.52,-64.99637933,0.05295508681,0.5959941249,0.3177323998,0,-1.221322743,4.404136542,-3.182813799
165.53,-64.99637933,0.05295508681,0.5959941249,0.3177323998,0,-1.221322743,4.404136542,-3.182813799
165.54,-64.99637933,0.05295508681,0.5959941249,0.3177323998,0,-1.221322743,4.404136542,-3.182813799
165.55,-64.99637933,0.05295508681,0.5959941249,0.3177323998,0,-1.221322743,4.404136542,-3.182813799
165.56,-64.99637933,0.05295508681,0.5959941249,0.3177323998,0,-1.221322743,4.404136542,-3.182813799
165.57,-64.99637933,0.05295508681,0.5959941249,0.3177323998,0,-1.221322743,4.404136542,-3.182813799
165.58,-64.99637933,0.05295508681,0.5959941249,0.3177323998,0,-1.221322743,4.404136542,-3.182813799
165.59,-64.99637933,0.05295508681,0.5959941249,0.3177323998,0,-1.221322743,4.404136542,-3.182813799
165.6,-64.99637933,0.05295508681,0.5959941249,0.3177323998,0,-1.221322743,4.404136542,-3.182813799
165.61,-64.99637933,0.05295508681,0.5959941249,0.3177323998,0,-1.221322743,4.404136542,-3.182813799
165.62,-64.99637933,0.05295508681,0.5959941249,0.3177323998,0,-1.221322743,4.404136542,-3.182813799
165.63,-64.99637933,0.05295508681,0.5959941249,0.3177323998,0,-1.221322743,4.404136542,-3.182813799
165.64,-64.99637933,0.05295508681,0.5959941249,0.3177323998,0,-1.221322743,4.404136542,-3.182813799
165.65,-64.99637933,0.05295508681,0.5959941249,0.3177323998,0,-1.221322743,4.404136542,-3.182813799
165.66,-64.99637933,0.05295508681,0.5959941249,0.3177323998,0,-1.221322743,4.404136542,-3.182813799
165.67,-64.99637933,0.05295508681,0.5959941249,0.3177323998,0,-1.221322743,4.404136542,-3.182813799
165.68,-64.99637933,0.05295508681,0.5959941249,0.3177323998,0,-1.221322743,4.404136542,-3.182813799
165.69,-64.99637933,0.05295508681,0.5959941249,0.3177323998,0,-1.221322743,4.404136542,-3.182813799
165.7,-64.99637933,0.05295508681,0.5959941249,0.3177323998,0,-1.221322743,4.404136542,-3.182813799
165.71,-64.99637933,0.05295508681,0.5959941249,0.3177323998,0,-1.221322743,4.404136542,-3.182813799
165.72,-64.99637933,0.05295508681,0.5959941249,0.3177323998,0,-1.221322743,4.404136542,-3.182813799
165.73,-64.99637933,0.05295508681,0.5959941249,0.3177323998,0,-1.221322743,4.404136542,-3.182813799
165.74,-64.99637933,0.05295508681,0.5959941249,0.3177323998,0,-1.221322743,4.404136542,-3.182813799
165.75,-64.99637933,0.05295508681,0.5959941249,0.3177323998,0,-1.221322743,4.404136542,-3.182813799
165.76,-64.99637933,0.05295508681,0.5959941249,0.3177323998,0,-1.221322743,4.404136542,-3.182813799
165.77,-64.99637933,0.05295508681,0.5959941249,0.3177323998,0,-1.221322743,4.404136542,-3.182813799
165.78,-64.99637933,0.05295508681,0.5959941249,0.3177323998,0,-1.221322743,4.404136542,-3.182813799
165.79,-64.99637933,0.05295508681,0.5959941249,0.3177323998,0,-1.221322743,4.404136542,-3.182813799
165.8,-64.99637933,0.05295508681,0.5959941249,0.3177323998,0,-1.221322743,4.404136542,-3.182813799
165.81,-64.99637933,0.05295508681,0.5959941249,0.3177323998,0,-1.221322743,4.404136542,-3.182813799
165.82,-64.99637933,0.05295508681,0.5959941249,0.3177323998,0,-1.221322743,4.404136542,-3.182813799
165.83,-64.99637933,0.05295508681,0.5959941249,0.3177323998,0,-1.221322743,4.404136542,-3.182813799
165.84,-64.99637933,0.05295508681,0.5959941249,0.3177323998,0,-1.221322743,4.404136542,-3.182813799
165.85,-64.99637933,0.05295508681,0.5959941249,0.3177323998,0,-1.221322743,4.404136542,-3.182813799
165.86,-64.99637933,0.05295508681,0.5959941249,0.3177323998,0,-1.221322743,4.404136542,-3.182813799
165.87,-64.99637933,0.05295508681,0.5959941249,0.3177323998,0,-1.221322743,4.404136542,-3.182813799
165.88,-64.99637933,0.05295508681,0.5959941249,0.3177323998,0,-1.221322743,4.404136542,-3.182813799
165.89,-64.99637933,0.05295508681,0.5959941249,0.3177323998,0,-1.221322743,4.404136542,-3.182813799
165.9,-64.99637933,0.05295508681,0.5959941249,0.3177323998,0,-1.221322743,4.404136542,-3.182813799
165.91,-64.99637933,0.05295508681,0.5959941249,0.3177323998,0,-1.221322743,4.404136542,-3.182813799
165.92,-64.99637933,0.05295508681,0.5959941249,0.3177323998,0,-1.221322743,4.404136542,-3.182813799
165.93,-64.99637933,0.05295508681,0.5959941249,0.3177323998,0,-1.221322743,4.404136542,-3.182813799
165.94,-64.99637933,0.05295508681,0.5959941249,0.3177323998,0,-1.221322743,4.404136542,-3.182813799
165.95,-64.99637933,0.05295508681,0.5959941249,0.3177323998,0,-1.221322743,4.404136542,-3.182813799
165.96,-64.99637933,0.05295508681,0.5959941249,0.3177323998,0,-1.221322743,4.404136542,-3.182813799
165.97,-64.99637933,0.05295508681,0.5959941249,0.3177323998,0,-1.221322743,4.404136542,-3.182813799
165.98,-64.99637933,0.05295508681,0.5959941249,0.3177323998,0,-1.221322743,4.404136542,-3.182813799
165.99,-64.99637933,0.05295508681,0.5959941249,0.3177323998,0,-1.221322743,4.404136542,-3.182813799
166,-64.99637933,0.05295508681,0.5959941249,0.3177323998,0,-1.221322743,4.404136542,-3.182813799
166.01,-64.99637933,0.05295508681,0.5959941249,0.3177323998,0,-1.221322743,4.404136542,-3.182813799
166.02,-64.99637933,0.05295508681,0.5959941249,0.3177323998,0,-1.221322743,4.404136542,-3.182813799
166.03,-64.99637933,0.05295508681,0.5959941249,0.3177323998,0,-1.221322743,4.404136542,-3.182813799
166.04,-64.99637933,0.05295508681,0.5959941249,0.3177323998,0,-1.221322743,4.404136542,-3.182813799
166.05,-64.99637933,0.05295508681,0.5959941249,0.3177323998,0,-1.221322743,4.404136542,-3.182813799
166.06,-64.99637933,0.05295508681,0.5959941249,0.3177323998,0,-1.221322743,4.404136542,-3.182813799
166.07,-64.99637933,0.05295508681,0.5959941249,0.3177323998,0,-1.221322743,4.404136542,-3.182813799
166.08,-64.99637933,0.05295508681,0.5959941249,0.3177323998,0,-1.221322743,4.404136542,-3.182813799
166.09,-64.99637933,0.05295508681,0.5959941249,0.3177323998,0,-1.221322743,4.404136542,-3.182813799
166.1,-64.99637933,0.05295508681,0.5959941249,0.3177323998,0,-1.221322743,4.404136542,-3.182813799
166.11,-64.99637933,0.05295508681,0.5959941249,0.3177323998,0,-1.221322743,4.404136542,-3.182813799
166.12,-64.99637933,0.05295508681,0.5959941249,0.3177323998,0,-1.221322743,4.404136542,-3.182813799
166.13,-64.99637933,0.05295508681,0.5959941249,0.3177323998,0,-1.221322743,4.404136542,-3.182813799
166.14,-64.99637933,0.05295508681,0.5959941249,0.3177323998,0,-1.221322743,4.404136542,-3.182813799
166.15,-64.99637933,0.05295508681,0.5959941249,0.3177323998,0,-1.221322743,4.404136542,-3.182813799
166.16,-64.99637933,0.05295508681,0.5959941249,0.3177323998,0,-1.221322743,4.404136542,-3.182813799
166.17,-64.99637933,0.05295508681,0.5959941249,0.3177323998,0,-1.221322743,4.404136542,-3.182813799
166.18,-64.99637933,0.05295508681,0.5959941249,0.3177323998,0,-1.221322743,4.404136542,-3.182813799
166.19,-64.99637933,0.05295508681,0.5959941249,0.3177323998,0,-1.221322743,4.404136542,-3.182813799
166.2,-64.99637933,0.05295508681,0.5959941249,0.3177323998,0,-1.221322743,4.404136542,-3.182813799
166.21,-64.99637933,0.05295508681,0.5959941249,0.3177323998,0,-1.221322743,4.404136542,-3.182813799
166.22,-64.99637933,0.05295508681,0.5959941248,0.3177323998,0,-1.221322743,4.404136542,-3.182813799
166.23,-64.99637933,0.05295508681,0.5959941248,0.3177323998,0,-1.221322743,4.404136542,-3.182813799
166.24,-64.99637933,0.05295508681,0.5959941248,0.3177323998,0,-1.221322743,4.404136542,-3.182813799
166.25,-64.99637933,0.05295508681,0.5959941248,0.3177323998,0,-1.221322743,4.404136542,-3.182813799
166.26,-64.99637933,0.05295508681,0.5959941248,0.3177323998,0,-1.221322743,4.404136542,-3.182813799
166.27,-64.99637933,0.05295508681,0.5959941248,0.3177323998,0,-1.221322743,4.404136542,-3.182813799
166.28,-64.99637933,0.05295508681,0.5959941248,0.3177323998,0,-1.221322743,4.404136542,-3.182813799
166.29,-64.99637933,0.05295508681,0.5959941248,0.3177323998,0,-1.221322743,4.404136542,-3.182813799
166.3,-64.99637933,0.05295508681,0.5959941248,0.3177323998,0,-1.221322743,4.404136542,-3.182813799
166.31,-64.99637933,0.05295508681,0.5959941248,0.3177323998,0,-1.221322743,4.404136542,-3.182813799
166.32,-64.99637933,0.05295508681,0.5959941248,0.3177323998,0,-1.221322743,4.404136542,-3.182813799
166.33,-64.99637933,0.05295508681,0.5959941248,0.3177323998,0,-1.221322743,4.404136542,-3.182813799
166.34,-64.99637933,0.05295508681,0.5959941248,0.3177323998,0,-1.221322743,4.404136542,-3.182813799
166.35,-64.99637933,0.05295508681,0.5959941248,0.3177323998,0,-1.221322743,4.404136542,-3.182813799
166.36,-64.99637933,0.05295508681,0.5959941248,0.3177323998,0,-1.221322743,4.404136542,-3.182813799
166.37,-64.99637933,0.05295508681,0.5959941248,0.3177323998,0,-1.221322743,4.404136542,-3.182813799
166.38,-64.99637933,0.05295508681,0.5959941248,0.3177323998,0,-1.221322743,4.404136542,-3.182813799
166.39,-64.99637933,0.05295508681,0.5959941248,0.3177323998,0,-1.221322743,4.404136542,-3.182813799
166.4,-64.99637933,0.05295508681,0.5959941248,0.3177323998,0,-1.221322743,4.404136542,-3.182813799
166.41,-64.99637933,0.05295508681,0.5959941248,0.3177323998,0,-1.221322743,4.404136542,-3.182813799
166.42,-64.99637933,0.05295508681,0.5959941248,0.3177323998,0,-1.221322743,4.404136542,-3.182813799
166.43,-64.99637933,0.05295508681,0.5959941248,0.3177323998,0,-1.221322743,4.404136542,-3.182813799
166.44,-64.99637933,0.05295508681,0.5959941248,0.3177323998,0,-1.221322743,4.404136542,-3.182813799
166.45,-64.99637933,0.05295508681,0.5959941248,0.3177323998,0,-1.221322743,4.404136542,-3.182813799
166.46,-64.99637933,0.05295508681,0.5959941248,0.3177323998,0,-1.221322743,4.404136542,-3.182813799
166.47,-64.99637933,0.05295508681,0.5959941248,0.3177323998,0,-1.221322743,4.404136542,-3.182813799
166.48,-64.99637933,0.05295508681,0.5959941248,0.3177323998,0,-1.221322743,4.404136542,-3.182813799
166.49,-64.99637933,0.05295508681,0.5959941248,0.3177323998,0,-1.221322743,4.404136542,-3.182813799
166.5,-64.99637933,0.05295508681,0.5959941248,0.3177323998,0,-1.221322743,4.404136542,-3.182813799
166.51,-64.99637933,0.05295508681,0.5959941248,0.3177323998,0,-1.221322743,4.404136542,-3.182813799
166.52,-64.99637933,0.05295508681,0.5959941248,0.3177323998,0,-1.221322743,4.404136542,-3.182813799
166.53,-64.99637933,0.05295508681,0.5959941248,0.3177323998,0,-1.221322743,4.404136542,-3.182813799
166.54,-64.99637933,0.05295508681,0.5959941248,0.3177323998,0,-1.221322743,4.404136542,-3.182813799
166.55,-64.99637933,0.05295508681,0.5959941248,0.3177323998,0,-1.221322743,4.404136542,-3.182813799
166.56,-64.99637933,0.05295508681,0.5959941248,0.3177323998,0,-1.221322743,4.404136542,-3.182813799
166.57,-64.99637933,0.05295508681,0.5959941248,0.3177323998,0,-1.221322743,4.404136542,-3.182813799
166.58,-64.99637933,0.05295508681,0.5959941248,0.3177323998,0,-1.221322743,4.404136542,-3.182813799
166.59,-64.99637933,0.05295508681,0.5959941248,0.3177323998,0,-1.221322743,4.404136542,-3.182813799
166.6,-64.99637933,0.05295508681,0.5959941248,0.3177323998,0,-1.221322743,4.404136542,-3.182813799
166.61,-64.99637933,0.05295508681,0.5959941248,0.3177323998,0,-1.221322743,4.404136542,-3.182813799
166.62,-64.99637933,0.05295508681,0.5959941248,0.3177323998,0,-1.221322743,4.404136542,-3.182813799
166.63,-64.99637933,0.05295508681,0.5959941248,0.3177323998,0,-1.221322743,4.404136542,-3.182813799
166.64,-64.99637933,0.05295508681,0.5959941248,0.3177323998,0,-1.221322743,4.404136542,-3.182813799
166.65,-64.99637933,0.05295508681,0.5959941248,0.3177323998,0,-1.221322743,4.404136542,-3.182813799
166.66,-64.99637933,0.05295508681,0.5959941248,0.3177323998,0,-1.221322743,4.404136542,-3.182813799
166.67,-64.99637933,0.05295508681,0.5959941248,0.3177323998,0,-1.221322743,4.404136542,-3.182813799
166.68,-64.99637933,0.05295508681,0.5959941248,0.3177323998,0,-1.221322743,4.404136542,-3.182813799
166.69,-64.99637933,0.05295508681,0.5959941248,0.3177323998,0,-1.221322743,4.404136542,-3.182813799
166.7,-64.99637933,0.05295508681,0.5959941248,0.3177323998,0,-1.221322743,4.404136542,-3.182813799
166.71,-64.99637933,0.05295508681,0.5959941248,0.3177323998,0,-1.221322743,4.404136542,-3.182813799
166.72,-64.99637933,0.05295508681,0.5959941248,0.3177323998,0,-1.221322743,4.404136542,-3.182813799
166.73,-64.99637933,0.05295508681,0.5959941248,0.3177323998,0,-1.221322743,4.404136542,-3.182813799
166.74,-64.99637933,0.05295508681,0.5959941248,0.3177323998,0,-1.221322743,4.404136542,-3.182813799
166.75,-64.99637933,0.05295508681,0.5959941248,0.3177323998,0,-1.221322743,4.404136542,-3.182813799
166.76,-64.99637933,0.05295508681,0.5959941248,0.3177323998,0,-1.221322743,4.404136542,-3.182813799
166.77,-64.99637933,0.05295508681,0.5959941248,0.3177323998,0,-1.221322743,4.404136542,-3.182813799
166.78,-64.99637933,0.05295508681,0.5959941248,0.3177323998,0,-1.221322743,4.404136542,-3.182813799
166.79,-64.99637933,0.05295508681,0.5959941248,0.3177323998,0,-1.221322743,4.404136542,-3.182813799
166.8,-64.99637933,0.05295508681,0.5959941248,0.3177323998,0,-1.221322743,4.404136542,-3.182813799
166.81,-64.99637933,0.05295508681,0.5959941248,0.3177323998,0,-1.221322743,4.404136542,-3.182813799
166.82,-64.99637933,0.05295508681,0.5959941248,0.3177323998,0,-1.221322743,4.404136542,-3.182813799
166.83,-64.99637933,0.05295508681,0.5959941248,0.3177323998,0,-1.221322743,4.404136542,-3.182813799
166.84,-64.99637933,0.05295508681,0.5959941248,0.3177323998,0,-1.221322743,4.404136542,-3.182813799
166.85,-64.99637933,0.05295508681,0.5959941248,0.3177323998,0,-1.221322743,4.404136542,-3.182813799
166.86,-64.99637933,0.05295508681,0.5959941248,0.3177323998,0,-1.221322743,4.404136542,-3.182813799
166.87,-64.99637933,0.05295508681,0.5959941248,0.3177323998,0,-1.221322743,4.404136542,-3.182813799
166.88,-64.99637933,0.05295508681,0.5959941248,0.3177323998,0,-1.221322743,4.404136542,-3.182813799
166.89,-64.99637933,0.05295508681,0.5959941248,0.3177323998,0,-1.221322743,4.404136542,-3.182813799
166.9,-64.99637933,0.05295508681,0.5959941248,0.3177323998,0,-1.221322743,4.404136542,-3.182813799
166.91,-64.99637933,0.05295508681,0.5959941248,0.3177323998,0,-1.221322743,4.404136542,-3.182813799
166.92,-64.99637933,0.05295508681,0.5959941248,0.3177323998,0,-1.221322743,4.404136542,-3.182813799
166.93,-64.99637933,0.05295508681,0.5959941248,0.3177323998,0,-1.221322743,4.404136542,-3.182813799
166.94,-64.99637933,0.05295508681,0.5959941248,0.3177323998,0,-1.221322743,4.404136542,-3.182813799
166.95,-64.99637933,0.05295508681,0.5959941248,0.3177323998,0,-1.221322743,4.404136542,-3.182813799
166.96,-64.99637933,0.05295508681,0.5959941248,0.3177323998,0,-1.221322743,4.404136542,-3.182813799
166.97,-64.99637933,0.05295508681,0.5959941248,0.3177323998,0,-1.221322743,4.404136542,-3.182813799
166.98,-64.99637933,0.05295508681,0.5959941248,0.3177323998,0,-1.221322743,4.404136542,-3.182813799
166.99,-64.99637933,0.05295508681,0.5959941248,0.3177323998,0,-1.221322743,4.404136542,-3.182813799
167,-64.99637933,0.05295508681,0.5959941248,0.3177323998,0,-1.221322743,4.404136542,-3.182813799
167.01,-64.99637933,0.05295508681,0.5959941248,0.3177323998,0,-1.221322743,4.404136542,-3.182813799
167.02,-64.99637933,0.05295508681,0.5959941248,0.3177323998,0,-1.221322743,4.404136542,-3.182813799
167.03,-64.99637933,0.05295508681,0.5959941248,0.3177323998,0,-1.221322743,4.404136542,-3.182813799
167.04,-64.99637933,0.05295508681,0.5959941248,0.3177323998,0,-1.221322743,4.404136542,-3.182813799
167.05,-64.99637933,0.05295508681,0.5959941248,0.3177323998,0,-1.221322743,4.404136542,-3.182813799
167.06,-64.99637933,0.05295508681,0.5959941248,0.3177323998,0,-1.221322743,4.404136542,-3.182813799
167.07,-64.99637933,0.05295508681,0.5959941248,0.3177323998,0,-1.221322743,4.404136542,-3.182813799
167.08,-64.99637933,0.05295508681,0.5959941248,0.3177323998,0,-1.221322743,4.404136542,-3.182813799
167.09,-64.99637933,0.05295508681,0.5959941248,0.3177323998,0,-1.221322743,4.404136542,-3.182813799
167.1,-64.99637933,0.05295508681,0.5959941248,0.3177323998,0,-1.221322743,4.404136542,-3.182813799
167.11,-64.99637933,0.05295508681,0.5959941248,0.3177323998,0,-1.221322743,4.404136542,-3.182813799
167.12,-64.99637933,0.05295508681,0.5959941248,0.3177323998,0,-1.221322743,4.404136542,-3.182813799
167.13,-64.99637933,0.05295508681,0.5959941248,0.3177323998,0,-1.221322743,4.404136542,-3.182813799
167.14,-64.99637933,0.05295508681,0.5959941248,0.3177323998,0,-1.221322743,4.404136542,-3.182813799
167.15,-64.99637933,0.05295508681,0.5959941248,0.3177323998,0,-1.221322743,4.404136542,-3.182813799
167.16,-64.99637933,0.05295508681,0.5959941248,0.3177323998,0,-1.221322743,4.404136542,-3.182813799
167.17,-64.99637933,0.05295508681,0.5959941248,0.3177323998,0,-1.221322743,4.404136542,-3.182813799
167.18,-64.99637933,0.05295508681,0.5959941248,0.3177323998,0,-1.221322743,4.404136542,-3.182813799
167.19,-64.99637933,0.05295508681,0.5959941248,0.3177323998,0,-1.221322743,4.404136542,-3.182813799
167.2,-64.99637933,0.05295508681,0.5959941248,0.3177323998,0,-1.221322743,4.404136542,-3.182813799
167.21,-64.99637933,0.05295508681,0.5959941248,0.3177323998,0,-1.221322743,4.404136542,-3.182813799
167.22,-64.99637933,0.05295508681,0.5959941248,0.3177323998,0,-1.221322743,4.404136542,-3.182813799
167.23,-64.99637933,0.05295508681,0.5959941248,0.3177323998,0,-1.221322743,4.404136542,-3.182813799
167.24,-64.99637933,0.05295508681,0.5959941248,0.3177323998,0,-1.221322743,4.404136542,-3.182813799
167.25,-64.99637933,0.05295508681,0.5959941248,0.3177323998,0,-1.221322743,4.404136542,-3.182813799
167.26,-64.99637933,0.05295508681,0.5959941248,0.3177323998,0,-1.221322743,4.404136542,-3.182813799
167.27,-64.99637933,0.05295508681,0.5959941248,0.3177323998,0,-1.221322743,4.404136542,-3.182813799
167.28,-64.99637933,0.05295508681,0.5959941248,0.3177323998,0,-1.221322743,4.404136542,-3.182813799
167.29,-64.99637933,0.05295508681,0.5959941248,0.3177323998,0,-1.221322743,4.404136542,-3.182813799
167.3,-64.99637933,0.05295508681,0.5959941248,0.3177323998,0,-1.221322743,4.404136542,-3.182813799
167.31,-64.99637933,0.05295508681,0.5959941248,0.3177323998,0,-1.221322743,4.404136542,-3.182813799
167.32,-64.99637933,0.05295508681,0.5959941248,0.3177323998,0,-1.221322743,4.404136542,-3.182813799
167.33,-64.99637933,0.05295508681,0.5959941248,0.3177323998,0,-1.221322743,4.404136542,-3.182813799
167.34,-64.99637933,0.05295508681,0.5959941248,0.3177323998,0,-1.221322743,4.404136542,-3.182813799
167.35,-64.99637933,0.05295508681,0.5959941248,0.3177323998,0,-1.221322743,4.404136542,-3.182813799
167.36,-64.99637933,0.05295508681,0.5959941248,0.3177323998,0,-1.221322743,4.404136542,-3.182813799
167.37,-64.99637933,0.05295508681,0.5959941248,0.3177323998,0,-1.221322743,4.404136542,-3.182813799
167.38,-64.99637933,0.05295508681,0.5959941248,0.3177323998,0,-1.221322743,4.404136542,-3.182813799
167.39,-64.99637933,0.05295508681,0.5959941248,0.3177323998,0,-1.221322743,4.404136542,-3.182813799
167.4,-64.99637933,0.05295508681,0.5959941248,0.3177323998,0,-1.221322743,4.404136542,-3.182813799
167.41,-64.99637933,0.05295508681,0.5959941248,0.3177323998,0,-1.221322743,4.404136542,-3.182813799
167.42,-64.99637933,0.05295508681,0.5959941248,0.3177323998,0,-1.221322743,4.404136542,-3.182813799
167.43,-64.99637933,0.05295508681,0.5959941248,0.3177323998,0,-1.221322743,4.404136542,-3.182813799
167.44,-64.99637933,0.05295508681,0.5959941248,0.3177323998,0,-1.221322743,4.404136542,-3.182813799
167.45,-64.99637933,0.05295508681,0.5959941248,0.3177323998,0,-1.221322743,4.404136542,-3.182813799
167.46,-64.99637933,0.05295508681,0.5959941248,0.3177323998,0,-1.221322743,4.404136542,-3.182813799
167.47,-64.99637933,0.05295508681,0.5959941248,0.3177323998,0,-1.221322743,4.404136542,-3.182813799
167.48,-64.99637933,0.05295508681,0.5959941248,0.3177323998,0,-1.221322743,4.404136542,-3.182813799
167.49,-64.99637933,0.05295508681,0.5959941248,0.3177323998,0,-1.221322743,4.404136542,-3.182813799
167.5,-64.99637933,0.05295508681,0.5959941248,0.3177323998,0,-1.221322743,4.404136542,-3.182813799
167.51,-64.99637933,0.05295508681,0.5959941248,0.3177323998,0,-1.221322743,4.404136542,-3.182813799
167.52,-64.99637933,0.05295508681,0.5959941248,0.3177323998,0,-1.221322743,4.404136542,-3.182813799
167.53,-64.99637933,0.05295508681,0.5959941248,0.3177323998,0,-1.221322743,4.404136542,-3.182813799
167.54,-64.99637933,0.05295508681,0.5959941248,0.3177323998,0,-1.221322743,4.404136542,-3.182813799
167.55,-64.99637933,0.05295508681,0.5959941248,0.3177323998,0,-1.221322743,4.404136542,-3.182813799
167.56,-64.99637933,0.05295508681,0.5959941248,0.3177323998,0,-1.221322743,4.404136542,-3.182813799
167.57,-64.99637933,0.05295508681,0.5959941248,0.3177323998,0,-1.221322743,4.404136542,-3.182813799
167.58,-64.99637933,0.05295508681,0.5959941248,0.3177323998,0,-1.221322743,4.404136542,-3.182813799
167.59,-64.99637933,0.05295508681,0.5959941248,0.3177323998,0,-1.221322743,4.404136542,-3.182813799
167.6,-64.99637933,0.05295508681,0.5959941248,0.3177323998,0,-1.221322743,4.404136542,-3.182813799
167.61,-64.99637933,0.05295508681,0.5959941248,0.3177323998,0,-1.221322743,4.404136542,-3.182813799
167.62,-64.99637933,0.05295508681,0.5959941248,0.3177323998,0,-1.221322743,4.404136542,-3.182813799
167.63,-64.99637933,0.05295508681,0.5959941248,0.3177323998,0,-1.221322743,4.404136542,-3.182813799
167.64,-64.99637933,0.05295508681,0.5959941248,0.3177323998,0,-1.221322743,4.404136542,-3.182813799
167.65,-64.99637933,0.05295508681,0.5959941248,0.3177323998,0,-1.221322743,4.404136542,-3.182813799
167.66,-64.99637933,0.05295508681,0.5959941248,0.3177323998,0,-1.221322743,4.404136542,-3.182813799
167.67,-64.99637933,0.05295508681,0.5959941248,0.3177323998,0,-1.221322743,4.404136542,-3.182813799
167.68,-64.99637933,0.05295508681,0.5959941248,0.3177323998,0,-1.221322743,4.404136542,-3.182813799
167.69,-64.99637933,0.05295508681,0.5959941248,0.3177323998,0,-1.221322743,4.404136542,-3.182813799
167.7,-64.99637933,0.05295508681,0.5959941248,0.3177323998,0,-1.221322743,4.404136542,-3.182813799
167.71,-64.99637933,0.05295508681,0.5959941248,0.3177323998,0,-1.221322743,4.404136542,-3.182813799
167.72,-64.99637933,0.05295508681,0.5959941248,0.3177323998,0,-1.221322743,4.404136542,-3.182813799
167.73,-64.99637933,0.05295508681,0.5959941248,0.3177323998,0,-1.221322743,4.404136542,-3.182813799
167.74,-64.99637933,0.05295508681,0.5959941248,0.3177323998,0,-1.221322743,4.404136542,-3.182813799
167.75,-64.99637933,0.05295508681,0.5959941248,0.3177323998,0,-1.221322743,4.404136542,-3.182813799
167.76,-64.99637933,0.05295508681,0.5959941248,0.3177323998,0,-1.221322743,4.404136542,-3.182813799
167.77,-64.99637933,0.05295508681,0.5959941248,0.3177323998,0,-1.221322743,4.404136542,-3.182813799
167.78,-64.99637933,0.05295508681,0.5959941248,0.3177323998,0,-1.221322743,4.404136542,-3.182813799
167.79,-64.99637933,0.05295508681,0.5959941248,0.3177323998,0,-1.221322743,4.404136542,-3.182813799
167.8,-64.99637933,0.05295508681,0.5959941248,0.3177323998,0,-1.221322743,4.404136542,-3.182813799
167.81,-64.99637933,0.05295508681,0.5959941248,0.3177323998,0,-1.221322743,4.404136542,-3.182813799
167.82,-64.99637933,0.05295508681,0.5959941248,0.3177323998,0,-1.221322743,4.404136542,-3.182813799
167.83,-64.99637933,0.05295508681,0.5959941248,0.3177323998,0,-1.221322743,4.404136542,-3.182813799
167.84,-64.99637933,0.05295508681,0.5959941248,0.3177323998,0,-1.221322743,4.404136542,-3.182813799
167.85,-64.99637933,0.05295508681,0.5959941248,0.3177323998,0,-1.221322743,4.404136542,-3.182813799
167.86,-64.99637933,0.05295508681,0.5959941248,0.3177323998,0,-1.221322743,4.404136542,-3.182813799
167.87,-64.99637933,0.05295508681,0.5959941248,0.3177323998,0,-1.221322743,4.404136542,-3.182813799
167.88,-64.99637933,0.05295508681,0.5959941248,0.3177323998,0,-1.221322743,4.404136542,-3.182813799
167.89,-64.99637933,0.05295508681,0.5959941248,0.3177323998,0,-1.221322743,4.404136542,-3.182813799
167.9,-64.99637933,0.05295508681,0.5959941248,0.3177323998,0,-1.221322743,4.404136542,-3.182813799
167.91,-64.99637933,0.05295508681,0.5959941248,0.3177323998,0,-1.221322743,4.404136542,-3.182813799
167.92,-64.99637933,0.05295508681,0.5959941248,0.3177323998,0,-1.221322743,4.404136542,-3.182813799
167.93,-64.99637933,0.05295508681,0.5959941248,0.3177323998,0,-1.221322743,4.404136542,-3.182813799
167.94,-64.99637933,0.05295508681,0.5959941248,0.3177323998,0,-1.221322743,4.404136542,-3.182813799
167.95,-64.99637933,0.05295508681,0.5959941248,0.3177323998,0,-1.221322743,4.404136542,-3.182813799
167.96,-64.99637933,0.05295508681,0.5959941248,0.3177323998,0,-1.221322743,4.404136542,-3.182813799
167.97,-64.99637933,0.05295508681,0.5959941248,0.3177323998,0,-1.221322743,4.404136542,-3.182813799
167.98,-64.99637933,0.05295508681,0.5959941248,0.3177323998,0,-1.221322743,4.404136542,-3.182813799
167.99,-64.99637933,0.05295508681,0.5959941248,0.3177323998,0,-1.221322743,4.404136542,-3.182813799
168,-64.99637933,0.05295508681,0.5959941248,0.3177323998,0,-1.221322743,4.404136542,-3.182813799
168.01,-64.99637933,0.05295508681,0.5959941248,0.3177323998,0,-1.221322743,4.404136542,-3.182813799
168.02,-64.99637933,0.05295508681,0.5959941248,0.3177323998,0,-1.221322743,4.404136542,-3.182813799
168.03,-64.99637933,0.05295508681,0.5959941248,0.3177323998,0,-1.221322743,4.404136542,-3.182813799
168.04,-64.99637933,0.05295508681,0.5959941248,0.3177323998,0,-1.221322743,4.404136542,-3.182813799
168.05,-64.99637933,0.05295508681,0.5959941248,0.3177323998,0,-1.221322743,4.404136542,-3.182813799
168.06,-64.99637933,0.05295508681,0.5959941248,0.3177323998,0,-1.221322743,4.404136542,-3.182813799
168.07,-64.99637933,0.05295508681,0.5959941248,0.3177323998,0,-1.221322743,4.404136542,-3.182813799
168.08,-64.99637933,0.05295508681,0.5959941248,0.3177323998,0,-1.221322743,4.404136542,-3.182813799
168.09,-64.99637933,0.05295508681,0.5959941248,0.3177323998,0,-1.221322743,4.404136542,-3.182813799
168.1,-64.99637933,0.05295508681,0.5959941248,0.3177323998,0,-1.221322743,4.404136542,-3.182813799
168.11,-64.99637933,0.05295508681,0.5959941248,0.3177323998,0,-1.221322743,4.404136542,-3.182813799
168.12,-64.99637933,0.05295508681,0.5959941248,0.3177323998,0,-1.221322743,4.404136542,-3.182813799
168.13,-64.99637933,0.05295508681,0.5959941248,0.3177323998,0,-1.221322743,4.404136542,-3.182813799
168.14,-64.99637933,0.05295508681,0.5959941248,0.3177323998,0,-1.221322743,4.404136542,-3.182813799
168.15,-64.99637933,0.05295508681,0.5959941248,0.3177323998,0,-1.221322743,4.404136542,-3.182813799
168.16,-64.99637933,0.05295508681,0.5959941248,0.3177323998,0,-1.221322743,4.404136542,-3.182813799
168.17,-64.99637933,0.05295508681,0.5959941248,0.3177323998,0,-1.221322743,4.404136542,-3.182813799
168.18,-64.99637933,0.05295508681,0.5959941248,0.3177323998,0,-1.221322743,4.404136542,-3.182813799
168.19,-64.99637933,0.05295508681,0.5959941248,0.3177323998,0,-1.221322743,4.404136542,-3.182813799
168.2,-64.99637933,0.05295508681,0.5959941248,0.3177323998,0,-1.221322743,4.404136542,-3.182813799
168.21,-64.99637933,0.05295508681,0.5959941248,0.3177323998,0,-1.221322743,4.404136542,-3.182813799
168.22,-64.99637933,0.05295508681,0.5959941248,0.3177323998,0,-1.221322743,4.404136542,-3.182813799
168.23,-64.99637933,0.05295508681,0.5959941248,0.3177323998,0,-1.221322743,4.404136542,-3.182813799
168.24,-64.99637933,0.05295508681,0.5959941248,0.3177323998,0,-1.221322743,4.404136542,-3.182813799
168.25,-64.99637933,0.05295508681,0.5959941248,0.3177323998,0,-1.221322743,4.404136542,-3.182813799
168.26,-64.99637933,0.05295508681,0.5959941248,0.3177323998,0,-1.221322743,4.404136542,-3.182813799
168.27,-64.99637933,0.05295508681,0.5959941248,0.3177323998,0,-1.221322743,4.404136542,-3.182813799
168.28,-64.99637933,0.05295508681,0.5959941248,0.3177323998,0,-1.221322743,4.404136542,-3.182813799
168.29,-64.99637933,0.05295508681,0.5959941248,0.3177323998,0,-1.221322743,4.404136542,-3.182813799
168.3,-64.99637933,0.05295508681,0.5959941248,0.3177323998,0,-1.221322743,4.404136542,-3.182813799
168.31,-64.99637933,0.05295508681,0.5959941248,0.3177323998,0,-1.221322743,4.404136542,-3.182813799
168.32,-64.99637933,0.05295508681,0.5959941248,0.3177323998,0,-1.221322743,4.404136542,-3.182813799
168.33,-64.99637933,0.05295508681,0.5959941248,0.3177323998,0,-1.221322743,4.404136542,-3.182813799
168.34,-64.99637933,0.05295508681,0.5959941248,0.3177323998,0,-1.221322743,4.404136542,-3.182813799
168.35,-64.99637933,0.05295508681,0.5959941248,0.3177323998,0,-1.221322743,4.404136542,-3.182813799
168.36,-64.99637933,0.05295508681,0.5959941248,0.3177323998,0,-1.221322743,4.404136542,-3.182813799
168.37,-64.99637933,0.05295508681,0.5959941248,0.3177323998,0,-1.221322743,4.404136542,-3.182813799
168.38,-64.99637933,0.05295508681,0.5959941248,0.3177323998,0,-1.221322743,4.404136542,-3.182813799
168.39,-64.99637933,0.05295508681,0.5959941248,0.3177323998,0,-1.221322743,4.404136542,-3.182813799
168.4,-64.99637933,0.05295508681,0.5959941248,0.3177323998,0,-1.221322743,4.404136542,-3.182813799
168.41,-64.99637933,0.05295508681,0.5959941248,0.3177323998,0,-1.221322743,4.404136542,-3.182813799
168.42,-64.99637933,0.05295508681,0.5959941248,0.3177323998,0,-1.221322743,4.404136542,-3.182813799
168.43,-64.99637933,0.05295508681,0.5959941248,0.3177323998,0,-1.221322743,4.404136542,-3.182813799
168.44,-64.99637933,0.05295508681,0.5959941248,0.3177323998,0,-1.221322743,4.404136542,-3.182813799
168.45,-64.99637933,0.05295508681,0.5959941248,0.3177323998,0,-1.221322743,4.404136542,-3.182813799
168.46,-64.99637933,0.05295508681,0.5959941248,0.3177323998,0,-1.221322743,4.404136542,-3.182813799
168.47,-64.99637933,0.05295508681,0.5959941248,0.3177323998,0,-1.221322743,4.404136542,-3.182813799
168.48,-64.99637933,0.05295508681,0.5959941248,0.3177323998,0,-1.221322743,4.404136542,-3.182813799
168.49,-64.99637933,0.05295508681,0.5959941248,0.3177323998,0,-1.221322743,4.404136542,-3.182813799
168.5,-64.99637933,0.05295508681,0.5959941248,0.3177323998,0,-1.221322743,4.404136542,-3.182813799
168.51,-64.99637933,0.05295508681,0.5959941248,0.3177323998,0,-1.221322743,4.404136542,-3.182813799
168.52,-64.99637933,0.05295508681,0.5959941248,0.3177323998,0,-1.221322743,4.404136542,-3.182813799
168.53,-64.99637933,0.05295508681,0.5959941248,0.3177323998,0,-1.221322743,4.404136542,-3.182813799
168.54,-64.99637933,0.05295508681,0.5959941248,0.3177323998,0,-1.221322743,4.404136542,-3.182813799
168.55,-64.99637933,0.05295508681,0.5959941248,0.3177323998,0,-1.221322743,4.404136542,-3.182813799
168.56,-64.99637933,0.05295508681,0.5959941248,0.3177323998,0,-1.221322743,4.404136542,-3.182813799
168.57,-64.99637933,0.05295508681,0.5959941248,0.3177323998,0,-1.221322743,4.404136542,-3.182813799
168.58,-64.99637933,0.05295508681,0.5959941248,0.3177323998,0,-1.221322743,4.404136542,-3.182813799
168.59,-64.99637933,0.05295508681,0.5959941248,0.3177323998,0,-1.221322743,4.404136542,-3.182813799
168.6,-64.99637933,0.05295508681,0.5959941248,0.3177323998,0,-1.221322743,4.404136542,-3.182813799
168.61,-64.99637933,0.05295508681,0.5959941248,0.3177323998,0,-1.221322743,4.404136542,-3.182813799
168.62,-64.99637933,0.05295508681,0.5959941248,0.3177323998,0,-1.221322743,4.404136542,-3.182813799
168.63,-64.99637933,0.05295508681,0.5959941248,0.3177323998,0,-1.221322743,4.404136542,-3.182813799
168.64,-64.99637933,0.05295508681,0.5959941248,0.3177323998,0,-1.221322743,4.404136542,-3.182813799
168.65,-64.99637933,0.05295508681,0.5959941248,0.3177323998,0,-1.221322743,4.404136542,-3.182813799
168.66,-64.99637933,0.05295508681,0.5959941248,0.3177323998,0,-1.221322743,4.404136542,-3.182813799
168.67,-64.99637933,0.05295508681,0.5959941248,0.3177323998,0,-1.221322743,4.404136542,-3.182813799
168.68,-64.99637933,0.05295508681,0.5959941248,0.3177323998,0,-1.221322743,4.404136542,-3.182813799
168.69,-64.99637933,0.05295508681,0.5959941248,0.3177323998,0,-1.221322743,4.404136542,-3.182813799
168.7,-64.99637933,0.05295508681,0.5959941248,0.3177323998,0,-1.221322743,4.404136542,-3.182813799
168.71,-64.99637933,0.05295508681,0.5959941248,0.3177323998,0,-1.221322743,4.404136542,-3.182813799
168.72,-64.99637933,0.05295508681,0.5959941248,0.3177323998,0,-1.221322743,4.404136542,-3.182813799
168.73,-64.99637933,0.05295508681,0.5959941248,0.3177323998,0,-1.221322743,4.404136542,-3.182813799
168.74,-64.99637933,0.05295508681,0.5959941248,0.3177323998,0,-1.221322743,4.404136542,-3.182813799
168.75,-64.99637933,0.05295508681,0.5959941248,0.3177323998,0,-1.221322743,4.404136542,-3.182813799
168.76,-64.99637933,0.05295508681,0.5959941248,0.3177323998,0,-1.221322743,4.404136542,-3.182813799
168.77,-64.99637933,0.05295508681,0.5959941248,0.3177323998,0,-1.221322743,4.404136542,-3.182813799
168.78,-64.99637933,0.05295508681,0.5959941248,0.3177323998,0,-1.221322743,4.404136542,-3.182813799
168.79,-64.99637933,0.05295508681,0.5959941248,0.3177323998,0,-1.221322743,4.404136542,-3.182813799
168.8,-64.99637933,0.05295508681,0.5959941248,0.3177323998,0,-1.221322743,4.404136542,-3.182813799
168.81,-64.99637933,0.05295508681,0.5959941248,0.3177323998,0,-1.221322743,4.404136542,-3.182813799
168.82,-64.99637933,0.05295508681,0.5959941248,0.3177323998,0,-1.221322743,4.404136542,-3.182813799
168.83,-64.99637933,0.05295508681,0.5959941248,0.3177323998,0,-1.221322743,4.404136542,-3.182813799
168.84,-64.99637933,0.05295508681,0.5959941248,0.3177323998,0,-1.221322743,4.404136542,-3.182813799
168.85,-64.99637933,0.05295508681,0.5959941248,0.3177323998,0,-1.221322743,4.404136542,-3.182813799
168.86,-64.99637933,0.05295508681,0.5959941248,0.3177323998,0,-1.221322743,4.404136542,-3.182813799
168.87,-64.99637933,0.05295508681,0.5959941248,0.3177323998,0,-1.221322743,4.404136542,-3.182813799
168.88,-64.99637933,0.05295508681,0.5959941248,0.3177323998,0,-1.221322743,4.404136542,-3.182813799
168.89,-64.99637933,0.05295508681,0.5959941248,0.3177323998,0,-1.221322743,4.404136542,-3.182813799
168.9,-64.99637933,0.05295508681,0.5959941248,0.3177323998,0,-1.221322743,4.404136542,-3.182813799
168.91,-64.99637933,0.05295508681,0.5959941248,0.3177323998,0,-1.221322743,4.404136542,-3.182813799
168.92,-64.99637933,0.05295508681,0.5959941248,0.3177323998,0,-1.221322743,4.404136542,-3.182813799
168.93,-64.99637933,0.05295508681,0.5959941248,0.3177323998,0,-1.221322743,4.404136542,-3.182813799
168.94,-64.99637933,0.05295508681,0.5959941248,0.3177323998,0,-1.221322743,4.404136542,-3.182813799
168.95,-64.99637933,0.05295508681,0.5959941248,0.3177323998,0,-1.221322743,4.404136542,-3.182813799
168.96,-64.99637933,0.05295508681,0.5959941248,0.3177323998,0,-1.221322743,4.404136542,-3.182813799
168.97,-64.99637933,0.05295508681,0.5959941248,0.3177323998,0,-1.221322743,4.404136542,-3.182813799
168.98,-64.99637933,0.05295508681,0.5959941248,0.3177323998,0,-1.221322743,4.404136542,-3.182813799
168.99,-64.99637933,0.05295508681,0.5959941248,0.3177323998,0,-1.221322743,4.404136542,-3.182813799
169,-64.99637933,0.05295508681,0.5959941248,0.3177323998,0,-1.221322743,4.404136542,-3.182813799
169.01,-64.99637933,0.05295508681,0.5959941248,0.3177323998,0,-1.221322743,4.404136542,-3.182813799
169.02,-64.99637933,0.05295508681,0.5959941248,0.3177323998,0,-1.221322743,4.404136542,-3.182813799
169.03,-64.99637933,0.05295508681,0.5959941248,0.3177323998,0,-1.221322743,4.404136542,-3.182813799
169.04,-64.99637933,0.05295508681,0.5959941248,0.3177323998,0,-1.221322743,4.404136542,-3.182813799
169.05,-64.99637933,0.05295508681,0.5959941248,0.3177323998,0,-1.221322743,4.404136542,-3.182813799
169.06,-64.99637933,0.05295508681,0.5959941248,0.3177323998,0,-1.221322743,4.404136542,-3.182813799
169.07,-64.99637933,0.05295508681,0.5959941248,0.3177323998,0,-1.221322743,4.404136542,-3.182813799
169.08,-64.99637933,0.05295508681,0.5959941248,0.3177323998,0,-1.221322743,4.404136542,-3.182813799
169.09,-64.99637933,0.05295508681,0.5959941248,0.3177323998,0,-1.221322743,4.404136542,-3.182813799
169.1,-64.99637933,0.05295508681,0.5959941248,0.3177323998,0,-1.221322743,4.404136542,-3.182813799
169.11,-64.99637933,0.05295508681,0.5959941248,0.3177323998,0,-1.221322743,4.404136542,-3.182813799
169.12,-64.99637933,0.05295508681,0.5959941248,0.3177323998,0,-1.221322743,4.404136542,-3.182813799
169.13,-64.99637933,0.05295508681,0.5959941248,0.3177323998,0,-1.221322743,4.404136542,-3.182813799
169.14,-64.99637933,0.05295508681,0.5959941248,0.3177323998,0,-1.221322743,4.404136542,-3.182813799
169.15,-64.99637933,0.05295508681,0.5959941248,0.3177323998,0,-1.221322743,4.404136542,-3.182813799
169.16,-64.99637933,0.05295508681,0.5959941248,0.3177323998,0,-1.221322743,4.404136542,-3.182813799
169.17,-64.99637933,0.05295508681,0.5959941248,0.3177323998,0,-1.221322743,4.404136542,-3.182813799
169.18,-64.99637933,0.05295508681,0.5959941248,0.3177323998,0,-1.221322743,4.404136542,-3.182813799
169.19,-64.99637933,0.05295508681,0.5959941248,0.3177323998,0,-1.221322743,4.404136542,-3.182813799
169.2,-64.99637933,0.05295508681,0.5959941248,0.3177323998,0,-1.221322743,4.404136542,-3.182813799
169.21,-64.99637933,0.05295508681,0.5959941248,0.3177323998,0,-1.221322743,4.404136542,-3.182813799
169.22,-64.99637933,0.05295508681,0.5959941248,0.3177323998,0,-1.221322743,4.404136542,-3.182813799
169.23,-64.99637933,0.05295508681,0.5959941248,0.3177323998,0,-1.221322743,4.404136542,-3.182813799
169.24,-64.99637933,0.05295508681,0.5959941248,0.3177323998,0,-1.221322743,4.404136542,-3.182813799
169.25,-64.99637933,0.05295508681,0.5959941248,0.3177323998,0,-1.221322743,4.404136542,-3.182813799
169.26,-64.99637933,0.05295508681,0.5959941248,0.3177323998,0,-1.221322743,4.404136542,-3.182813799
169.27,-64.99637933,0.05295508681,0.5959941248,0.3177323998,0,-1.221322743,4.404136542,-3.182813799
169.28,-64.99637933,0.05295508681,0.5959941248,0.3177323998,0,-1.221322743,4.404136542,-3.182813799
169.29,-64.99637933,0.05295508681,0.5959941248,0.3177323998,0,-1.221322743,4.404136542,-3.182813799
169.3,-64.99637933,0.05295508681,0.5959941248,0.3177323998,0,-1.221322743,4.404136542,-3.182813799
169.31,-64.99637933,0.05295508681,0.5959941248,0.3177323998,0,-1.221322743,4.404136542,-3.182813799
169.32,-64.99637933,0.05295508681,0.5959941248,0.3177323998,0,-1.221322743,4.404136542,-3.182813799
169.33,-64.99637933,0.05295508681,0.5959941248,0.3177323998,0,-1.221322743,4.404136542,-3.182813799
169.34,-64.99637933,0.05295508681,0.5959941248,0.3177323998,0,-1.221322743,4.404136542,-3.182813799
169.35,-64.99637933,0.05295508681,0.5959941248,0.3177323998,0,-1.221322743,4.404136542,-3.182813799
169.36,-64.99637933,0.05295508681,0.5959941248,0.3177323998,0,-1.221322743,4.404136542,-3.182813799
169.37,-64.99637933,0.05295508681,0.5959941248,0.3177323998,0,-1.221322743,4.404136542,-3.182813799
169.38,-64.99637933,0.05295508681,0.5959941248,0.3177323998,0,-1.221322743,4.404136542,-3.182813799
169.39,-64.99637933,0.05295508681,0.5959941248,0.3177323998,0,-1.221322743,4.404136542,-3.182813799
169.4,-64.99637933,0.05295508681,0.5959941248,0.3177323998,0,-1.221322743,4.404136542,-3.182813799
169.41,-64.99637933,0.05295508681,0.5959941248,0.3177323998,0,-1.221322743,4.404136542,-3.182813799
169.42,-64.99637933,0.05295508681,0.5959941248,0.3177323998,0,-1.221322743,4.404136542,-3.182813799
169.43,-64.99637933,0.05295508681,0.5959941248,0.3177323998,0,-1.221322743,4.404136542,-3.182813799
169.44,-64.99637933,0.05295508681,0.5959941248,0.3177323998,0,-1.221322743,4.404136542,-3.182813799
169.45,-64.99637933,0.05295508681,0.5959941248,0.3177323998,0,-1.221322743,4.404136542,-3.182813799
169.46,-64.99637933,0.05295508681,0.5959941248,0.3177323998,0,-1.221322743,4.404136542,-3.182813799
169.47,-64.99637933,0.05295508681,0.5959941248,0.3177323998,0,-1.221322743,4.404136542,-3.182813799
169.48,-64.99637933,0.05295508681,0.5959941248,0.3177323998,0,-1.221322743,4.404136542,-3.182813799
169.49,-64.99637933,0.05295508681,0.5959941248,0.3177323998,0,-1.221322743,4.404136542,-3.182813799
169.5,-64.99637933,0.05295508681,0.5959941248,0.3177323998,0,-1.221322743,4.404136542,-3.182813799
169.51,-64.99637933,0.05295508681,0.5959941248,0.3177323998,0,-1.221322743,4.404136542,-3.182813799
169.52,-64.99637933,0.05295508681,0.5959941248,0.3177323998,0,-1.221322743,4.404136542,-3.182813799
169.53,-64.99637933,0.05295508681,0.5959941248,0.3177323998,0,-1.221322743,4.404136542,-3.182813799
169.54,-64.99637933,0.05295508681,0.5959941248,0.3177323998,0,-1.221322743,4.404136542,-3.182813799
169.55,-64.99637933,0.05295508681,0.5959941248,0.3177323998,0,-1.221322743,4.404136542,-3.182813799
169.56,-64.99637933,0.05295508681,0.5959941248,0.3177323998,0,-1.221322743,4.404136542,-3.182813799
169.57,-64.99637933,0.05295508681,0.5959941248,0.3177323998,0,-1.221322743,4.404136542,-3.182813799
169.58,-64.99637933,0.05295508681,0.5959941248,0.3177323998,0,-1.221322743,4.404136542,-3.182813799
169.59,-64.99637933,0.05295508681,0.5959941248,0.3177323998,0,-1.221322743,4.404136542,-3.182813799
169.6,-64.99637933,0.05295508681,0.5959941248,0.3177323998,0,-1.221322743,4.404136542,-3.182813799
169.61,-64.99637933,0.05295508681,0.5959941248,0.3177323998,0,-1.221322743,4.404136542,-3.182813799
169.62,-64.99637933,0.05295508681,0.5959941248,0.3177323998,0,-1.221322743,4.404136542,-3.182813799
169.63,-64.99637933,0.05295508681,0.5959941248,0.3177323998,0,-1.221322743,4.404136542,-3.182813799
169.64,-64.99637933,0.05295508681,0.5959941248,0.3177323998,0,-1.221322743,4.404136542,-3.182813799
169.65,-64.99637933,0.05295508681,0.5959941248,0.3177323998,0,-1.221322743,4.404136542,-3.182813799
169.66,-64.99637933,0.05295508681,0.5959941248,0.3177323998,0,-1.221322743,4.404136542,-3.182813799
169.67,-64.99637933,0.05295508681,0.5959941248,0.3177323998,0,-1.221322743,4.404136542,-3.182813799
169.68,-64.99637933,0.05295508681,0.5959941248,0.3177323998,0,-1.221322743,4.404136542,-3.182813799
169.69,-64.99637933,0.05295508681,0.5959941248,0.3177323998,0,-1.221322743,4.404136542,-3.182813799
169.7,-64.99637933,0.05295508681,0.5959941248,0.3177323998,0,-1.221322743,4.404136542,-3.182813799
169.71,-64.99637933,0.05295508681,0.5959941248,0.3177323998,0,-1.221322743,4.404136542,-3.182813799
169.72,-64.99637933,0.05295508681,0.5959941248,0.3177323998,0,-1.221322743,4.404136542,-3.182813799
169.73,-64.99637933,0.05295508681,0.5959941248,0.3177323998,0,-1.221322743,4.404136542,-3.182813799
169.74,-64.99637933,0.05295508681,0.5959941248,0.3177323998,0,-1.221322743,4.404136542,-3.182813799
169.75,-64.99637933,0.05295508681,0.5959941248,0.3177323998,0,-1.221322743,4.404136542,-3.182813799
169.76,-64.99637933,0.05295508681,0.5959941248,0.3177323998,0,-1.221322743,4.404136542,-3.182813799
169.77,-64.99637933,0.05295508681,0.5959941248,0.3177323998,0,-1.221322743,4.404136542,-3.182813799
169.78,-64.99637933,0.05295508681,0.5959941248,0.3177323998,0,-1.221322743,4.404136542,-3.182813799
169.79,-64.99637933,0.05295508681,0.5959941248,0.3177323998,0,-1.221322743,4.404136542,-3.182813799
169.8,-64.99637933,0.05295508681,0.5959941248,0.3177323998,0,-1.221322743,4.404136542,-3.182813799
169.81,-64.99637933,0.05295508681,0.5959941248,0.3177323998,0,-1.221322743,4.404136542,-3.182813799
169.82,-64.99637933,0.05295508681,0.5959941248,0.3177323998,0,-1.221322743,4.404136542,-3.182813799
169.83,-64.99637933,0.05295508681,0.5959941248,0.3177323998,0,-1.221322743,4.404136542,-3.182813799
169.84,-64.99637933,0.05295508681,0.5959941248,0.3177323998,0,-1.221322743,4.404136542,-3.182813799
169.85,-64.99637933,0.05295508681,0.5959941248,0.3177323998,0,-1.221322743,4.404136542,-3.182813799
169.86,-64.99637933,0.05295508681,0.5959941248,0.3177323998,0,-1.221322743,4.404136542,-3.182813799
169.87,-64.99637933,0.05295508681,0.5959941248,0.3177323998,0,-1.221322743,4.404136542,-3.182813799
169.88,-64.99637933,0.05295508681,0.5959941248,0.3177323998,0,-1.221322743,4.404136542,-3.182813799
169.89,-64.99637933,0.05295508681,0.5959941248,0.3177323998,0,-1.221322743,4.404136542,-3.182813799
169.9,-64.99637933,0.05295508681,0.5959941248,0.3177323998,0,-1.221322743,4.404136542,-3.182813799
169.91,-64.99637933,0.05295508681,0.5959941248,0.3177323998,0,-1.221322743,4.404136542,-3.182813799
169.92,-64.99637933,0.05295508681,0.5959941248,0.3177323998,0,-1.221322743,4.404136542,-3.182813799
169.93,-64.99637933,0.05295508681,0.5959941248,0.3177323998,0,-1.221322743,4.404136542,-3.182813799
169.94,-64.99637933,0.05295508681,0.5959941248,0.3177323998,0,-1.221322743,4.404136542,-3.182813799
169.95,-64.99637933,0.05295508681,0.5959941248,0.3177323998,0,-1.221322743,4.404136542,-3.182813799
169.96,-64.99637933,0.05295508681,0.5959941248,0.3177323998,0,-1.221322743,4.404136542,-3.182813799
169.97,-64.99637933,0.05295508681,0.5959941248,0.3177323998,0,-1.221322743,4.404136542,-3.182813799
169.98,-64.99637933,0.05295508681,0.5959941248,0.3177323998,0,-1.221322743,4.404136542,-3.182813799
169.99,-64.99637933,0.05295508681,0.5959941248,0.3177323998,0,-1.221322743,4.404136542,-3.182813799
170,-64.99637933,0.05295508681,0.5959941248,0.3177323998,0,-1.221322743,4.404136542,-3.182813799
170.01,-64.99637933,0.05295508681,0.5959941248,0.3177323998,0,-1.221322743,4.404136542,-3.182813799
170.02,-64.99637933,0.05295508681,0.5959941248,0.3177323998,0,-1.221322743,4.404136542,-3.182813799
170.03,-64.99637933,0.05295508681,0.5959941248,0.3177323998,0,-1.221322743,4.404136542,-3.182813799
170.04,-64.99637933,0.05295508681,0.5959941248,0.3177323998,0,-1.221322743,4.404136542,-3.182813799
170.05,-64.99637933,0.05295508681,0.5959941248,0.3177323998,0,-1.221322743,4.404136542,-3.182813799
170.06,-64.99637933,0.05295508681,0.5959941248,0.3177323998,0,-1.221322743,4.404136542,-3.182813799
170.07,-64.99637933,0.05295508681,0.5959941248,0.3177323998,0,-1.221322743,4.404136542,-3.182813799
170.08,-64.99637933,0.05295508681,0.5959941248,0.3177323998,0,-1.221322743,4.404136542,-3.182813799
170.09,-64.99637933,0.05295508681,0.5959941248,0.3177323998,0,-1.221322743,4.404136542,-3.182813799
170.1,-64.99637933,0.05295508681,0.5959941248,0.3177323998,0,-1.221322743,4.404136542,-3.182813799
170.11,-64.99637933,0.05295508681,0.5959941248,0.3177323998,0,-1.221322743,4.404136542,-3.182813799
170.12,-64.99637933,0.05295508681,0.5959941248,0.3177323998,0,-1.221322743,4.404136542,-3.182813799
170.13,-64.99637933,0.05295508681,0.5959941248,0.3177323998,0,-1.221322743,4.404136542,-3.182813799
170.14,-64.99637933,0.05295508681,0.5959941248,0.3177323998,0,-1.221322743,4.404136542,-3.182813799
170.15,-64.99637933,0.05295508681,0.5959941248,0.3177323998,0,-1.221322743,4.404136542,-3.182813799
170.16,-64.99637933,0.05295508681,0.5959941248,0.3177323998,0,-1.221322743,4.404136542,-3.182813799
170.17,-64.99637933,0.05295508681,0.5959941248,0.3177323998,0,-1.221322743,4.404136542,-3.182813799
170.18,-64.99637933,0.05295508681,0.5959941248,0.3177323998,0,-1.221322743,4.404136542,-3.182813799
170.19,-64.99637933,0.05295508681,0.5959941248,0.3177323998,0,-1.221322743,4.404136542,-3.182813799
170.2,-64.99637933,0.05295508681,0.5959941248,0.3177323998,0,-1.221322743,4.404136542,-3.182813799
170.21,-64.99637933,0.05295508681,0.5959941248,0.3177323998,0,-1.221322743,4.404136542,-3.182813799
170.22,-64.99637933,0.05295508681,0.5959941248,0.3177323998,0,-1.221322743,4.404136542,-3.182813799
170.23,-64.99637933,0.05295508681,0.5959941248,0.3177323998,0,-1.221322743,4.404136542,-3.182813799
170.24,-64.99637933,0.05295508681,0.5959941248,0.3177323998,0,-1.221322743,4.404136542,-3.182813799
170.25,-64.99637933,0.05295508681,0.5959941248,0.3177323998,0,-1.221322743,4.404136542,-3.182813799
170.26,-64.99637933,0.05295508681,0.5959941248,0.3177323998,0,-1.221322743,4.404136542,-3.182813799
170.27,-64.99637933,0.05295508681,0.5959941248,0.3177323998,0,-1.221322743,4.404136542,-3.182813799
170.28,-64.99637933,0.05295508681,0.5959941248,0.3177323998,0,-1.221322743,4.404136542,-3.182813799
170.29,-64.99637933,0.05295508681,0.5959941248,0.3177323998,0,-1.221322743,4.404136542,-3.182813799
170.3,-64.99637933,0.05295508681,0.5959941248,0.3177323998,0,-1.221322743,4.404136542,-3.182813799
170.31,-64.99637933,0.05295508681,0.5959941248,0.3177323998,0,-1.221322743,4.404136542,-3.182813799
170.32,-64.99637933,0.05295508681,0.5959941248,0.3177323998,0,-1.221322743,4.404136542,-3.182813799
170.33,-64.99637933,0.05295508681,0.5959941248,0.3177323998,0,-1.221322743,4.404136542,-3.182813799
170.34,-64.99637933,0.05295508681,0.5959941248,0.3177323998,0,-1.221322743,4.404136542,-3.182813799
170.35,-64.99637933,0.05295508681,0.5959941248,0.3177323998,0,-1.221322743,4.404136542,-3.182813799
170.36,-64.99637933,0.05295508681,0.5959941248,0.3177323998,0,-1.221322743,4.404136542,-3.182813799
170.37,-64.99637933,0.05295508681,0.5959941248,0.3177323998,0,-1.221322743,4.404136542,-3.182813799
170.38,-64.99637933,0.05295508681,0.5959941248,0.3177323998,0,-1.221322743,4.404136542,-3.182813799
170.39,-64.99637933,0.05295508681,0.5959941248,0.3177323998,0,-1.221322743,4.404136542,-3.182813799
170.4,-64.99637933,0.05295508681,0.5959941248,0.3177323998,0,-1.221322743,4.404136542,-3.182813799
170.41,-64.99637933,0.05295508681,0.5959941248,0.3177323998,0,-1.221322743,4.404136542,-3.182813799
170.42,-64.99637933,0.05295508681,0.5959941248,0.3177323998,0,-1.221322743,4.404136542,-3.182813799
170.43,-64.99637933,0.05295508681,0.5959941248,0.3177323998,0,-1.221322743,4.404136542,-3.182813799
170.44,-64.99637933,0.05295508681,0.5959941248,0.3177323998,0,-1.221322743,4.404136542,-3.182813799
170.45,-64.99637933,0.05295508681,0.5959941248,0.3177323998,0,-1.221322743,4.404136542,-3.182813799
170.46,-64.99637933,0.05295508681,0.5959941248,0.3177323998,0,-1.221322743,4.404136542,-3.182813799
170.47,-64.99637933,0.05295508681,0.5959941248,0.3177323998,0,-1.221322743,4.404136542,-3.182813799
170.48,-64.99637933,0.05295508681,0.5959941248,0.3177323998,0,-1.221322743,4.404136542,-3.182813799
170.49,-64.99637933,0.05295508681,0.5959941248,0.3177323998,0,-1.221322743,4.404136542,-3.182813799
170.5,-64.99637933,0.05295508681,0.5959941248,0.3177323998,0,-1.221322743,4.404136542,-3.182813799
170.51,-64.99637933,0.05295508681,0.5959941248,0.3177323998,0,-1.221322743,4.404136542,-3.182813799
170.52,-64.99637933,0.05295508681,0.5959941248,0.3177323998,0,-1.221322743,4.404136542,-3.182813799
170.53,-64.99637933,0.05295508681,0.5959941248,0.3177323998,0,-1.221322743,4.404136542,-3.182813799
170.54,-64.99637933,0.05295508681,0.5959941248,0.3177323998,0,-1.221322743,4.404136542,-3.182813799
170.55,-64.99637933,0.05295508681,0.5959941248,0.3177323998,0,-1.221322743,4.404136542,-3.182813799
170.56,-64.99637933,0.05295508681,0.5959941248,0.3177323998,0,-1.221322743,4.404136542,-3.182813799
170.57,-64.99637933,0.05295508681,0.5959941248,0.3177323998,0,-1.221322743,4.404136542,-3.182813799
170.58,-64.99637933,0.05295508681,0.5959941248,0.3177323998,0,-1.221322743,4.404136542,-3.182813799
170.59,-64.99637933,0.05295508681,0.5959941248,0.3177323998,0,-1.221322743,4.404136542,-3.182813799
170.6,-64.99637933,0.05295508681,0.5959941248,0.3177323998,0,-1.221322743,4.404136542,-3.182813799
170.61,-64.99637933,0.05295508681,0.5959941248,0.3177323998,0,-1.221322743,4.404136542,-3.182813799
170.62,-64.99637933,0.05295508681,0.5959941248,0.3177323998,0,-1.221322743,4.404136542,-3.182813799
170.63,-64.99637933,0.05295508681,0.5959941248,0.3177323998,0,-1.221322743,4.404136542,-3.182813799
170.64,-64.99637933,0.05295508681,0.5959941248,0.3177323998,0,-1.221322743,4.404136542,-3.182813799
170.65,-64.99637933,0.05295508681,0.5959941248,0.3177323998,0,-1.221322743,4.404136542,-3.182813799
170.66,-64.99637933,0.05295508681,0.5959941248,0.3177323998,0,-1.221322743,4.404136542,-3.182813799
170.67,-64.99637933,0.05295508681,0.5959941248,0.3177323998,0,-1.221322743,4.404136542,-3.182813799
170.68,-64.99637933,0.05295508681,0.5959941248,0.3177323998,0,-1.221322743,4.404136542,-3.182813799
170.69,-64.99637933,0.05295508681,0.5959941248,0.3177323998,0,-1.221322743,4.404136542,-3.182813799
170.7,-64.99637933,0.05295508681,0.5959941248,0.3177323998,0,-1.221322743,4.404136542,-3.182813799
170.71,-64.99637933,0.05295508681,0.5959941248,0.3177323998,0,-1.221322743,4.404136542,-3.182813799
170.72,-64.99637933,0.05295508681,0.5959941248,0.3177323998,0,-1.221322743,4.404136542,-3.182813799
170.73,-64.99637933,0.05295508681,0.5959941248,0.3177323998,0,-1.221322743,4.404136542,-3.182813799
170.74,-64.99637933,0.05295508681,0.5959941248,0.3177323998,0,-1.221322743,4.404136542,-3.182813799
170.75,-64.99637933,0.05295508681,0.5959941248,0.3177323998,0,-1.221322743,4.404136542,-3.182813799
170.76,-64.99637933,0.05295508681,0.5959941248,0.3177323998,0,-1.221322743,4.404136542,-3.182813799
170.77,-64.99637933,0.05295508681,0.5959941248,0.3177323998,0,-1.221322743,4.404136542,-3.182813799
170.78,-64.99637933,0.05295508681,0.5959941248,0.3177323998,0,-1.221322743,4.404136542,-3.182813799
170.79,-64.99637933,0.05295508681,0.5959941248,0.3177323998,0,-1.221322743,4.404136542,-3.182813799
170.8,-64.99637933,0.05295508681,0.5959941248,0.3177323998,0,-1.221322743,4.404136542,-3.182813799
170.81,-64.99637933,0.05295508681,0.5959941248,0.3177323998,0,-1.221322743,4.404136542,-3.182813799
170.82,-64.99637933,0.05295508681,0.5959941248,0.3177323998,0,-1.221322743,4.404136542,-3.182813799
170.83,-64.99637933,0.05295508681,0.5959941248,0.3177323998,0,-1.221322743,4.404136542,-3.182813799
170.84,-64.99637933,0.05295508681,0.5959941248,0.3177323998,0,-1.221322743,4.404136542,-3.182813799
170.85,-64.99637933,0.05295508681,0.5959941248,0.3177323998,0,-1.221322743,4.404136542,-3.182813799
170.86,-64.99637933,0.05295508681,0.5959941248,0.3177323998,0,-1.221322743,4.404136542,-3.182813799
170.87,-64.99637933,0.05295508681,0.5959941248,0.3177323998,0,-1.221322743,4.404136542,-3.182813799
170.88,-64.99637933,0.05295508681,0.5959941248,0.3177323998,0,-1.221322743,4.404136542,-3.182813799
170.89,-64.99637933,0.05295508681,0.5959941248,0.3177323998,0,-1.221322743,4.404136542,-3.182813799
170.9,-64.99637933,0.05295508681,0.5959941248,0.3177323998,0,-1.221322743,4.404136542,-3.182813799
170.91,-64.99637933,0.05295508681,0.5959941248,0.3177323998,0,-1.221322743,4.404136542,-3.182813799
170.92,-64.99637933,0.05295508681,0.5959941248,0.3177323998,0,-1.221322743,4.404136542,-3.182813799
170.93,-64.99637933,0.05295508681,0.5959941248,0.3177323998,0,-1.221322743,4.404136542,-3.182813799
170.94,-64.99637933,0.05295508681,0.5959941248,0.3177323998,0,-1.221322743,4.404136542,-3.182813799
170.95,-64.99637933,0.05295508681,0.5959941248,0.3177323998,0,-1.221322743,4.404136542,-3.182813799
170.96,-64.99637933,0.05295508681,0.5959941248,0.3177323998,0,-1.221322743,4.404136542,-3.182813799
170.97,-64.99637933,0.05295508681,0.5959941248,0.3177323998,0,-1.221322743,4.404136542,-3.182813799
170.98,-64.99637933,0.05295508681,0.5959941248,0.3177323998,0,-1.221322743,4.404136542,-3.182813799
170.99,-64.99637933,0.05295508681,0.5959941248,0.3177323998,0,-1.221322743,4.404136542,-3.182813799
171,-64.99637933,0.05295508681,0.5959941248,0.3177323998,0,-1.221322743,4.404136542,-3.182813799
171.01,-64.99637933,0.05295508681,0.5959941248,0.3177323998,0,-1.221322743,4.404136542,-3.182813799
171.02,-64.99637933,0.05295508681,0.5959941248,0.3177323998,0,-1.221322743,4.404136542,-3.182813799
171.03,-64.99637933,0.05295508681,0.5959941248,0.3177323998,0,-1.221322743,4.404136542,-3.182813799
171.04,-64.99637933,0.05295508681,0.5959941248,0.3177323998,0,-1.221322743,4.404136542,-3.182813799
171.05,-64.99637933,0.05295508681,0.5959941248,0.3177323998,0,-1.221322743,4.404136542,-3.182813799
171.06,-64.99637933,0.05295508681,0.5959941248,0.3177323998,0,-1.221322743,4.404136542,-3.182813799
171.07,-64.99637933,0.05295508681,0.5959941248,0.3177323998,0,-1.221322743,4.404136542,-3.182813799
171.08,-64.99637933,0.05295508681,0.5959941248,0.3177323998,0,-1.221322743,4.404136542,-3.182813799
171.09,-64.99637933,0.05295508681,0.5959941248,0.3177323998,0,-1.221322743,4.404136542,-3.182813799
171.1,-64.99637933,0.05295508681,0.5959941248,0.3177323998,0,-1.221322743,4.404136542,-3.182813799
171.11,-64.99637933,0.05295508681,0.5959941248,0.3177323998,0,-1.221322743,4.404136542,-3.182813799
171.12,-64.99637933,0.05295508681,0.5959941248,0.3177323998,0,-1.221322743,4.404136542,-3.182813799
171.13,-64.99637933,0.05295508681,0.5959941248,0.3177323998,0,-1.221322743,4.404136542,-3.182813799
171.14,-64.99637933,0.05295508681,0.5959941248,0.3177323998,0,-1.221322743,4.404136542,-3.182813799
171.15,-64.99637933,0.05295508681,0.5959941248,0.3177323998,0,-1.221322743,4.404136542,-3.182813799
171.16,-64.99637933,0.05295508681,0.5959941248,0.3177323998,0,-1.221322743,4.404136542,-3.182813799
171.17,-64.99637933,0.05295508681,0.5959941248,0.3177323998,0,-1.221322743,4.404136542,-3.182813799
171.18,-64.99637933,0.05295508681,0.5959941248,0.3177323998,0,-1.221322743,4.404136542,-3.182813799
171.19,-64.99637933,0.05295508681,0.5959941248,0.3177323998,0,-1.221322743,4.404136542,-3.182813799
171.2,-64.99637933,0.05295508681,0.5959941248,0.3177323998,0,-1.221322743,4.404136542,-3.182813799
171.21,-64.99637933,0.05295508681,0.5959941248,0.3177323998,0,-1.221322743,4.404136542,-3.182813799
171.22,-64.99637933,0.05295508681,0.5959941248,0.3177323998,0,-1.221322743,4.404136542,-3.182813799
171.23,-64.99637933,0.05295508681,0.5959941248,0.3177323998,0,-1.221322743,4.404136542,-3.182813799
171.24,-64.99637933,0.05295508681,0.5959941248,0.3177323998,0,-1.221322743,4.404136542,-3.182813799
171.25,-64.99637933,0.05295508681,0.5959941248,0.3177323998,0,-1.221322743,4.404136542,-3.182813799
171.26,-64.99637933,0.05295508681,0.5959941248,0.3177323998,0,-1.221322743,4.404136542,-3.182813799
171.27,-64.99637933,0.05295508681,0.5959941248,0.3177323998,0,-1.221322743,4.404136542,-3.182813799
171.28,-64.99637933,0.05295508681,0.5959941248,0.3177323998,0,-1.221322743,4.404136542,-3.182813799
171.29,-64.99637933,0.05295508681,0.5959941248,0.3177323998,0,-1.221322743,4.404136542,-3.182813799
171.3,-64.99637933,0.05295508681,0.5959941248,0.3177323998,0,-1.221322743,4.404136542,-3.182813799
171.31,-64.99637933,0.05295508681,0.5959941248,0.3177323998,0,-1.221322743,4.404136542,-3.182813799
171.32,-64.99637933,0.05295508681,0.5959941248,0.3177323998,0,-1.221322743,4.404136542,-3.182813799
171.33,-64.99637933,0.05295508681,0.5959941248,0.3177323998,0,-1.221322743,4.404136542,-3.182813799
171.34,-64.99637933,0.05295508681,0.5959941248,0.3177323998,0,-1.221322743,4.404136542,-3.182813799
171.35,-64.99637933,0.05295508681,0.5959941248,0.3177323998,0,-1.221322743,4.404136542,-3.182813799
171.36,-64.99637933,0.05295508681,0.5959941248,0.3177323998,0,-1.221322743,4.404136542,-3.182813799
171.37,-64.99637933,0.05295508681,0.5959941248,0.3177323998,0,-1.221322743,4.404136542,-3.182813799
171.38,-64.99637933,0.05295508681,0.5959941248,0.3177323998,0,-1.221322743,4.404136542,-3.182813799
171.39,-64.99637933,0.05295508681,0.5959941248,0.3177323998,0,-1.221322743,4.404136542,-3.182813799
171.4,-64.99637933,0.05295508681,0.5959941248,0.3177323998,0,-1.221322743,4.404136542,-3.182813799
171.41,-64.99637933,0.05295508681,0.5959941248,0.3177323998,0,-1.221322743,4.404136542,-3.182813799
171.42,-64.99637933,0.05295508681,0.5959941248,0.3177323998,0,-1.221322743,4.404136542,-3.182813799
171.43,-64.99637933,0.05295508681,0.5959941248,0.3177323998,0,-1.221322743,4.404136542,-3.182813799
171.44,-64.99637933,0.05295508681,0.5959941248,0.3177323998,0,-1.221322743,4.404136542,-3.182813799
171.45,-64.99637933,0.05295508681,0.5959941248,0.3177323998,0,-1.221322743,4.404136542,-3.182813799
171.46,-64.99637933,0.05295508681,0.5959941248,0.3177323998,0,-1.221322743,4.404136542,-3.182813799
171.47,-64.99637933,0.05295508681,0.5959941248,0.3177323998,0,-1.221322743,4.404136542,-3.182813799
171.48,-64.99637933,0.05295508681,0.5959941248,0.3177323998,0,-1.221322743,4.404136542,-3.182813799
171.49,-64.99637933,0.05295508681,0.5959941248,0.3177323998,0,-1.221322743,4.404136542,-3.182813799
171.5,-64.99637933,0.05295508681,0.5959941248,0.3177323998,0,-1.221322743,4.404136542,-3.182813799
171.51,-64.99637933,0.05295508681,0.5959941248,0.3177323998,0,-1.221322743,4.404136542,-3.182813799
171.52,-64.99637933,0.05295508681,0.5959941248,0.3177323998,0,-1.221322743,4.404136542,-3.182813799
171.53,-64.99637933,0.05295508681,0.5959941248,0.3177323998,0,-1.221322743,4.404136542,-3.182813799
171.54,-64.99637933,0.05295508681,0.5959941248,0.3177323998,0,-1.221322743,4.404136542,-3.182813799
171.55,-64.99637933,0.05295508681,0.5959941248,0.3177323998,0,-1.221322743,4.404136542,-3.182813799
171.56,-64.99637933,0.05295508681,0.5959941248,0.3177323998,0,-1.221322743,4.404136542,-3.182813799
171.57,-64.99637933,0.05295508681,0.5959941248,0.3177323998,0,-1.221322743,4.404136542,-3.182813799
171.58,-64.99637933,0.05295508681,0.5959941248,0.3177323998,0,-1.221322743,4.404136542,-3.182813799
171.59,-64.99637933,0.05295508681,0.5959941248,0.3177323998,0,-1.221322743,4.404136542,-3.182813799
171.6,-64.99637933,0.05295508681,0.5959941248,0.3177323998,0,-1.221322743,4.404136542,-3.182813799
171.61,-64.99637933,0.05295508681,0.5959941248,0.3177323998,0,-1.221322743,4.404136542,-3.182813799
171.62,-64.99637933,0.05295508681,0.5959941248,0.3177323998,0,-1.221322743,4.404136542,-3.182813799
171.63,-64.99637933,0.05295508681,0.5959941248,0.3177323998,0,-1.221322743,4.404136542,-3.182813799
171.64,-64.99637933,0.05295508681,0.5959941248,0.3177323998,0,-1.221322743,4.404136542,-3.182813799
171.65,-64.99637933,0.05295508681,0.5959941248,0.3177323998,0,-1.221322743,4.404136542,-3.182813799
171.66,-64.99637933,0.05295508681,0.5959941248,0.3177323998,0,-1.221322743,4.404136542,-3.182813799
171.67,-64.99637933,0.05295508681,0.5959941248,0.3177323998,0,-1.221322743,4.404136542,-3.182813799
171.68,-64.99637933,0.05295508681,0.5959941248,0.3177323998,0,-1.221322743,4.404136542,-3.182813799
171.69,-64.99637933,0.05295508681,0.5959941248,0.3177323998,0,-1.221322743,4.404136542,-3.182813799
171.7,-64.99637933,0.05295508681,0.5959941248,0.3177323998,0,-1.221322743,4.404136542,-3.182813799
171.71,-64.99637933,0.05295508681,0.5959941248,0.3177323998,0,-1.221322743,4.404136542,-3.182813799
171.72,-64.99637933,0.05295508681,0.5959941248,0.3177323998,0,-1.221322743,4.404136542,-3.182813799
171.73,-64.99637933,0.05295508681,0.5959941248,0.3177323998,0,-1.221322743,4.404136542,-3.182813799
171.74,-64.99637933,0.05295508681,0.5959941248,0.3177323998,0,-1.221322743,4.404136542,-3.182813799
171.75,-64.99637933,0.05295508681,0.5959941248,0.3177323998,0,-1.221322743,4.404136542,-3.182813799
171.76,-64.99637933,0.05295508681,0.5959941248,0.3177323998,0,-1.221322743,4.404136542,-3.182813799
171.77,-64.99637933,0.05295508681,0.5959941248,0.3177323998,0,-1.221322743,4.404136542,-3.182813799
171.78,-64.99637933,0.05295508681,0.5959941248,0.3177323998,0,-1.221322743,4.404136542,-3.182813799
171.79,-64.99637933,0.05295508681,0.5959941248,0.3177323998,0,-1.221322743,4.404136542,-3.182813799
171.8,-64.99637933,0.05295508681,0.5959941248,0.3177323998,0,-1.221322743,4.404136542,-3.182813799
171.81,-64.99637933,0.05295508681,0.5959941248,0.3177323998,0,-1.221322743,4.404136542,-3.182813799
171.82,-64.99637933,0.05295508681,0.5959941248,0.3177323998,0,-1.221322743,4.404136542,-3.182813799
171.83,-64.99637933,0.05295508681,0.5959941248,0.3177323998,0,-1.221322743,4.404136542,-3.182813799
171.84,-64.99637933,0.05295508681,0.5959941248,0.3177323998,0,-1.221322743,4.404136542,-3.182813799
171.85,-64.99637933,0.05295508681,0.5959941248,0.3177323998,0,-1.221322743,4.404136542,-3.182813799
171.86,-64.99637933,0.05295508681,0.5959941248,0.3177323998,0,-1.221322743,4.404136542,-3.182813799
171.87,-64.99637933,0.05295508681,0.5959941248,0.3177323998,0,-1.221322743,4.404136542,-3.182813799
171.88,-64.99637933,0.05295508681,0.5959941248,0.3177323998,0,-1.221322743,4.404136542,-3.182813799
171.89,-64.99637933,0.05295508681,0.5959941248,0.3177323998,0,-1.221322743,4.404136542,-3.182813799
171.9,-64.99637933,0.05295508681,0.5959941248,0.3177323998,0,-1.221322743,4.404136542,-3.182813799
171.91,-64.99637933,0.05295508681,0.5959941248,0.3177323998,0,-1.221322743,4.404136542,-3.182813799
171.92,-64.99637933,0.05295508681,0.5959941248,0.3177323998,0,-1.221322743,4.404136542,-3.182813799
171.93,-64.99637933,0.05295508681,0.5959941248,0.3177323998,0,-1.221322743,4.404136542,-3.182813799
171.94,-64.99637933,0.05295508681,0.5959941248,0.3177323998,0,-1.221322743,4.404136542,-3.182813799
171.95,-64.99637933,0.05295508681,0.5959941248,0.3177323998,0,-1.221322743,4.404136542,-3.182813799
171.96,-64.99637933,0.05295508681,0.5959941248,0.3177323998,0,-1.221322743,4.404136542,-3.182813799
171.97,-64.99637933,0.05295508681,0.5959941248,0.3177323998,0,-1.221322743,4.404136542,-3.182813799
171.98,-64.99637933,0.05295508681,0.5959941248,0.3177323998,0,-1.221322743,4.404136542,-3.182813799
171.99,-64.99637933,0.05295508681,0.5959941248,0.3177323998,0,-1.221322743,4.404136542,-3.182813799
172,-64.99637933,0.05295508681,0.5959941248,0.3177323998,0,-1.221322743,4.404136542,-3.182813799
172.01,-64.99637933,0.05295508681,0.5959941248,0.3177323998,0,-1.221322743,4.404136542,-3.182813799
172.02,-64.99637933,0.05295508681,0.5959941248,0.3177323998,0,-1.221322743,4.404136542,-3.182813799
172.03,-64.99637933,0.05295508681,0.5959941248,0.3177323998,0,-1.221322743,4.404136542,-3.182813799
172.04,-64.99637933,0.05295508681,0.5959941248,0.3177323998,0,-1.221322743,4.404136542,-3.182813799
172.05,-64.99637933,0.05295508681,0.5959941248,0.3177323998,0,-1.221322743,4.404136542,-3.182813799
172.06,-64.99637933,0.05295508681,0.5959941248,0.3177323998,0,-1.221322743,4.404136542,-3.182813799
172.07,-64.99637933,0.05295508681,0.5959941248,0.3177323998,0,-1.221322743,4.404136542,-3.182813799
172.08,-64.99637933,0.05295508681,0.5959941248,0.3177323998,0,-1.221322743,4.404136542,-3.182813799
172.09,-64.99637933,0.05295508681,0.5959941248,0.3177323998,0,-1.221322743,4.404136542,-3.182813799
172.1,-64.99637933,0.05295508681,0.5959941248,0.3177323998,0,-1.221322743,4.404136542,-3.182813799
172.11,-64.99637933,0.05295508681,0.5959941248,0.3177323998,0,-1.221322743,4.404136542,-3.182813799
172.12,-64.99637933,0.05295508681,0.5959941248,0.3177323998,0,-1.221322743,4.404136542,-3.182813799
172.13,-64.99637933,0.05295508681,0.5959941248,0.3177323998,0,-1.221322743,4.404136542,-3.182813799
172.14,-64.99637933,0.05295508681,0.5959941248,0.3177323998,0,-1.221322743,4.404136542,-3.182813799
172.15,-64.99637933,0.05295508681,0.5959941248,0.3177323998,0,-1.221322743,4.404136542,-3.182813799
172.16,-64.99637933,0.05295508681,0.5959941248,0.3177323998,0,-1.221322743,4.404136542,-3.182813799
172.17,-64.99637933,0.05295508681,0.5959941248,0.3177323998,0,-1.221322743,4.404136542,-3.182813799
172.18,-64.99637933,0.05295508681,0.5959941248,0.3177323998,0,-1.221322743,4.404136542,-3.182813799
172.19,-64.99637933,0.05295508681,0.5959941248,0.3177323998,0,-1.221322743,4.404136542,-3.182813799
172.2,-64.99637933,0.05295508681,0.5959941248,0.3177323998,0,-1.221322743,4.404136542,-3.182813799
172.21,-64.99637933,0.05295508681,0.5959941248,0.3177323998,0,-1.221322743,4.404136542,-3.182813799
172.22,-64.99637933,0.05295508681,0.5959941248,0.3177323998,0,-1.221322743,4.404136542,-3.182813799
172.23,-64.99637933,0.05295508681,0.5959941248,0.3177323998,0,-1.221322743,4.404136542,-3.182813799
172.24,-64.99637933,0.05295508681,0.5959941248,0.3177323998,0,-1.221322743,4.404136542,-3.182813799
172.25,-64.99637933,0.05295508681,0.5959941248,0.3177323998,0,-1.221322743,4.404136542,-3.182813799
172.26,-64.99637933,0.05295508681,0.5959941248,0.3177323998,0,-1.221322743,4.404136542,-3.182813799
172.27,-64.99637933,0.05295508681,0.5959941248,0.3177323998,0,-1.221322743,4.404136542,-3.182813799
172.28,-64.99637933,0.05295508681,0.5959941248,0.3177323998,0,-1.221322743,4.404136542,-3.182813799
172.29,-64.99637933,0.05295508681,0.5959941248,0.3177323998,0,-1.221322743,4.404136542,-3.182813799
172.3,-64.99637933,0.05295508681,0.5959941248,0.3177323998,0,-1.221322743,4.404136542,-3.182813799
172.31,-64.99637933,0.05295508681,0.5959941248,0.3177323998,0,-1.221322743,4.404136542,-3.182813799
172.32,-64.99637933,0.05295508681,0.5959941248,0.3177323998,0,-1.221322743,4.404136542,-3.182813799
172.33,-64.99637933,0.05295508681,0.5959941248,0.3177323998,0,-1.221322743,4.404136542,-3.182813799
172.34,-64.99637933,0.05295508681,0.5959941248,0.3177323998,0,-1.221322743,4.404136542,-3.182813799
172.35,-64.99637933,0.05295508681,0.5959941248,0.3177323998,0,-1.221322743,4.404136542,-3.182813799
172.36,-64.99637933,0.05295508681,0.5959941248,0.3177323998,0,-1.221322743,4.404136542,-3.182813799
172.37,-64.99637933,0.05295508681,0.5959941248,0.3177323998,0,-1.221322743,4.404136542,-3.182813799
172.38,-64.99637933,0.05295508681,0.5959941248,0.3177323998,0,-1.221322743,4.404136542,-3.182813799
172.39,-64.99637933,0.05295508681,0.5959941248,0.3177323998,0,-1.221322743,4.404136542,-3.182813799
172.4,-64.99637933,0.05295508681,0.5959941248,0.3177323998,0,-1.221322743,4.404136542,-3.182813799
172.41,-64.99637933,0.05295508681,0.5959941248,0.3177323998,0,-1.221322743,4.404136542,-3.182813799
172.42,-64.99637933,0.05295508681,0.5959941248,0.3177323998,0,-1.221322743,4.404136542,-3.182813799
172.43,-64.99637933,0.05295508681,0.5959941248,0.3177323998,0,-1.221322743,4.404136542,-3.182813799
172.44,-64.99637933,0.05295508681,0.5959941248,0.3177323998,0,-1.221322743,4.404136542,-3.182813799
172.45,-64.99637933,0.05295508681,0.5959941248,0.3177323998,0,-1.221322743,4.404136542,-3.182813799
172.46,-64.99637933,0.05295508681,0.5959941248,0.3177323998,0,-1.221322743,4.404136542,-3.182813799
172.47,-64.99637933,0.05295508681,0.5959941248,0.3177323998,0,-1.221322743,4.404136542,-3.182813799
172.48,-64.99637933,0.05295508681,0.5959941248,0.3177323998,0,-1.221322743,4.404136542,-3.182813799
172.49,-64.99637933,0.05295508681,0.5959941248,0.3177323998,0,-1.221322743,4.404136542,-3.182813799
172.5,-64.99637933,0.05295508681,0.5959941248,0.3177323998,0,-1.221322743,4.404136542,-3.182813799
172.51,-64.99637933,0.05295508681,0.5959941248,0.3177323998,0,-1.221322743,4.404136542,-3.182813799
172.52,-64.99637933,0.05295508681,0.5959941248,0.3177323998,0,-1.221322743,4.404136542,-3.182813799
172.53,-64.99637933,0.05295508681,0.5959941248,0.3177323998,0,-1.221322743,4.404136542,-3.182813799
172.54,-64.99637933,0.05295508681,0.5959941248,0.3177323998,0,-1.221322743,4.404136542,-3.182813799
172.55,-64.99637933,0.05295508681,0.5959941248,0.3177323998,0,-1.221322743,4.404136542,-3.182813799
172.56,-64.99637933,0.05295508681,0.5959941248,0.3177323998,0,-1.221322743,4.404136542,-3.182813799
172.57,-64.99637933,0.05295508681,0.5959941248,0.3177323998,0,-1.221322743,4.404136542,-3.182813799
172.58,-64.99637933,0.05295508681,0.5959941248,0.3177323998,0,-1.221322743,4.404136542,-3.182813799
172.59,-64.99637933,0.05295508681,0.5959941248,0.3177323998,0,-1.221322743,4.404136542,-3.182813799
172.6,-64.99637933,0.05295508681,0.5959941248,0.3177323998,0,-1.221322743,4.404136542,-3.182813799
172.61,-64.99637933,0.05295508681,0.5959941248,0.3177323998,0,-1.221322743,4.404136542,-3.182813799
172.62,-64.99637933,0.05295508681,0.5959941248,0.3177323998,0,-1.221322743,4.404136542,-3.182813799
172.63,-64.99637933,0.05295508681,0.5959941248,0.3177323998,0,-1.221322743,4.404136542,-3.182813799
172.64,-64.99637933,0.05295508681,0.5959941248,0.3177323998,0,-1.221322743,4.404136542,-3.182813799
172.65,-64.99637933,0.05295508681,0.5959941248,0.3177323998,0,-1.221322743,4.404136542,-3.182813799
172.66,-64.99637933,0.05295508681,0.5959941248,0.3177323998,0,-1.221322743,4.404136542,-3.182813799
172.67,-64.99637933,0.05295508681,0.5959941248,0.3177323998,0,-1.221322743,4.404136542,-3.182813799
172.68,-64.99637933,0.05295508681,0.5959941248,0.3177323998,0,-1.221322743,4.404136542,-3.182813799
172.69,-64.99637933,0.05295508681,0.5959941248,0.3177323998,0,-1.221322743,4.404136542,-3.182813799
172.7,-64.99637933,0.05295508681,0.5959941248,0.3177323998,0,-1.221322743,4.404136542,-3.182813799
172.71,-64.99637933,0.05295508681,0.5959941248,0.3177323998,0,-1.221322743,4.404136542,-3.182813799
172.72,-64.99637933,0.05295508681,0.5959941248,0.3177323998,0,-1.221322743,4.404136542,-3.182813799
172.73,-64.99637933,0.05295508681,0.5959941248,0.3177323998,0,-1.221322743,4.404136542,-3.182813799
172.74,-64.99637933,0.05295508681,0.5959941248,0.3177323998,0,-1.221322743,4.404136542,-3.182813799
172.75,-64.99637933,0.05295508681,0.5959941248,0.3177323998,0,-1.221322743,4.404136542,-3.182813799
172.76,-64.99637933,0.05295508681,0.5959941248,0.3177323998,0,-1.221322743,4.404136542,-3.182813799
172.77,-64.99637933,0.05295508681,0.5959941248,0.3177323998,0,-1.221322743,4.404136542,-3.182813799
172.78,-64.99637933,0.05295508681,0.5959941248,0.3177323998,0,-1.221322743,4.404136542,-3.182813799
172.79,-64.99637933,0.05295508681,0.5959941248,0.3177323998,0,-1.221322743,4.404136542,-3.182813799
172.8,-64.99637933,0.05295508681,0.5959941248,0.3177323998,0,-1.221322743,4.404136542,-3.182813799
172.81,-64.99637933,0.05295508681,0.5959941248,0.3177323998,0,-1.221322743,4.404136542,-3.182813799
172.82,-64.99637933,0.05295508681,0.5959941248,0.3177323998,0,-1.221322743,4.404136542,-3.182813799
172.83,-64.99637933,0.05295508681,0.5959941248,0.3177323998,0,-1.221322743,4.404136542,-3.182813799
172.84,-64.99637933,0.05295508681,0.5959941248,0.3177323998,0,-1.221322743,4.404136542,-3.182813799
172.85,-64.99637933,0.05295508681,0.5959941248,0.3177323998,0,-1.221322743,4.404136542,-3.182813799
172.86,-64.99637933,0.05295508681,0.5959941248,0.3177323998,0,-1.221322743,4.404136542,-3.182813799
172.87,-64.99637933,0.05295508681,0.5959941248,0.3177323998,0,-1.221322743,4.404136542,-3.182813799
172.88,-64.99637933,0.05295508681,0.5959941248,0.3177323998,0,-1.221322743,4.404136542,-3.182813799
172.89,-64.99637933,0.05295508681,0.5959941248,0.3177323998,0,-1.221322743,4.404136542,-3.182813799
172.9,-64.99637933,0.05295508681,0.5959941248,0.3177323998,0,-1.221322743,4.404136542,-3.182813799
172.91,-64.99637933,0.05295508681,0.5959941248,0.3177323998,0,-1.221322743,4.404136542,-3.182813799
172.92,-64.99637933,0.05295508681,0.5959941248,0.3177323998,0,-1.221322743,4.404136542,-3.182813799
172.93,-64.99637933,0.05295508681,0.5959941248,0.3177323998,0,-1.221322743,4.404136542,-3.182813799
172.94,-64.99637933,0.05295508681,0.5959941248,0.3177323998,0,-1.221322743,4.404136542,-3.182813799
172.95,-64.99637933,0.05295508681,0.5959941248,0.3177323998,0,-1.221322743,4.404136542,-3.182813799
172.96,-64.99637933,0.05295508681,0.5959941248,0.3177323998,0,-1.221322743,4.404136542,-3.182813799
172.97,-64.99637933,0.05295508681,0.5959941248,0.3177323998,0,-1.221322743,4.404136542,-3.182813799
172.98,-64.99637933,0.05295508681,0.5959941248,0.3177323998,0,-1.221322743,4.404136542,-3.182813799
172.99,-64.99637933,0.05295508681,0.5959941248,0.3177323998,0,-1.221322743,4.404136542,-3.182813799
173,-64.99637933,0.05295508681,0.5959941248,0.3177323998,0,-1.221322743,4.404136542,-3.182813799
173.01,-64.99637933,0.05295508681,0.5959941248,0.3177323998,0,-1.221322743,4.404136542,-3.182813799
173.02,-64.99637933,0.05295508681,0.5959941248,0.3177323998,0,-1.221322743,4.404136542,-3.182813799
173.03,-64.99637933,0.05295508681,0.5959941248,0.3177323998,0,-1.221322743,4.404136542,-3.182813799
173.04,-64.99637933,0.05295508681,0.5959941248,0.3177323998,0,-1.221322743,4.404136542,-3.182813799
173.05,-64.99637933,0.05295508681,0.5959941248,0.3177323998,0,-1.221322743,4.404136542,-3.182813799
173.06,-64.99637933,0.05295508681,0.5959941248,0.3177323998,0,-1.221322743,4.404136542,-3.182813799
173.07,-64.99637933,0.05295508681,0.5959941248,0.3177323998,0,-1.221322743,4.404136542,-3.182813799
173.08,-64.99637933,0.05295508681,0.5959941248,0.3177323998,0,-1.221322743,4.404136542,-3.182813799
173.09,-64.99637933,0.05295508681,0.5959941248,0.3177323998,0,-1.221322743,4.404136542,-3.182813799
173.1,-64.99637933,0.05295508681,0.5959941248,0.3177323998,0,-1.221322743,4.404136542,-3.182813799
173.11,-64.99637933,0.05295508681,0.5959941248,0.3177323998,0,-1.221322743,4.404136542,-3.182813799
173.12,-64.99637933,0.05295508681,0.5959941248,0.3177323998,0,-1.221322743,4.404136542,-3.182813799
173.13,-64.99637933,0.05295508681,0.5959941248,0.3177323998,0,-1.221322743,4.404136542,-3.182813799
173.14,-64.99637933,0.05295508681,0.5959941248,0.3177323998,0,-1.221322743,4.404136542,-3.182813799
173.15,-64.99637933,0.05295508681,0.5959941248,0.3177323998,0,-1.221322743,4.404136542,-3.182813799
173.16,-64.99637933,0.05295508681,0.5959941248,0.3177323998,0,-1.221322743,4.404136542,-3.182813799
173.17,-64.99637933,0.05295508681,0.5959941248,0.3177323998,0,-1.221322743,4.404136542,-3.182813799
173.18,-64.99637933,0.05295508681,0.5959941248,0.3177323998,0,-1.221322743,4.404136542,-3.182813799
173.19,-64.99637933,0.05295508681,0.5959941248,0.3177323998,0,-1.221322743,4.404136542,-3.182813799
173.2,-64.99637933,0.05295508681,0.5959941248,0.3177323998,0,-1.221322743,4.404136542,-3.182813799
173.21,-64.99637933,0.05295508681,0.5959941248,0.3177323998,0,-1.221322743,4.404136542,-3.182813799
173.22,-64.99637933,0.05295508681,0.5959941248,0.3177323998,0,-1.221322743,4.404136542,-3.182813799
173.23,-64.99637933,0.05295508681,0.5959941248,0.3177323998,0,-1.221322743,4.404136542,-3.182813799
173.24,-64.99637933,0.05295508681,0.5959941248,0.3177323998,0,-1.221322743,4.404136542,-3.182813799
173.25,-64.99637933,0.05295508681,0.5959941248,0.3177323998,0,-1.221322743,4.404136542,-3.182813799
173.26,-64.99637933,0.05295508681,0.5959941248,0.3177323998,0,-1.221322743,4.404136542,-3.182813799
173.27,-64.99637933,0.05295508681,0.5959941248,0.3177323998,0,-1.221322743,4.404136542,-3.182813799
173.28,-64.99637933,0.05295508681,0.5959941248,0.3177323998,0,-1.221322743,4.404136542,-3.182813799
173.29,-64.99637933,0.05295508681,0.5959941248,0.3177323998,0,-1.221322743,4.404136542,-3.182813799
173.3,-64.99637933,0.05295508681,0.5959941248,0.3177323998,0,-1.221322743,4.404136542,-3.182813799
173.31,-64.99637933,0.05295508681,0.5959941248,0.3177323998,0,-1.221322743,4.404136542,-3.182813799
173.32,-64.99637933,0.05295508681,0.5959941248,0.3177323998,0,-1.221322743,4.404136542,-3.182813799
173.33,-64.99637933,0.05295508681,0.5959941248,0.3177323998,0,-1.221322743,4.404136542,-3.182813799
173.34,-64.99637933,0.05295508681,0.5959941248,0.3177323998,0,-1.221322743,4.404136542,-3.182813799
173.35,-64.99637933,0.05295508681,0.5959941248,0.3177323998,0,-1.221322743,4.404136542,-3.182813799
173.36,-64.99637933,0.05295508681,0.5959941248,0.3177323998,0,-1.221322743,4.404136542,-3.182813799
173.37,-64.99637933,0.05295508681,0.5959941248,0.3177323998,0,-1.221322743,4.404136542,-3.182813799
173.38,-64.99637933,0.05295508681,0.5959941248,0.3177323998,0,-1.221322743,4.404136542,-3.182813799
173.39,-64.99637933,0.05295508681,0.5959941248,0.3177323998,0,-1.221322743,4.404136542,-3.182813799
173.4,-64.99637933,0.05295508681,0.5959941248,0.3177323998,0,-1.221322743,4.404136542,-3.182813799
173.41,-64.99637933,0.05295508681,0.5959941248,0.3177323998,0,-1.221322743,4.404136542,-3.182813799
173.42,-64.99637933,0.05295508681,0.5959941248,0.3177323998,0,-1.221322743,4.404136542,-3.182813799
173.43,-64.99637933,0.05295508681,0.5959941248,0.3177323998,0,-1.221322743,4.404136542,-3.182813799
173.44,-64.99637933,0.05295508681,0.5959941248,0.3177323998,0,-1.221322743,4.404136542,-3.182813799
173.45,-64.99637933,0.05295508681,0.5959941248,0.3177323998,0,-1.221322743,4.404136542,-3.182813799
173.46,-64.99637933,0.05295508681,0.5959941248,0.3177323998,0,-1.221322743,4.404136542,-3.182813799
173.47,-64.99637933,0.05295508681,0.5959941248,0.3177323998,0,-1.221322743,4.404136542,-3.182813799
173.48,-64.99637933,0.05295508681,0.5959941248,0.3177323998,0,-1.221322743,4.404136542,-3.182813799
173.49,-64.99637933,0.05295508681,0.5959941248,0.3177323998,0,-1.221322743,4.404136542,-3.182813799
173.5,-64.99637933,0.05295508681,0.5959941248,0.3177323998,0,-1.221322743,4.404136542,-3.182813799
173.51,-64.99637933,0.05295508681,0.5959941248,0.3177323998,0,-1.221322743,4.404136542,-3.182813799
173.52,-64.99637933,0.05295508681,0.5959941248,0.3177323998,0,-1.221322743,4.404136542,-3.182813799
173.53,-64.99637933,0.05295508681,0.5959941248,0.3177323998,0,-1.221322743,4.404136542,-3.182813799
173.54,-64.99637933,0.05295508681,0.5959941248,0.3177323998,0,-1.221322743,4.404136542,-3.182813799
173.55,-64.99637933,0.05295508681,0.5959941248,0.3177323998,0,-1.221322743,4.404136542,-3.182813799
173.56,-64.99637933,0.05295508681,0.5959941248,0.3177323998,0,-1.221322743,4.404136542,-3.182813799
173.57,-64.99637933,0.05295508681,0.5959941248,0.3177323998,0,-1.221322743,4.404136542,-3.182813799
173.58,-64.99637933,0.05295508681,0.5959941248,0.3177323998,0,-1.221322743,4.404136542,-3.182813799
173.59,-64.99637933,0.05295508681,0.5959941248,0.3177323998,0,-1.221322743,4.404136542,-3.182813799
173.6,-64.99637933,0.05295508681,0.5959941248,0.3177323998,0,-1.221322743,4.404136542,-3.182813799
173.61,-64.99637933,0.05295508681,0.5959941248,0.3177323998,0,-1.221322743,4.404136542,-3.182813799
173.62,-64.99637933,0.05295508681,0.5959941248,0.3177323998,0,-1.221322743,4.404136542,-3.182813799
173.63,-64.99637933,0.05295508681,0.5959941248,0.3177323998,0,-1.221322743,4.404136542,-3.182813799
173.64,-64.99637933,0.05295508681,0.5959941248,0.3177323998,0,-1.221322743,4.404136542,-3.182813799
173.65,-64.99637933,0.05295508681,0.5959941248,0.3177323998,0,-1.221322743,4.404136542,-3.182813799
173.66,-64.99637933,0.05295508681,0.5959941248,0.3177323998,0,-1.221322743,4.404136542,-3.182813799
173.67,-64.99637933,0.05295508681,0.5959941248,0.3177323998,0,-1.221322743,4.404136542,-3.182813799
173.68,-64.99637933,0.05295508681,0.5959941248,0.3177323998,0,-1.221322743,4.404136542,-3.182813799
173.69,-64.99637933,0.05295508681,0.5959941248,0.3177323998,0,-1.221322743,4.404136542,-3.182813799
173.7,-64.99637933,0.05295508681,0.5959941248,0.3177323998,0,-1.221322743,4.404136542,-3.182813799
173.71,-64.99637933,0.05295508681,0.5959941248,0.3177323998,0,-1.221322743,4.404136542,-3.182813799
173.72,-64.99637933,0.05295508681,0.5959941248,0.3177323998,0,-1.221322743,4.404136542,-3.182813799
173.73,-64.99637933,0.05295508681,0.5959941248,0.3177323998,0,-1.221322743,4.404136542,-3.182813799
173.74,-64.99637933,0.05295508681,0.5959941248,0.3177323998,0,-1.221322743,4.404136542,-3.182813799
173.75,-64.99637933,0.05295508681,0.5959941248,0.3177323998,0,-1.221322743,4.404136542,-3.182813799
173.76,-64.99637933,0.05295508681,0.5959941248,0.3177323998,0,-1.221322743,4.404136542,-3.182813799
173.77,-64.99637933,0.05295508681,0.5959941248,0.3177323998,0,-1.221322743,4.404136542,-3.182813799
173.78,-64.99637933,0.05295508681,0.5959941248,0.3177323998,0,-1.221322743,4.404136542,-3.182813799
173.79,-64.99637933,0.05295508681,0.5959941248,0.3177323998,0,-1.221322743,4.404136542,-3.182813799
173.8,-64.99637933,0.05295508681,0.5959941248,0.3177323998,0,-1.221322743,4.404136542,-3.182813799
173.81,-64.99637933,0.05295508681,0.5959941248,0.3177323998,0,-1.221322743,4.404136542,-3.182813799
173.82,-64.99637933,0.05295508681,0.5959941248,0.3177323998,0,-1.221322743,4.404136542,-3.182813799
173.83,-64.99637933,0.05295508681,0.5959941248,0.3177323998,0,-1.221322743,4.404136542,-3.182813799
173.84,-64.99637933,0.05295508681,0.5959941248,0.3177323998,0,-1.221322743,4.404136542,-3.182813799
173.85,-64.99637933,0.05295508681,0.5959941248,0.3177323998,0,-1.221322743,4.404136542,-3.182813799
173.86,-64.99637933,0.05295508681,0.5959941248,0.3177323998,0,-1.221322743,4.404136542,-3.182813799
173.87,-64.99637933,0.05295508681,0.5959941248,0.3177323998,0,-1.221322743,4.404136542,-3.182813799
173.88,-64.99637933,0.05295508681,0.5959941248,0.3177323998,0,-1.221322743,4.404136542,-3.182813799
173.89,-64.99637933,0.05295508681,0.5959941248,0.3177323998,0,-1.221322743,4.404136542,-3.182813799
173.9,-64.99637933,0.05295508681,0.5959941248,0.3177323998,0,-1.221322743,4.404136542,-3.182813799
173.91,-64.99637933,0.05295508681,0.5959941248,0.3177323998,0,-1.221322743,4.404136542,-3.182813799
173.92,-64.99637933,0.05295508681,0.5959941248,0.3177323998,0,-1.221322743,4.404136542,-3.182813799
173.93,-64.99637933,0.05295508681,0.5959941248,0.3177323998,0,-1.221322743,4.404136542,-3.182813799
173.94,-64.99637933,0.05295508681,0.5959941248,0.3177323998,0,-1.221322743,4.404136542,-3.182813799
173.95,-64.99637933,0.05295508681,0.5959941248,0.3177323998,0,-1.221322743,4.404136542,-3.182813799
173.96,-64.99637933,0.05295508681,0.5959941248,0.3177323998,0,-1.221322743,4.404136542,-3.182813799
173.97,-64.99637933,0.05295508681,0.5959941248,0.3177323998,0,-1.221322743,4.404136542,-3.182813799
173.98,-64.99637933,0.05295508681,0.5959941248,0.3177323998,0,-1.221322743,4.404136542,-3.182813799
173.99,-64.99637933,0.05295508681,0.5959941248,0.3177323998,0,-1.221322743,4.404136542,-3.182813799
174,-64.99637933,0.05295508681,0.5959941248,0.3177323998,0,-1.221322743,4.404136542,-3.182813799
174.01,-64.99637933,0.05295508681,0.5959941248,0.3177323998,0,-1.221322743,4.404136542,-3.182813799
174.02,-64.99637933,0.05295508681,0.5959941248,0.3177323998,0,-1.221322743,4.404136542,-3.182813799
174.03,-64.99637933,0.05295508681,0.5959941248,0.3177323998,0,-1.221322743,4.404136542,-3.182813799
174.04,-64.99637933,0.05295508681,0.5959941248,0.3177323998,0,-1.221322743,4.404136542,-3.182813799
174.05,-64.99637933,0.05295508681,0.5959941248,0.3177323998,0,-1.221322743,4.404136542,-3.182813799
174.06,-64.99637933,0.05295508681,0.5959941248,0.3177323998,0,-1.221322743,4.404136542,-3.182813799
174.07,-64.99637933,0.05295508681,0.5959941248,0.3177323998,0,-1.221322743,4.404136542,-3.182813799
174.08,-64.99637933,0.05295508681,0.5959941248,0.3177323998,0,-1.221322743,4.404136542,-3.182813799
174.09,-64.99637933,0.05295508681,0.5959941248,0.3177323998,0,-1.221322743,4.404136542,-3.182813799
174.1,-64.99637933,0.05295508681,0.5959941248,0.3177323998,0,-1.221322743,4.404136542,-3.182813799
174.11,-64.99637933,0.05295508681,0.5959941248,0.3177323998,0,-1.221322743,4.404136542,-3.182813799
174.12,-64.99637933,0.05295508681,0.5959941248,0.3177323998,0,-1.221322743,4.404136542,-3.182813799
174.13,-64.99637933,0.05295508681,0.5959941248,0.3177323998,0,-1.221322743,4.404136542,-3.182813799
174.14,-64.99637933,0.05295508681,0.5959941248,0.3177323998,0,-1.221322743,4.404136542,-3.182813799
174.15,-64.99637933,0.05295508681,0.5959941248,0.3177323998,0,-1.221322743,4.404136542,-3.182813799
174.16,-64.99637933,0.05295508681,0.5959941248,0.3177323998,0,-1.221322743,4.404136542,-3.182813799
174.17,-64.99637933,0.05295508681,0.5959941248,0.3177323998,0,-1.221322743,4.404136542,-3.182813799
174.18,-64.99637933,0.05295508681,0.5959941248,0.3177323998,0,-1.221322743,4.404136542,-3.182813799
174.19,-64.99637933,0.05295508681,0.5959941248,0.3177323998,0,-1.221322743,4.404136542,-3.182813799
174.2,-64.99637933,0.05295508681,0.5959941248,0.3177323998,0,-1.221322743,4.404136542,-3.182813799
174.21,-64.99637933,0.05295508681,0.5959941248,0.3177323998,0,-1.221322743,4.404136542,-3.182813799
174.22,-64.99637933,0.05295508681,0.5959941248,0.3177323998,0,-1.221322743,4.404136542,-3.182813799
174.23,-64.99637933,0.05295508681,0.5959941248,0.3177323998,0,-1.221322743,4.404136542,-3.182813799
174.24,-64.99637933,0.05295508681,0.5959941248,0.3177323998,0,-1.221322743,4.404136542,-3.182813799
174.25,-64.99637933,0.05295508681,0.5959941248,0.3177323998,0,-1.221322743,4.404136542,-3.182813799
174.26,-64.99637933,0.05295508681,0.5959941248,0.3177323998,0,-1.221322743,4.404136542,-3.182813799
174.27,-64.99637933,0.05295508681,0.5959941248,0.3177323998,0,-1.221322743,4.404136542,-3.182813799
174.28,-64.99637933,0.05295508681,0.5959941248,0.3177323998,0,-1.221322743,4.404136542,-3.182813799
174.29,-64.99637933,0.05295508681,0.5959941248,0.3177323998,0,-1.221322743,4.404136542,-3.182813799
174.3,-64.99637933,0.05295508681,0.5959941248,0.3177323998,0,-1.221322743,4.404136542,-3.182813799
174.31,-64.99637933,0.05295508681,0.5959941248,0.3177323998,0,-1.221322743,4.404136542,-3.182813799
174.32,-64.99637933,0.05295508681,0.5959941248,0.3177323998,0,-1.221322743,4.404136542,-3.182813799
174.33,-64.99637933,0.05295508681,0.5959941248,0.3177323998,0,-1.221322743,4.404136542,-3.182813799
174.34,-64.99637933,0.05295508681,0.5959941248,0.3177323998,0,-1.221322743,4.404136542,-3.182813799
174.35,-64.99637933,0.05295508681,0.5959941248,0.3177323998,0,-1.221322743,4.404136542,-3.182813799
174.36,-64.99637933,0.05295508681,0.5959941248,0.3177323998,0,-1.221322743,4.404136542,-3.182813799
174.37,-64.99637933,0.05295508681,0.5959941248,0.3177323998,0,-1.221322743,4.404136542,-3.182813799
174.38,-64.99637933,0.05295508681,0.5959941248,0.3177323998,0,-1.221322743,4.404136542,-3.182813799
174.39,-64.99637933,0.05295508681,0.5959941248,0.3177323998,0,-1.221322743,4.404136542,-3.182813799
174.4,-64.99637933,0.05295508681,0.5959941248,0.3177323998,0,-1.221322743,4.404136542,-3.182813799
174.41,-64.99637933,0.05295508681,0.5959941248,0.3177323998,0,-1.221322743,4.404136542,-3.182813799
174.42,-64.99637933,0.05295508681,0.5959941248,0.3177323998,0,-1.221322743,4.404136542,-3.182813799
174.43,-64.99637933,0.05295508681,0.5959941248,0.3177323998,0,-1.221322743,4.404136542,-3.182813799
174.44,-64.99637933,0.05295508681,0.5959941248,0.3177323998,0,-1.221322743,4.404136542,-3.182813799
174.45,-64.99637933,0.05295508681,0.5959941248,0.3177323998,0,-1.221322743,4.404136542,-3.182813799
174.46,-64.99637933,0.05295508681,0.5959941248,0.3177323998,0,-1.221322743,4.404136542,-3.182813799
174.47,-64.99637933,0.05295508681,0.5959941248,0.3177323998,0,-1.221322743,4.404136542,-3.182813799
174.48,-64.99637933,0.05295508681,0.5959941248,0.3177323998,0,-1.221322743,4.404136542,-3.182813799
174.49,-64.99637933,0.05295508681,0.5959941248,0.3177323998,0,-1.221322743,4.404136542,-3.182813799
174.5,-64.99637933,0.05295508681,0.5959941248,0.3177323998,0,-1.221322743,4.404136542,-3.182813799
174.51,-64.99637933,0.05295508681,0.5959941248,0.3177323998,0,-1.221322743,4.404136542,-3.182813799
174.52,-64.99637933,0.05295508681,0.5959941248,0.3177323998,0,-1.221322743,4.404136542,-3.182813799
174.53,-64.99637933,0.05295508681,0.5959941248,0.3177323998,0,-1.221322743,4.404136542,-3.182813799
174.54,-64.99637933,0.05295508681,0.5959941248,0.3177323998,0,-1.221322743,4.404136542,-3.182813799
174.55,-64.99637933,0.05295508681,0.5959941248,0.3177323998,0,-1.221322743,4.404136542,-3.182813799
174.56,-64.99637933,0.05295508681,0.5959941248,0.3177323998,0,-1.221322743,4.404136542,-3.182813799
174.57,-64.99637933,0.05295508681,0.5959941248,0.3177323998,0,-1.221322743,4.404136542,-3.182813799
174.58,-64.99637933,0.05295508681,0.5959941248,0.3177323998,0,-1.221322743,4.404136542,-3.182813799
174.59,-64.99637933,0.05295508681,0.5959941248,0.3177323998,0,-1.221322743,4.404136542,-3.182813799
174.6,-64.99637933,0.05295508681,0.5959941248,0.3177323998,0,-1.221322743,4.404136542,-3.182813799
174.61,-64.99637933,0.05295508681,0.5959941248,0.3177323998,0,-1.221322743,4.404136542,-3.182813799
174.62,-64.99637933,0.05295508681,0.5959941248,0.3177323998,0,-1.221322743,4.404136542,-3.182813799
174.63,-64.99637933,0.05295508681,0.5959941248,0.3177323998,0,-1.221322743,4.404136542,-3.182813799
174.64,-64.99637933,0.05295508681,0.5959941248,0.3177323998,0,-1.221322743,4.404136542,-3.182813799
174.65,-64.99637933,0.05295508681,0.5959941248,0.3177323998,0,-1.221322743,4.404136542,-3.182813799
174.66,-64.99637933,0.05295508681,0.5959941248,0.3177323998,0,-1.221322743,4.404136542,-3.182813799
174.67,-64.99637933,0.05295508681,0.5959941248,0.3177323998,0,-1.221322743,4.404136542,-3.182813799
174.68,-64.99637933,0.05295508681,0.5959941248,0.3177323998,0,-1.221322743,4.404136542,-3.182813799
174.69,-64.99637933,0.05295508681,0.5959941248,0.3177323998,0,-1.221322743,4.404136542,-3.182813799
174.7,-64.99637933,0.05295508681,0.5959941248,0.3177323998,0,-1.221322743,4.404136542,-3.182813799
174.71,-64.99637933,0.05295508681,0.5959941248,0.3177323998,0,-1.221322743,4.404136542,-3.182813799
174.72,-64.99637933,0.05295508681,0.5959941248,0.3177323998,0,-1.221322743,4.404136542,-3.182813799
174.73,-64.99637933,0.05295508681,0.5959941248,0.3177323998,0,-1.221322743,4.404136542,-3.182813799
174.74,-64.99637933,0.05295508681,0.5959941248,0.3177323998,0,-1.221322743,4.404136542,-3.182813799
174.75,-64.99637933,0.05295508681,0.5959941248,0.3177323998,0,-1.221322743,4.404136542,-3.182813799
174.76,-64.99637933,0.05295508681,0.5959941248,0.3177323998,0,-1.221322743,4.404136542,-3.182813799
174.77,-64.99637933,0.05295508681,0.5959941248,0.3177323998,0,-1.221322743,4.404136542,-3.182813799
174.78,-64.99637933,0.05295508681,0.5959941248,0.3177323998,0,-1.221322743,4.404136542,-3.182813799
174.79,-64.99637933,0.05295508681,0.5959941248,0.3177323998,0,-1.221322743,4.404136542,-3.182813799
174.8,-64.99637933,0.05295508681,0.5959941248,0.3177323998,0,-1.221322743,4.404136542,-3.182813799
174.81,-64.99637933,0.05295508681,0.5959941248,0.3177323998,0,-1.221322743,4.404136542,-3.182813799
174.82,-64.99637933,0.05295508681,0.5959941248,0.3177323998,0,-1.221322743,4.404136542,-3.182813799
174.83,-64.99637933,0.05295508681,0.5959941248,0.3177323998,0,-1.221322743,4.404136542,-3.182813799
174.84,-64.99637933,0.05295508681,0.5959941248,0.3177323998,0,-1.221322743,4.404136542,-3.182813799
174.85,-64.99637933,0.05295508681,0.5959941248,0.3177323998,0,-1.221322743,4.404136542,-3.182813799
174.86,-64.99637933,0.05295508681,0.5959941248,0.3177323998,0,-1.221322743,4.404136542,-3.182813799
174.87,-64.99637933,0.05295508681,0.5959941248,0.3177323998,0,-1.221322743,4.404136542,-3.182813799
174.88,-64.99637933,0.05295508681,0.5959941248,0.3177323998,0,-1.221322743,4.404136542,-3.182813799
174.89,-64.99637933,0.05295508681,0.5959941248,0.3177323998,0,-1.221322743,4.404136542,-3.182813799
174.9,-64.99637933,0.05295508681,0.5959941248,0.3177323998,0,-1.221322743,4.404136542,-3.182813799
174.91,-64.99637933,0.05295508681,0.5959941248,0.3177323998,0,-1.221322743,4.404136542,-3.182813799
174.92,-64.99637933,0.05295508681,0.5959941248,0.3177323998,0,-1.221322743,4.404136542,-3.182813799
174.93,-64.99637933,0.05295508681,0.5959941248,0.3177323998,0,-1.221322743,4.404136542,-3.182813799
174.94,-64.99637933,0.05295508681,0.5959941248,0.3177323998,0,-1.221322743,4.404136542,-3.182813799
174.95,-64.99637933,0.05295508681,0.5959941248,0.3177323998,0,-1.221322743,4.404136542,-3.182813799
174.96,-64.99637933,0.05295508681,0.5959941248,0.3177323998,0,-1.221322743,4.404136542,-3.182813799
174.97,-64.99637933,0.05295508681,0.5959941248,0.3177323998,0,-1.221322743,4.404136542,-3.182813799
174.98,-64.99637933,0.05295508681,0.5959941248,0.3177323998,0,-1.221322743,4.404136542,-3.182813799
174.99,-64.99637933,0.05295508681,0.5959941248,0.3177323998,0,-1.221322743,4.404136542,-3.182813799
175,-64.99637933,0.05295508681,0.5959941248,0.3177323998,0,-1.221322743,4.404136542,-3.182813799
175.01,-64.99637933,0.05295508681,0.5959941248,0.3177323998,0,-1.221322743,4.404136542,-3.182813799
175.02,-64.99637933,0.05295508681,0.5959941248,0.3177323998,0,-1.221322743,4.404136542,-3.182813799
175.03,-64.99637933,0.05295508681,0.5959941248,0.3177323998,0,-1.221322743,4.404136542,-3.182813799
175.04,-64.99637933,0.05295508681,0.5959941248,0.3177323998,0,-1.221322743,4.404136542,-3.182813799
175.05,-64.99637933,0.05295508681,0.5959941248,0.3177323998,0,-1.221322743,4.404136542,-3.182813799
175.06,-64.99637933,0.05295508681,0.5959941248,0.3177323998,0,-1.221322743,4.404136542,-3.182813799
175.07,-64.99637933,0.05295508681,0.5959941248,0.3177323998,0,-1.221322743,4.404136542,-3.182813799
175.08,-64.99637933,0.05295508681,0.5959941248,0.3177323998,0,-1.221322743,4.404136542,-3.182813799
175.09,-64.99637933,0.05295508681,0.5959941248,0.3177323998,0,-1.221322743,4.404136542,-3.182813799
175.1,-64.99637933,0.05295508681,0.5959941248,0.3177323998,0,-1.221322743,4.404136542,-3.182813799
175.11,-64.99637933,0.05295508681,0.5959941248,0.3177323998,0,-1.221322743,4.404136542,-3.182813799
175.12,-64.99637933,0.05295508681,0.5959941248,0.3177323998,0,-1.221322743,4.404136542,-3.182813799
175.13,-64.99637933,0.05295508681,0.5959941248,0.3177323998,0,-1.221322743,4.404136542,-3.182813799
175.14,-64.99637933,0.05295508681,0.5959941248,0.3177323998,0,-1.221322743,4.404136542,-3.182813799
175.15,-64.99637933,0.05295508681,0.5959941248,0.3177323998,0,-1.221322743,4.404136542,-3.182813799
175.16,-64.99637933,0.05295508681,0.5959941248,0.3177323998,0,-1.221322743,4.404136542,-3.182813799
175.17,-64.99637933,0.05295508681,0.5959941248,0.3177323998,0,-1.221322743,4.404136542,-3.182813799
175.18,-64.99637933,0.05295508681,0.5959941248,0.3177323998,0,-1.221322743,4.404136542,-3.182813799
175.19,-64.99637933,0.05295508681,0.5959941248,0.3177323998,0,-1.221322743,4.404136542,-3.182813799
175.2,-64.99637933,0.05295508681,0.5959941248,0.3177323998,0,-1.221322743,4.404136542,-3.182813799
175.21,-64.99637933,0.05295508681,0.5959941248,0.3177323998,0,-1.221322743,4.404136542,-3.182813799
175.22,-64.99637933,0.05295508681,0.5959941248,0.3177323998,0,-1.221322743,4.404136542,-3.182813799
175.23,-64.99637933,0.05295508681,0.5959941248,0.3177323998,0,-1.221322743,4.404136542,-3.182813799
175.24,-64.99637933,0.05295508681,0.5959941248,0.3177323998,0,-1.221322743,4.404136542,-3.182813799
175.25,-64.99637933,0.05295508681,0.5959941248,0.3177323998,0,-1.221322743,4.404136542,-3.182813799
175.26,-64.99637933,0.05295508681,0.5959941248,0.3177323998,0,-1.221322743,4.404136542,-3.182813799
175.27,-64.99637933,0.05295508681,0.5959941248,0.3177323998,0,-1.221322743,4.404136542,-3.182813799
175.28,-64.99637933,0.05295508681,0.5959941248,0.3177323998,0,-1.221322743,4.404136542,-3.182813799
175.29,-64.99637933,0.05295508681,0.5959941248,0.3177323998,0,-1.221322743,4.404136542,-3.182813799
175.3,-64.99637933,0.05295508681,0.5959941248,0.3177323998,0,-1.221322743,4.404136542,-3.182813799
175.31,-64.99637933,0.05295508681,0.5959941248,0.3177323998,0,-1.221322743,4.404136542,-3.182813799
175.32,-64.99637933,0.05295508681,0.5959941248,0.3177323998,0,-1.221322743,4.404136542,-3.182813799
175.33,-64.99637933,0.05295508681,0.5959941248,0.3177323998,0,-1.221322743,4.404136542,-3.182813799
175.34,-64.99637933,0.05295508681,0.5959941248,0.3177323998,0,-1.221322743,4.404136542,-3.182813799
175.35,-64.99637933,0.05295508681,0.5959941248,0.3177323998,0,-1.221322743,4.404136542,-3.182813799
175.36,-64.99637933,0.05295508681,0.5959941248,0.3177323998,0,-1.221322743,4.404136542,-3.182813799
175.37,-64.99637933,0.05295508681,0.5959941248,0.3177323998,0,-1.221322743,4.404136542,-3.182813799
175.38,-64.99637933,0.05295508681,0.5959941248,0.3177323998,0,-1.221322743,4.404136542,-3.182813799
175.39,-64.99637933,0.05295508681,0.5959941248,0.3177323998,0,-1.221322743,4.404136542,-3.182813799
175.4,-64.99637933,0.05295508681,0.5959941248,0.3177323998,0,-1.221322743,4.404136542,-3.182813799
175.41,-64.99637933,0.05295508681,0.5959941248,0.3177323998,0,-1.221322743,4.404136542,-3.182813799
175.42,-64.99637933,0.05295508681,0.5959941248,0.3177323998,0,-1.221322743,4.404136542,-3.182813799
175.43,-64.99637933,0.05295508681,0.5959941248,0.3177323998,0,-1.221322743,4.404136542,-3.182813799
175.44,-64.99637933,0.05295508681,0.5959941248,0.3177323998,0,-1.221322743,4.404136542,-3.182813799
175.45,-64.99637933,0.05295508681,0.5959941248,0.3177323998,0,-1.221322743,4.404136542,-3.182813799
175.46,-64.99637933,0.05295508681,0.5959941248,0.3177323998,0,-1.221322743,4.404136542,-3.182813799
175.47,-64.99637933,0.05295508681,0.5959941248,0.3177323998,0,-1.221322743,4.404136542,-3.182813799
175.48,-64.99637933,0.05295508681,0.5959941248,0.3177323998,0,-1.221322743,4.404136542,-3.182813799
175.49,-64.99637933,0.05295508681,0.5959941248,0.3177323998,0,-1.221322743,4.404136542,-3.182813799
175.5,-64.99637933,0.05295508681,0.5959941248,0.3177323998,0,-1.221322743,4.404136542,-3.182813799
175.51,-64.99637933,0.05295508681,0.5959941248,0.3177323998,0,-1.221322743,4.404136542,-3.182813799
175.52,-64.99637933,0.05295508681,0.5959941248,0.3177323998,0,-1.221322743,4.404136542,-3.182813799
175.53,-64.99637933,0.05295508681,0.5959941248,0.3177323998,0,-1.221322743,4.404136542,-3.182813799
175.54,-64.99637933,0.05295508681,0.5959941248,0.3177323998,0,-1.221322743,4.404136542,-3.182813799
175.55,-64.99637933,0.05295508681,0.5959941248,0.3177323998,0,-1.221322743,4.404136542,-3.182813799
175.56,-64.99637933,0.05295508681,0.5959941248,0.3177323998,0,-1.221322743,4.404136542,-3.182813799
175.57,-64.99637933,0.05295508681,0.5959941248,0.3177323998,0,-1.221322743,4.404136542,-3.182813799
175.58,-64.99637933,0.05295508681,0.5959941248,0.3177323998,0,-1.221322743,4.404136542,-3.182813799
175.59,-64.99637933,0.05295508681,0.5959941248,0.3177323998,0,-1.221322743,4.404136542,-3.182813799
175.6,-64.99637933,0.05295508681,0.5959941248,0.3177323998,0,-1.221322743,4.404136542,-3.182813799
175.61,-64.99637933,0.05295508681,0.5959941248,0.3177323998,0,-1.221322743,4.404136542,-3.182813799
175.62,-64.99637933,0.05295508681,0.5959941248,0.3177323998,0,-1.221322743,4.404136542,-3.182813799
175.63,-64.99637933,0.05295508681,0.5959941248,0.3177323998,0,-1.221322743,4.404136542,-3.182813799
175.64,-64.99637933,0.05295508681,0.5959941248,0.3177323998,0,-1.221322743,4.404136542,-3.182813799
175.65,-64.99637933,0.05295508681,0.5959941248,0.3177323998,0,-1.221322743,4.404136542,-3.182813799
175.66,-64.99637933,0.05295508681,0.5959941248,0.3177323998,0,-1.221322743,4.404136542,-3.182813799
175.67,-64.99637933,0.05295508681,0.5959941248,0.3177323998,0,-1.221322743,4.404136542,-3.182813799
175.68,-64.99637933,0.05295508681,0.5959941248,0.3177323998,0,-1.221322743,4.404136542,-3.182813799
175.69,-64.99637933,0.05295508681,0.5959941248,0.3177323998,0,-1.221322743,4.404136542,-3.182813799
175.7,-64.99637933,0.05295508681,0.5959941248,0.3177323998,0,-1.221322743,4.404136542,-3.182813799
175.71,-64.99637933,0.05295508681,0.5959941248,0.3177323998,0,-1.221322743,4.404136542,-3.182813799
175.72,-64.99637933,0.05295508681,0.5959941248,0.3177323998,0,-1.221322743,4.404136542,-3.182813799
175.73,-64.99637933,0.05295508681,0.5959941248,0.3177323998,0,-1.221322743,4.404136542,-3.182813799
175.74,-64.99637933,0.05295508681,0.5959941248,0.3177323998,0,-1.221322743,4.404136542,-3.182813799
175.75,-64.99637933,0.05295508681,0.5959941248,0.3177323998,0,-1.221322743,4.404136542,-3.182813799
175.76,-64.99637933,0.05295508681,0.5959941248,0.3177323998,0,-1.221322743,4.404136542,-3.182813799
175.77,-64.99637933,0.05295508681,0.5959941248,0.3177323998,0,-1.221322743,4.404136542,-3.182813799
175.78,-64.99637933,0.05295508681,0.5959941248,0.3177323998,0,-1.221322743,4.404136542,-3.182813799
175.79,-64.99637933,0.05295508681,0.5959941248,0.3177323998,0,-1.221322743,4.404136542,-3.182813799
175.8,-64.99637933,0.05295508681,0.5959941248,0.3177323998,0,-1.221322743,4.404136542,-3.182813799
175.81,-64.99637933,0.05295508681,0.5959941248,0.3177323998,0,-1.221322743,4.404136542,-3.182813799
175.82,-64.99637933,0.05295508681,0.5959941248,0.3177323998,0,-1.221322743,4.404136542,-3.182813799
175.83,-64.99637933,0.05295508681,0.5959941248,0.3177323998,0,-1.221322743,4.404136542,-3.182813799
175.84,-64.99637933,0.05295508681,0.5959941248,0.3177323998,0,-1.221322743,4.404136542,-3.182813799
175.85,-64.99637933,0.05295508681,0.5959941248,0.3177323998,0,-1.221322743,4.404136542,-3.182813799
175.86,-64.99637933,0.05295508681,0.5959941248,0.3177323998,0,-1.221322743,4.404136542,-3.182813799
175.87,-64.99637933,0.05295508681,0.5959941248,0.3177323998,0,-1.221322743,4.404136542,-3.182813799
175.88,-64.99637933,0.05295508681,0.5959941248,0.3177323998,0,-1.221322743,4.404136542,-3.182813799
175.89,-64.99637933,0.05295508681,0.5959941248,0.3177323998,0,-1.221322743,4.404136542,-3.182813799
175.9,-64.99637933,0.05295508681,0.5959941248,0.3177323998,0,-1.221322743,4.404136542,-3.182813799
175.91,-64.99637933,0.05295508681,0.5959941248,0.3177323998,0,-1.221322743,4.404136542,-3.182813799
175.92,-64.99637933,0.05295508681,0.5959941248,0.3177323998,0,-1.221322743,4.404136542,-3.182813799
175.93,-64.99637933,0.05295508681,0.5959941248,0.3177323998,0,-1.221322743,4.404136542,-3.182813799
175.94,-64.99637933,0.05295508681,0.5959941248,0.3177323998,0,-1.221322743,4.404136542,-3.182813799
175.95,-64.99637933,0.05295508681,0.5959941248,0.3177323998,0,-1.221322743,4.404136542,-3.182813799
175.96,-64.99637933,0.05295508681,0.5959941248,0.3177323998,0,-1.221322743,4.404136542,-3.182813799
175.97,-64.99637933,0.05295508681,0.5959941248,0.3177323998,0,-1.221322743,4.404136542,-3.182813799
175.98,-64.99637933,0.05295508681,0.5959941248,0.3177323998,0,-1.221322743,4.404136542,-3.182813799
175.99,-64.99637933,0.05295508681,0.5959941248,0.3177323998,0,-1.221322743,4.404136542,-3.182813799
176,-64.99637933,0.05295508681,0.5959941248,0.3177323998,0,-1.221322743,4.404136542,-3.182813799
176.01,-64.99637933,0.05295508681,0.5959941248,0.3177323998,0,-1.221322743,4.404136542,-3.182813799
176.02,-64.99637933,0.05295508681,0.5959941248,0.3177323998,0,-1.221322743,4.404136542,-3.182813799
176.03,-64.99637933,0.05295508681,0.5959941248,0.3177323998,0,-1.221322743,4.404136542,-3.182813799
176.04,-64.99637933,0.05295508681,0.5959941248,0.3177323998,0,-1.221322743,4.404136542,-3.182813799
176.05,-64.99637933,0.05295508681,0.5959941248,0.3177323998,0,-1.221322743,4.404136542,-3.182813799
176.06,-64.99637933,0.05295508681,0.5959941248,0.3177323998,0,-1.221322743,4.404136542,-3.182813799
176.07,-64.99637933,0.05295508681,0.5959941248,0.3177323998,0,-1.221322743,4.404136542,-3.182813799
176.08,-64.99637933,0.05295508681,0.5959941248,0.3177323998,0,-1.221322743,4.404136542,-3.182813799
176.09,-64.99637933,0.05295508681,0.5959941248,0.3177323998,0,-1.221322743,4.404136542,-3.182813799
176.1,-64.99637933,0.05295508681,0.5959941248,0.3177323998,0,-1.221322743,4.404136542,-3.182813799
176.11,-64.99637933,0.05295508681,0.5959941248,0.3177323998,0,-1.221322743,4.404136542,-3.182813799
176.12,-64.99637933,0.05295508681,0.5959941248,0.3177323998,0,-1.221322743,4.404136542,-3.182813799
176.13,-64.99637933,0.05295508681,0.5959941248,0.3177323998,0,-1.221322743,4.404136542,-3.182813799
176.14,-64.99637933,0.05295508681,0.5959941248,0.3177323998,0,-1.221322743,4.404136542,-3.182813799
176.15,-64.99637933,0.05295508681,0.5959941248,0.3177323998,0,-1.221322743,4.404136542,-3.182813799
176.16,-64.99637933,0.05295508681,0.5959941248,0.3177323998,0,-1.221322743,4.404136542,-3.182813799
176.17,-64.99637933,0.05295508681,0.5959941248,0.3177323998,0,-1.221322743,4.404136542,-3.182813799
176.18,-64.99637933,0.05295508681,0.5959941248,0.3177323998,0,-1.221322743,4.404136542,-3.182813799
176.19,-64.99637933,0.05295508681,0.5959941248,0.3177323998,0,-1.221322743,4.404136542,-3.182813799
176.2,-64.99637933,0.05295508681,0.5959941248,0.3177323998,0,-1.221322743,4.404136542,-3.182813799
176.21,-64.99637933,0.05295508681,0.5959941248,0.3177323998,0,-1.221322743,4.404136542,-3.182813799
176.22,-64.99637933,0.05295508681,0.5959941248,0.3177323998,0,-1.221322743,4.404136542,-3.182813799
176.23,-64.99637933,0.05295508681,0.5959941248,0.3177323998,0,-1.221322743,4.404136542,-3.182813799
176.24,-64.99637933,0.05295508681,0.5959941248,0.3177323998,0,-1.221322743,4.404136542,-3.182813799
176.25,-64.99637933,0.05295508681,0.5959941248,0.3177323998,0,-1.221322743,4.404136542,-3.182813799
176.26,-64.99637933,0.05295508681,0.5959941248,0.3177323998,0,-1.221322743,4.404136542,-3.182813799
176.27,-64.99637933,0.05295508681,0.5959941248,0.3177323998,0,-1.221322743,4.404136542,-3.182813799
176.28,-64.99637933,0.05295508681,0.5959941248,0.3177323998,0,-1.221322743,4.404136542,-3.182813799
176.29,-64.99637933,0.05295508681,0.5959941248,0.3177323998,0,-1.221322743,4.404136542,-3.182813799
176.3,-64.99637933,0.05295508681,0.5959941248,0.3177323998,0,-1.221322743,4.404136542,-3.182813799
176.31,-64.99637933,0.05295508681,0.5959941248,0.3177323998,0,-1.221322743,4.404136542,-3.182813799
176.32,-64.99637933,0.05295508681,0.5959941248,0.3177323998,0,-1.221322743,4.404136542,-3.182813799
176.33,-64.99637933,0.05295508681,0.5959941248,0.3177323998,0,-1.221322743,4.404136542,-3.182813799
176.34,-64.99637933,0.05295508681,0.5959941248,0.3177323998,0,-1.221322743,4.404136542,-3.182813799
176.35,-64.99637933,0.05295508681,0.5959941248,0.3177323998,0,-1.221322743,4.404136542,-3.182813799
176.36,-64.99637933,0.05295508681,0.5959941248,0.3177323998,0,-1.221322743,4.404136542,-3.182813799
176.37,-64.99637933,0.05295508681,0.5959941248,0.3177323998,0,-1.221322743,4.404136542,-3.182813799
176.38,-64.99637933,0.05295508681,0.5959941248,0.3177323998,0,-1.221322743,4.404136542,-3.182813799
176.39,-64.99637933,0.05295508681,0.5959941248,0.3177323998,0,-1.221322743,4.404136542,-3.182813799
176.4,-64.99637933,0.05295508681,0.5959941248,0.3177323998,0,-1.221322743,4.404136542,-3.182813799
176.41,-64.99637933,0.05295508681,0.5959941248,0.3177323998,0,-1.221322743,4.404136542,-3.182813799
176.42,-64.99637933,0.05295508681,0.5959941248,0.3177323998,0,-1.221322743,4.404136542,-3.182813799
176.43,-64.99637933,0.05295508681,0.5959941248,0.3177323998,0,-1.221322743,4.404136542,-3.182813799
176.44,-64.99637933,0.05295508681,0.5959941248,0.3177323998,0,-1.221322743,4.404136542,-3.182813799
176.45,-64.99637933,0.05295508681,0.5959941248,0.3177323998,0,-1.221322743,4.404136542,-3.182813799
176.46,-64.99637933,0.05295508681,0.5959941248,0.3177323998,0,-1.221322743,4.404136542,-3.182813799
176.47,-64.99637933,0.05295508681,0.5959941248,0.3177323998,0,-1.221322743,4.404136542,-3.182813799
176.48,-64.99637933,0.05295508681,0.5959941248,0.3177323998,0,-1.221322743,4.404136542,-3.182813799
176.49,-64.99637933,0.05295508681,0.5959941248,0.3177323998,0,-1.221322743,4.404136542,-3.182813799
176.5,-64.99637933,0.05295508681,0.5959941248,0.3177323998,0,-1.221322743,4.404136542,-3.182813799
176.51,-64.99637933,0.05295508681,0.5959941248,0.3177323998,0,-1.221322743,4.404136542,-3.182813799
176.52,-64.99637933,0.05295508681,0.5959941248,0.3177323998,0,-1.221322743,4.404136542,-3.182813799
176.53,-64.99637933,0.05295508681,0.5959941248,0.3177323998,0,-1.221322743,4.404136542,-3.182813799
176.54,-64.99637933,0.05295508681,0.5959941248,0.3177323998,0,-1.221322743,4.404136542,-3.182813799
176.55,-64.99637933,0.05295508681,0.5959941248,0.3177323998,0,-1.221322743,4.404136542,-3.182813799
176.56,-64.99637933,0.05295508681,0.5959941248,0.3177323998,0,-1.221322743,4.404136542,-3.182813799
176.57,-64.99637933,0.05295508681,0.5959941248,0.3177323998,0,-1.221322743,4.404136542,-3.182813799
176.58,-64.99637933,0.05295508681,0.5959941248,0.3177323998,0,-1.221322743,4.404136542,-3.182813799
176.59,-64.99637933,0.05295508681,0.5959941248,0.3177323998,0,-1.221322743,4.404136542,-3.182813799
176.6,-64.99637933,0.05295508681,0.5959941248,0.3177323998,0,-1.221322743,4.404136542,-3.182813799
176.61,-64.99637933,0.05295508681,0.5959941248,0.3177323998,0,-1.221322743,4.404136542,-3.182813799
176.62,-64.99637933,0.05295508681,0.5959941248,0.3177323998,0,-1.221322743,4.404136542,-3.182813799
176.63,-64.99637933,0.05295508681,0.5959941248,0.3177323998,0,-1.221322743,4.404136542,-3.182813799
176.64,-64.99637933,0.05295508681,0.5959941248,0.3177323998,0,-1.221322743,4.404136542,-3.182813799
176.65,-64.99637933,0.05295508681,0.5959941248,0.3177323998,0,-1.221322743,4.404136542,-3.182813799
176.66,-64.99637933,0.05295508681,0.5959941248,0.3177323998,0,-1.221322743,4.404136542,-3.182813799
176.67,-64.99637933,0.05295508681,0.5959941248,0.3177323998,0,-1.221322743,4.404136542,-3.182813799
176.68,-64.99637933,0.05295508681,0.5959941248,0.3177323998,0,-1.221322743,4.404136542,-3.182813799
176.69,-64.99637933,0.05295508681,0.5959941248,0.3177323998,0,-1.221322743,4.404136542,-3.182813799
176.7,-64.99637933,0.05295508681,0.5959941248,0.3177323998,0,-1.221322743,4.404136542,-3.182813799
176.71,-64.99637933,0.05295508681,0.5959941248,0.3177323998,0,-1.221322743,4.404136542,-3.182813799
176.72,-64.99637933,0.05295508681,0.5959941248,0.3177323998,0,-1.221322743,4.404136542,-3.182813799
176.73,-64.99637933,0.05295508681,0.5959941248,0.3177323998,0,-1.221322743,4.404136542,-3.182813799
176.74,-64.99637933,0.05295508681,0.5959941248,0.3177323998,0,-1.221322743,4.404136542,-3.182813799
176.75,-64.99637933,0.05295508681,0.5959941248,0.3177323998,0,-1.221322743,4.404136542,-3.182813799
176.76,-64.99637933,0.05295508681,0.5959941248,0.3177323998,0,-1.221322743,4.404136542,-3.182813799
176.77,-64.99637933,0.05295508681,0.5959941248,0.3177323998,0,-1.221322743,4.404136542,-3.182813799
176.78,-64.99637933,0.05295508681,0.5959941248,0.3177323998,0,-1.221322743,4.404136542,-3.182813799
176.79,-64.99637933,0.05295508681,0.5959941248,0.3177323998,0,-1.221322743,4.404136542,-3.182813799
176.8,-64.99637933,0.05295508681,0.5959941248,0.3177323998,0,-1.221322743,4.404136542,-3.182813799
176.81,-64.99637933,0.05295508681,0.5959941248,0.3177323998,0,-1.221322743,4.404136542,-3.182813799
176.82,-64.99637933,0.05295508681,0.5959941248,0.3177323998,0,-1.221322743,4.404136542,-3.182813799
176.83,-64.99637933,0.05295508681,0.5959941248,0.3177323998,0,-1.221322743,4.404136542,-3.182813799
176.84,-64.99637933,0.05295508681,0.5959941248,0.3177323998,0,-1.221322743,4.404136542,-3.182813799
176.85,-64.99637933,0.05295508681,0.5959941248,0.3177323998,0,-1.221322743,4.404136542,-3.182813799
176.86,-64.99637933,0.05295508681,0.5959941248,0.3177323998,0,-1.221322743,4.404136542,-3.182813799
176.87,-64.99637933,0.05295508681,0.5959941248,0.3177323998,0,-1.221322743,4.404136542,-3.182813799
176.88,-64.99637933,0.05295508681,0.5959941248,0.3177323998,0,-1.221322743,4.404136542,-3.182813799
176.89,-64.99637933,0.05295508681,0.5959941248,0.3177323998,0,-1.221322743,4.404136542,-3.182813799
176.9,-64.99637933,0.05295508681,0.5959941248,0.3177323998,0,-1.221322743,4.404136542,-3.182813799
176.91,-64.99637933,0.05295508681,0.5959941248,0.3177323998,0,-1.221322743,4.404136542,-3.182813799
176.92,-64.99637933,0.05295508681,0.5959941248,0.3177323998,0,-1.221322743,4.404136542,-3.182813799
176.93,-64.99637933,0.05295508681,0.5959941248,0.3177323998,0,-1.221322743,4.404136542,-3.182813799
176.94,-64.99637933,0.05295508681,0.5959941248,0.3177323998,0,-1.221322743,4.404136542,-3.182813799
176.95,-64.99637933,0.05295508681,0.5959941248,0.3177323998,0,-1.221322743,4.404136542,-3.182813799
176.96,-64.99637933,0.05295508681,0.5959941248,0.3177323998,0,-1.221322743,4.404136542,-3.182813799
176.97,-64.99637933,0.05295508681,0.5959941248,0.3177323998,0,-1.221322743,4.404136542,-3.182813799
176.98,-64.99637933,0.05295508681,0.5959941248,0.3177323998,0,-1.221322743,4.404136542,-3.182813799
176.99,-64.99637933,0.05295508681,0.5959941248,0.3177323998,0,-1.221322743,4.404136542,-3.182813799
177,-64.99637933,0.05295508681,0.5959941248,0.3177323998,0,-1.221322743,4.404136542,-3.182813799
177.01,-64.99637933,0.05295508681,0.5959941248,0.3177323998,0,-1.221322743,4.404136542,-3.182813799
177.02,-64.99637933,0.05295508681,0.5959941248,0.3177323998,0,-1.221322743,4.404136542,-3.182813799
177.03,-64.99637933,0.05295508681,0.5959941248,0.3177323998,0,-1.221322743,4.404136542,-3.182813799
177.04,-64.99637933,0.05295508681,0.5959941248,0.3177323998,0,-1.221322743,4.404136542,-3.182813799
177.05,-64.99637933,0.05295508681,0.5959941248,0.3177323998,0,-1.221322743,4.404136542,-3.182813799
177.06,-64.99637933,0.05295508681,0.5959941248,0.3177323998,0,-1.221322743,4.404136542,-3.182813799
177.07,-64.99637933,0.05295508681,0.5959941248,0.3177323998,0,-1.221322743,4.404136542,-3.182813799
177.08,-64.99637933,0.05295508681,0.5959941248,0.3177323998,0,-1.221322743,4.404136542,-3.182813799
177.09,-64.99637933,0.05295508681,0.5959941248,0.3177323998,0,-1.221322743,4.404136542,-3.182813799
177.1,-64.99637933,0.05295508681,0.5959941248,0.3177323998,0,-1.221322743,4.404136542,-3.182813799
177.11,-64.99637933,0.05295508681,0.5959941248,0.3177323998,0,-1.221322743,4.404136542,-3.182813799
177.12,-64.99637933,0.05295508681,0.5959941248,0.3177323998,0,-1.221322743,4.404136542,-3.182813799
177.13,-64.99637933,0.05295508681,0.5959941248,0.3177323998,0,-1.221322743,4.404136542,-3.182813799
177.14,-64.99637933,0.05295508681,0.5959941248,0.3177323998,0,-1.221322743,4.404136542,-3.182813799
177.15,-64.99637933,0.05295508681,0.5959941248,0.3177323998,0,-1.221322743,4.404136542,-3.182813799
177.16,-64.99637933,0.05295508681,0.5959941248,0.3177323998,0,-1.221322743,4.404136542,-3.182813799
177.17,-64.99637933,0.05295508681,0.5959941248,0.3177323998,0,-1.221322743,4.404136542,-3.182813799
177.18,-64.99637933,0.05295508681,0.5959941248,0.3177323998,0,-1.221322743,4.404136542,-3.182813799
177.19,-64.99637933,0.05295508681,0.5959941248,0.3177323998,0,-1.221322743,4.404136542,-3.182813799
177.2,-64.99637933,0.05295508681,0.5959941248,0.3177323998,0,-1.221322743,4.404136542,-3.182813799
177.21,-64.99637933,0.05295508681,0.5959941248,0.3177323998,0,-1.221322743,4.404136542,-3.182813799
177.22,-64.99637933,0.05295508681,0.5959941248,0.3177323998,0,-1.221322743,4.404136542,-3.182813799
177.23,-64.99637933,0.05295508681,0.5959941248,0.3177323998,0,-1.221322743,4.404136542,-3.182813799
177.24,-64.99637933,0.05295508681,0.5959941248,0.3177323998,0,-1.221322743,4.404136542,-3.182813799
177.25,-64.99637933,0.05295508681,0.5959941248,0.3177323998,0,-1.221322743,4.404136542,-3.182813799
177.26,-64.99637933,0.05295508681,0.5959941248,0.3177323998,0,-1.221322743,4.404136542,-3.182813799
177.27,-64.99637933,0.05295508681,0.5959941248,0.3177323998,0,-1.221322743,4.404136542,-3.182813799
177.28,-64.99637933,0.05295508681,0.5959941248,0.3177323998,0,-1.221322743,4.404136542,-3.182813799
177.29,-64.99637933,0.05295508681,0.5959941248,0.3177323998,0,-1.221322743,4.404136542,-3.182813799
177.3,-64.99637933,0.05295508681,0.5959941248,0.3177323998,0,-1.221322743,4.404136542,-3.182813799
177.31,-64.99637933,0.05295508681,0.5959941248,0.3177323998,0,-1.221322743,4.404136542,-3.182813799
177.32,-64.99637933,0.05295508681,0.5959941248,0.3177323998,0,-1.221322743,4.404136542,-3.182813799
177.33,-64.99637933,0.05295508681,0.5959941248,0.3177323998,0,-1.221322743,4.404136542,-3.182813799
177.34,-64.99637933,0.05295508681,0.5959941248,0.3177323998,0,-1.221322743,4.404136542,-3.182813799
177.35,-64.99637933,0.05295508681,0.5959941248,0.3177323998,0,-1.221322743,4.404136542,-3.182813799
177.36,-64.99637933,0.05295508681,0.5959941248,0.3177323998,0,-1.221322743,4.404136542,-3.182813799
177.37,-64.99637933,0.05295508681,0.5959941248,0.3177323998,0,-1.221322743,4.404136542,-3.182813799
177.38,-64.99637933,0.05295508681,0.5959941248,0.3177323998,0,-1.221322743,4.404136542,-3.182813799
177.39,-64.99637933,0.05295508681,0.5959941248,0.3177323998,0,-1.221322743,4.404136542,-3.182813799
177.4,-64.99637933,0.05295508681,0.5959941248,0.3177323998,0,-1.221322743,4.404136542,-3.182813799
177.41,-64.99637933,0.05295508681,0.5959941248,0.3177323998,0,-1.221322743,4.404136542,-3.182813799
177.42,-64.99637933,0.05295508681,0.5959941248,0.3177323998,0,-1.221322743,4.404136542,-3.182813799
177.43,-64.99637933,0.05295508681,0.5959941248,0.3177323998,0,-1.221322743,4.404136542,-3.182813799
177.44,-64.99637933,0.05295508681,0.5959941248,0.3177323998,0,-1.221322743,4.404136542,-3.182813799
177.45,-64.99637933,0.05295508681,0.5959941248,0.3177323998,0,-1.221322743,4.404136542,-3.182813799
177.46,-64.99637933,0.05295508681,0.5959941248,0.3177323998,0,-1.221322743,4.404136542,-3.182813799
177.47,-64.99637933,0.05295508681,0.5959941248,0.3177323998,0,-1.221322743,4.404136542,-3.182813799
177.48,-64.99637933,0.05295508681,0.5959941248,0.3177323998,0,-1.221322743,4.404136542,-3.182813799
177.49,-64.99637933,0.05295508681,0.5959941248,0.3177323998,0,-1.221322743,4.404136542,-3.182813799
177.5,-64.99637933,0.05295508681,0.5959941248,0.3177323998,0,-1.221322743,4.404136542,-3.182813799
177.51,-64.99637933,0.05295508681,0.5959941248,0.3177323998,0,-1.221322743,4.404136542,-3.182813799
177.52,-64.99637933,0.05295508681,0.5959941248,0.3177323998,0,-1.221322743,4.404136542,-3.182813799
177.53,-64.99637933,0.05295508681,0.5959941248,0.3177323998,0,-1.221322743,4.404136542,-3.182813799
177.54,-64.99637933,0.05295508681,0.5959941248,0.3177323998,0,-1.221322743,4.404136542,-3.182813799
177.55,-64.99637933,0.05295508681,0.5959941248,0.3177323998,0,-1.221322743,4.404136542,-3.182813799
177.56,-64.99637933,0.05295508681,0.5959941248,0.3177323998,0,-1.221322743,4.404136542,-3.182813799
177.57,-64.99637933,0.05295508681,0.5959941248,0.3177323998,0,-1.221322743,4.404136542,-3.182813799
177.58,-64.99637933,0.05295508681,0.5959941248,0.3177323998,0,-1.221322743,4.404136542,-3.182813799
177.59,-64.99637933,0.05295508681,0.5959941248,0.3177323998,0,-1.221322743,4.404136542,-3.182813799
177.6,-64.99637933,0.05295508681,0.5959941248,0.3177323998,0,-1.221322743,4.404136542,-3.182813799
177.61,-64.99637933,0.05295508681,0.5959941248,0.3177323998,0,-1.221322743,4.404136542,-3.182813799
177.62,-64.99637933,0.05295508681,0.5959941248,0.3177323998,0,-1.221322743,4.404136542,-3.182813799
177.63,-64.99637933,0.05295508681,0.5959941248,0.3177323998,0,-1.221322743,4.404136542,-3.182813799
177.64,-64.99637933,0.05295508681,0.5959941248,0.3177323998,0,-1.221322743,4.404136542,-3.182813799
177.65,-64.99637933,0.05295508681,0.5959941248,0.3177323998,0,-1.221322743,4.404136542,-3.182813799
177.66,-64.99637933,0.05295508681,0.5959941248,0.3177323998,0,-1.221322743,4.404136542,-3.182813799
177.67,-64.99637933,0.05295508681,0.5959941248,0.3177323998,0,-1.221322743,4.404136542,-3.182813799
177.68,-64.99637933,0.05295508681,0.5959941248,0.3177323998,0,-1.221322743,4.404136542,-3.182813799
177.69,-64.99637933,0.05295508681,0.5959941248,0.3177323998,0,-1.221322743,4.404136542,-3.182813799
177.7,-64.99637933,0.05295508681,0.5959941248,0.3177323998,0,-1.221322743,4.404136542,-3.182813799
177.71,-64.99637933,0.05295508681,0.5959941248,0.3177323998,0,-1.221322743,4.404136542,-3.182813799
177.72,-64.99637933,0.05295508681,0.5959941248,0.3177323998,0,-1.221322743,4.404136542,-3.182813799
177.73,-64.99637933,0.05295508681,0.5959941248,0.3177323998,0,-1.221322743,4.404136542,-3.182813799
177.74,-64.99637933,0.05295508681,0.5959941248,0.3177323998,0,-1.221322743,4.404136542,-3.182813799
177.75,-64.99637933,0.05295508681,0.5959941248,0.3177323998,0,-1.221322743,4.404136542,-3.182813799
177.76,-64.99637933,0.05295508681,0.5959941248,0.3177323998,0,-1.221322743,4.404136542,-3.182813799
177.77,-64.99637933,0.05295508681,0.5959941248,0.3177323998,0,-1.221322743,4.404136542,-3.182813799
177.78,-64.99637933,0.05295508681,0.5959941248,0.3177323998,0,-1.221322743,4.404136542,-3.182813799
177.79,-64.99637933,0.05295508681,0.5959941248,0.3177323998,0,-1.221322743,4.404136542,-3.182813799
177.8,-64.99637933,0.05295508681,0.5959941248,0.3177323998,0,-1.221322743,4.404136542,-3.182813799
177.81,-64.99637933,0.05295508681,0.5959941248,0.3177323998,0,-1.221322743,4.404136542,-3.182813799
177.82,-64.99637933,0.05295508681,0.5959941248,0.3177323998,0,-1.221322743,4.404136542,-3.182813799
177.83,-64.99637933,0.05295508681,0.5959941248,0.3177323998,0,-1.221322743,4.404136542,-3.182813799
177.84,-64.99637933,0.05295508681,0.5959941248,0.3177323998,0,-1.221322743,4.404136542,-3.182813799
177.85,-64.99637933,0.05295508681,0.5959941248,0.3177323998,0,-1.221322743,4.404136542,-3.182813799
177.86,-64.99637933,0.05295508681,0.5959941248,0.3177323998,0,-1.221322743,4.404136542,-3.182813799
177.87,-64.99637933,0.05295508681,0.5959941248,0.3177323998,0,-1.221322743,4.404136542,-3.182813799
177.88,-64.99637933,0.05295508681,0.5959941248,0.3177323998,0,-1.221322743,4.404136542,-3.182813799
177.89,-64.99637933,0.05295508681,0.5959941248,0.3177323998,0,-1.221322743,4.404136542,-3.182813799
177.9,-64.99637933,0.05295508681,0.5959941248,0.3177323998,0,-1.221322743,4.404136542,-3.182813799
177.91,-64.99637933,0.05295508681,0.5959941248,0.3177323998,0,-1.221322743,4.404136542,-3.182813799
177.92,-64.99637933,0.05295508681,0.5959941248,0.3177323998,0,-1.221322743,4.404136542,-3.182813799
177.93,-64.99637933,0.05295508681,0.5959941248,0.3177323998,0,-1.221322743,4.404136542,-3.182813799
177.94,-64.99637933,0.05295508681,0.5959941248,0.3177323998,0,-1.221322743,4.404136542,-3.182813799
177.95,-64.99637933,0.05295508681,0.5959941248,0.3177323998,0,-1.221322743,4.404136542,-3.182813799
177.96,-64.99637933,0.05295508681,0.5959941248,0.3177323998,0,-1.221322743,4.404136542,-3.182813799
177.97,-64.99637933,0.05295508681,0.5959941248,0.3177323998,0,-1.221322743,4.404136542,-3.182813799
177.98,-64.99637933,0.05295508681,0.5959941248,0.3177323998,0,-1.221322743,4.404136542,-3.182813799
177.99,-64.99637933,0.05295508681,0.5959941248,0.3177323998,0,-1.221322743,4.404136542,-3.182813799
178,-64.99637933,0.05295508681,0.5959941248,0.3177323998,0,-1.221322743,4.404136542,-3.182813799
178.01,-64.99637933,0.05295508681,0.5959941248,0.3177323998,0,-1.221322743,4.404136542,-3.182813799
178.02,-64.99637933,0.05295508681,0.5959941248,0.3177323998,0,-1.221322743,4.404136542,-3.182813799
178.03,-64.99637933,0.05295508681,0.5959941248,0.3177323998,0,-1.221322743,4.404136542,-3.182813799
178.04,-64.99637933,0.05295508681,0.5959941248,0.3177323998,0,-1.221322743,4.404136542,-3.182813799
178.05,-64.99637933,0.05295508681,0.5959941248,0.3177323998,0,-1.221322743,4.404136542,-3.182813799
178.06,-64.99637933,0.05295508681,0.5959941248,0.3177323998,0,-1.221322743,4.404136542,-3.182813799
178.07,-64.99637933,0.05295508681,0.5959941248,0.3177323998,0,-1.221322743,4.404136542,-3.182813799
178.08,-64.99637933,0.05295508681,0.5959941248,0.3177323998,0,-1.221322743,4.404136542,-3.182813799
178.09,-64.99637933,0.05295508681,0.5959941248,0.3177323998,0,-1.221322743,4.404136542,-3.182813799
178.1,-64.99637933,0.05295508681,0.5959941248,0.3177323998,0,-1.221322743,4.404136542,-3.182813799
178.11,-64.99637933,0.05295508681,0.5959941248,0.3177323998,0,-1.221322743,4.404136542,-3.182813799
178.12,-64.99637933,0.05295508681,0.5959941248,0.3177323998,0,-1.221322743,4.404136542,-3.182813799
178.13,-64.99637933,0.05295508681,0.5959941248,0.3177323998,0,-1.221322743,4.404136542,-3.182813799
178.14,-64.99637933,0.05295508681,0.5959941248,0.3177323998,0,-1.221322743,4.404136542,-3.182813799
178.15,-64.99637933,0.05295508681,0.5959941248,0.3177323998,0,-1.221322743,4.404136542,-3.182813799
178.16,-64.99637933,0.05295508681,0.5959941248,0.3177323998,0,-1.221322743,4.404136542,-3.182813799
178.17,-64.99637933,0.05295508681,0.5959941248,0.3177323998,0,-1.221322743,4.404136542,-3.182813799
178.18,-64.99637933,0.05295508681,0.5959941248,0.3177323998,0,-1.221322743,4.404136542,-3.182813799
178.19,-64.99637933,0.05295508681,0.5959941248,0.3177323998,0,-1.221322743,4.404136542,-3.182813799
178.2,-64.99637933,0.05295508681,0.5959941248,0.3177323998,0,-1.221322743,4.404136542,-3.182813799
178.21,-64.99637933,0.05295508681,0.5959941248,0.3177323998,0,-1.221322743,4.404136542,-3.182813799
178.22,-64.99637933,0.05295508681,0.5959941248,0.3177323998,0,-1.221322743,4.404136542,-3.182813799
178.23,-64.99637933,0.05295508681,0.5959941248,0.3177323998,0,-1.221322743,4.404136542,-3.182813799
178.24,-64.99637933,0.05295508681,0.5959941248,0.3177323998,0,-1.221322743,4.404136542,-3.182813799
178.25,-64.99637933,0.05295508681,0.5959941248,0.3177323998,0,-1.221322743,4.404136542,-3.182813799
178.26,-64.99637933,0.05295508681,0.5959941248,0.3177323998,0,-1.221322743,4.404136542,-3.182813799
178.27,-64.99637933,0.05295508681,0.5959941248,0.3177323998,0,-1.221322743,4.404136542,-3.182813799
178.28,-64.99637933,0.05295508681,0.5959941248,0.3177323998,0,-1.221322743,4.404136542,-3.182813799
178.29,-64.99637933,0.05295508681,0.5959941248,0.3177323998,0,-1.221322743,4.404136542,-3.182813799
178.3,-64.99637933,0.05295508681,0.5959941248,0.3177323998,0,-1.221322743,4.404136542,-3.182813799
178.31,-64.99637933,0.05295508681,0.5959941248,0.3177323998,0,-1.221322743,4.404136542,-3.182813799
178.32,-64.99637933,0.05295508681,0.5959941248,0.3177323998,0,-1.221322743,4.404136542,-3.182813799
178.33,-64.99637933,0.05295508681,0.5959941248,0.3177323998,0,-1.221322743,4.404136542,-3.182813799
178.34,-64.99637933,0.05295508681,0.5959941248,0.3177323998,0,-1.221322743,4.404136542,-3.182813799
178.35,-64.99637933,0.05295508681,0.5959941248,0.3177323998,0,-1.221322743,4.404136542,-3.182813799
178.36,-64.99637933,0.05295508681,0.5959941248,0.3177323998,0,-1.221322743,4.404136542,-3.182813799
178.37,-64.99637933,0.05295508681,0.5959941248,0.3177323998,0,-1.221322743,4.404136542,-3.182813799
178.38,-64.99637933,0.05295508681,0.5959941248,0.3177323998,0,-1.221322743,4.404136542,-3.182813799
178.39,-64.99637933,0.05295508681,0.5959941248,0.3177323998,0,-1.221322743,4.404136542,-3.182813799
178.4,-64.99637933,0.05295508681,0.5959941248,0.3177323998,0,-1.221322743,4.404136542,-3.182813799
178.41,-64.99637933,0.05295508681,0.5959941248,0.3177323998,0,-1.221322743,4.404136542,-3.182813799
178.42,-64.99637933,0.05295508681,0.5959941248,0.3177323998,0,-1.221322743,4.404136542,-3.182813799
178.43,-64.99637933,0.05295508681,0.5959941248,0.3177323998,0,-1.221322743,4.404136542,-3.182813799
178.44,-64.99637933,0.05295508681,0.5959941248,0.3177323998,0,-1.221322743,4.404136542,-3.182813799
178.45,-64.99637933,0.05295508681,0.5959941248,0.3177323998,0,-1.221322743,4.404136542,-3.182813799
178.46,-64.99637933,0.05295508681,0.5959941248,0.3177323998,0,-1.221322743,4.404136542,-3.182813799
178.47,-64.99637933,0.05295508681,0.5959941248,0.3177323998,0,-1.221322743,4.404136542,-3.182813799
178.48,-64.99637933,0.05295508681,0.5959941248,0.3177323998,0,-1.221322743,4.404136542,-3.182813799
178.49,-64.99637933,0.05295508681,0.5959941248,0.3177323998,0,-1.221322743,4.404136542,-3.182813799
178.5,-64.99637933,0.05295508681,0.5959941248,0.3177323998,0,-1.221322743,4.404136542,-3.182813799
178.51,-64.99637933,0.05295508681,0.5959941248,0.3177323998,0,-1.221322743,4.404136542,-3.182813799
178.52,-64.99637933,0.05295508681,0.5959941248,0.3177323998,0,-1.221322743,4.404136542,-3.182813799
178.53,-64.99637933,0.05295508681,0.5959941248,0.3177323998,0,-1.221322743,4.404136542,-3.182813799
178.54,-64.99637933,0.05295508681,0.5959941248,0.3177323998,0,-1.221322743,4.404136542,-3.182813799
178.55,-64.99637933,0.05295508681,0.5959941248,0.3177323998,0,-1.221322743,4.404136542,-3.182813799
178.56,-64.99637933,0.05295508681,0.5959941248,0.3177323998,0,-1.221322743,4.404136542,-3.182813799
178.57,-64.99637933,0.05295508681,0.5959941248,0.3177323998,0,-1.221322743,4.404136542,-3.182813799
178.58,-64.99637933,0.05295508681,0.5959941248,0.3177323998,0,-1.221322743,4.404136542,-3.182813799
178.59,-64.99637933,0.05295508681,0.5959941248,0.3177323998,0,-1.221322743,4.404136542,-3.182813799
178.6,-64.99637933,0.05295508681,0.5959941248,0.3177323998,0,-1.221322743,4.404136542,-3.182813799
178.61,-64.99637933,0.05295508681,0.5959941248,0.3177323998,0,-1.221322743,4.404136542,-3.182813799
178.62,-64.99637933,0.05295508681,0.5959941248,0.3177323998,0,-1.221322743,4.404136542,-3.182813799
178.63,-64.99637933,0.05295508681,0.5959941248,0.3177323998,0,-1.221322743,4.404136542,-3.182813799
178.64,-64.99637933,0.05295508681,0.5959941248,0.3177323998,0,-1.221322743,4.404136542,-3.182813799
178.65,-64.99637933,0.05295508681,0.5959941248,0.3177323998,0,-1.221322743,4.404136542,-3.182813799
178.66,-64.99637933,0.05295508681,0.5959941248,0.3177323998,0,-1.221322743,4.404136542,-3.182813799
178.67,-64.99637933,0.05295508681,0.5959941248,0.3177323998,0,-1.221322743,4.404136542,-3.182813799
178.68,-64.99637933,0.05295508681,0.5959941248,0.3177323998,0,-1.221322743,4.404136542,-3.182813799
178.69,-64.99637933,0.05295508681,0.5959941248,0.3177323998,0,-1.221322743,4.404136542,-3.182813799
178.7,-64.99637933,0.05295508681,0.5959941248,0.3177323998,0,-1.221322743,4.404136542,-3.182813799
178.71,-64.99637933,0.05295508681,0.5959941248,0.3177323998,0,-1.221322743,4.404136542,-3.182813799
178.72,-64.99637933,0.05295508681,0.5959941248,0.3177323998,0,-1.221322743,4.404136542,-3.182813799
178.73,-64.99637933,0.05295508681,0.5959941248,0.3177323998,0,-1.221322743,4.404136542,-3.182813799
178.74,-64.99637933,0.05295508681,0.5959941248,0.3177323998,0,-1.221322743,4.404136542,-3.182813799
178.75,-64.99637933,0.05295508681,0.5959941248,0.3177323998,0,-1.221322743,4.404136542,-3.182813799
178.76,-64.99637933,0.05295508681,0.5959941248,0.3177323998,0,-1.221322743,4.404136542,-3.182813799
178.77,-64.99637933,0.05295508681,0.5959941248,0.3177323998,0,-1.221322743,4.404136542,-3.182813799
178.78,-64.99637933,0.05295508681,0.5959941248,0.3177323998,0,-1.221322743,4.404136542,-3.182813799
178.79,-64.99637933,0.05295508681,0.5959941248,0.3177323998,0,-1.221322743,4.404136542,-3.182813799
178.8,-64.99637933,0.05295508681,0.5959941248,0.3177323998,0,-1.221322743,4.404136542,-3.182813799
178.81,-64.99637933,0.05295508681,0.5959941248,0.3177323998,0,-1.221322743,4.404136542,-3.182813799
178.82,-64.99637933,0.05295508681,0.5959941248,0.3177323998,0,-1.221322743,4.404136542,-3.182813799
178.83,-64.99637933,0.05295508681,0.5959941248,0.3177323998,0,-1.221322743,4.404136542,-3.182813799
178.84,-64.99637933,0.05295508681,0.5959941248,0.3177323998,0,-1.221322743,4.404136542,-3.182813799
178.85,-64.99637933,0.05295508681,0.5959941248,0.3177323998,0,-1.221322743,4.404136542,-3.182813799
178.86,-64.99637933,0.05295508681,0.5959941248,0.3177323998,0,-1.221322743,4.404136542,-3.182813799
178.87,-64.99637933,0.05295508681,0.5959941248,0.3177323998,0,-1.221322743,4.404136542,-3.182813799
178.88,-64.99637933,0.05295508681,0.5959941248,0.3177323998,0,-1.221322743,4.404136542,-3.182813799
178.89,-64.99637933,0.05295508681,0.5959941248,0.3177323998,0,-1.221322743,4.404136542,-3.182813799
178.9,-64.99637933,0.05295508681,0.5959941248,0.3177323998,0,-1.221322743,4.404136542,-3.182813799
178.91,-64.99637933,0.05295508681,0.5959941248,0.3177323998,0,-1.221322743,4.404136542,-3.182813799
178.92,-64.99637933,0.05295508681,0.5959941248,0.3177323998,0,-1.221322743,4.404136542,-3.182813799
178.93,-64.99637933,0.05295508681,0.5959941248,0.3177323998,0,-1.221322743,4.404136542,-3.182813799
178.94,-64.99637933,0.05295508681,0.5959941248,0.3177323998,0,-1.221322743,4.404136542,-3.182813799
178.95,-64.99637933,0.05295508681,0.5959941248,0.3177323998,0,-1.221322743,4.404136542,-3.182813799
178.96,-64.99637933,0.05295508681,0.5959941248,0.3177323998,0,-1.221322743,4.404136542,-3.182813799
178.97,-64.99637933,0.05295508681,0.5959941248,0.3177323998,0,-1.221322743,4.404136542,-3.182813799
178.98,-64.99637933,0.05295508681,0.5959941248,0.3177323998,0,-1.221322743,4.404136542,-3.182813799
178.99,-64.99637933,0.05295508681,0.5959941248,0.3177323998,0,-1.221322743,4.404136542,-3.182813799
179,-64.99637933,0.05295508681,0.5959941248,0.3177323998,0,-1.221322743,4.404136542,-3.182813799
179.01,-64.99637933,0.05295508681,0.5959941248,0.3177323998,0,-1.221322743,4.404136542,-3.182813799
179.02,-64.99637933,0.05295508681,0.5959941248,0.3177323998,0,-1.221322743,4.404136542,-3.182813799
179.03,-64.99637933,0.05295508681,0.5959941248,0.3177323998,0,-1.221322743,4.404136542,-3.182813799
179.04,-64.99637933,0.05295508681,0.5959941248,0.3177323998,0,-1.221322743,4.404136542,-3.182813799
179.05,-64.99637933,0.05295508681,0.5959941248,0.3177323998,0,-1.221322743,4.404136542,-3.182813799
179.06,-64.99637933,0.05295508681,0.5959941248,0.3177323998,0,-1.221322743,4.404136542,-3.182813799
179.07,-64.99637933,0.05295508681,0.5959941248,0.3177323998,0,-1.221322743,4.404136542,-3.182813799
179.08,-64.99637933,0.05295508681,0.5959941248,0.3177323998,0,-1.221322743,4.404136542,-3.182813799
179.09,-64.99637933,0.05295508681,0.5959941248,0.3177323998,0,-1.221322743,4.404136542,-3.182813799
179.1,-64.99637933,0.05295508681,0.5959941248,0.3177323998,0,-1.221322743,4.404136542,-3.182813799
179.11,-64.99637933,0.05295508681,0.5959941248,0.3177323998,0,-1.221322743,4.404136542,-3.182813799
179.12,-64.99637933,0.05295508681,0.5959941248,0.3177323998,0,-1.221322743,4.404136542,-3.182813799
179.13,-64.99637933,0.05295508681,0.5959941248,0.3177323998,0,-1.221322743,4.404136542,-3.182813799
179.14,-64.99637933,0.05295508681,0.5959941248,0.3177323998,0,-1.221322743,4.404136542,-3.182813799
179.15,-64.99637933,0.05295508681,0.5959941248,0.3177323998,0,-1.221322743,4.404136542,-3.182813799
179.16,-64.99637933,0.05295508681,0.5959941248,0.3177323998,0,-1.221322743,4.404136542,-3.182813799
179.17,-64.99637933,0.05295508681,0.5959941248,0.3177323998,0,-1.221322743,4.404136542,-3.182813799
179.18,-64.99637933,0.05295508681,0.5959941248,0.3177323998,0,-1.221322743,4.404136542,-3.182813799
179.19,-64.99637933,0.05295508681,0.5959941248,0.3177323998,0,-1.221322743,4.404136542,-3.182813799
179.2,-64.99637933,0.05295508681,0.5959941248,0.3177323998,0,-1.221322743,4.404136542,-3.182813799
179.21,-64.99637933,0.05295508681,0.5959941248,0.3177323998,0,-1.221322743,4.404136542,-3.182813799
179.22,-64.99637933,0.05295508681,0.5959941248,0.3177323998,0,-1.221322743,4.404136542,-3.182813799
179.23,-64.99637933,0.05295508681,0.5959941248,0.3177323998,0,-1.221322743,4.404136542,-3.182813799
179.24,-64.99637933,0.05295508681,0.5959941248,0.3177323998,0,-1.221322743,4.404136542,-3.182813799
179.25,-64.99637933,0.05295508681,0.5959941248,0.3177323998,0,-1.221322743,4.404136542,-3.182813799
179.26,-64.99637933,0.05295508681,0.5959941248,0.3177323998,0,-1.221322743,4.404136542,-3.182813799
179.27,-64.99637933,0.05295508681,0.5959941248,0.3177323998,0,-1.221322743,4.404136542,-3.182813799
179.28,-64.99637933,0.05295508681,0.5959941248,0.3177323998,0,-1.221322743,4.404136542,-3.182813799
179.29,-64.99637933,0.05295508681,0.5959941248,0.3177323998,0,-1.221322743,4.404136542,-3.182813799
179.3,-64.99637933,0.05295508681,0.5959941248,0.3177323998,0,-1.221322743,4.404136542,-3.182813799
179.31,-64.99637933,0.05295508681,0.5959941248,0.3177323998,0,-1.221322743,4.404136542,-3.182813799
179.32,-64.99637933,0.05295508681,0.5959941248,0.3177323998,0,-1.221322743,4.404136542,-3.182813799
179.33,-64.99637933,0.05295508681,0.5959941248,0.3177323998,0,-1.221322743,4.404136542,-3.182813799
179.34,-64.99637933,0.05295508681,0.5959941248,0.3177323998,0,-1.221322743,4.404136542,-3.182813799
179.35,-64.99637933,0.05295508681,0.5959941248,0.3177323998,0,-1.221322743,4.404136542,-3.182813799
179.36,-64.99637933,0.05295508681,0.5959941248,0.3177323998,0,-1.221322743,4.404136542,-3.182813799
179.37,-64.99637933,0.05295508681,0.5959941248,0.3177323998,0,-1.221322743,4.404136542,-3.182813799
179.38,-64.99637933,0.05295508681,0.5959941248,0.3177323998,0,-1.221322743,4.404136542,-3.182813799
179.39,-64.99637933,0.05295508681,0.5959941248,0.3177323998,0,-1.221322743,4.404136542,-3.182813799
179.4,-64.99637933,0.05295508681,0.5959941248,0.3177323998,0,-1.221322743,4.404136542,-3.182813799
179.41,-64.99637933,0.05295508681,0.5959941248,0.3177323998,0,-1.221322743,4.404136542,-3.182813799
179.42,-64.99637933,0.05295508681,0.5959941248,0.3177323998,0,-1.221322743,4.404136542,-3.182813799
179.43,-64.99637933,0.05295508681,0.5959941248,0.3177323998,0,-1.221322743,4.404136542,-3.182813799
179.44,-64.99637933,0.05295508681,0.5959941248,0.3177323998,0,-1.221322743,4.404136542,-3.182813799
179.45,-64.99637933,0.05295508681,0.5959941248,0.3177323998,0,-1.221322743,4.404136542,-3.182813799
179.46,-64.99637933,0.05295508681,0.5959941248,0.3177323998,0,-1.221322743,4.404136542,-3.182813799
179.47,-64.99637933,0.05295508681,0.5959941248,0.3177323998,0,-1.221322743,4.404136542,-3.182813799
179.48,-64.99637933,0.05295508681,0.5959941248,0.3177323998,0,-1.221322743,4.404136542,-3.182813799
179.49,-64.99637933,0.05295508681,0.5959941248,0.3177323998,0,-1.221322743,4.404136542,-3.182813799
179.5,-64.99637933,0.05295508681,0.5959941248,0.3177323998,0,-1.221322743,4.404136542,-3.182813799
179.51,-64.99637933,0.05295508681,0.5959941248,0.3177323998,0,-1.221322743,4.404136542,-3.182813799
179.52,-64.99637933,0.05295508681,0.5959941248,0.3177323998,0,-1.221322743,4.404136542,-3.182813799
179.53,-64.99637933,0.05295508681,0.5959941248,0.3177323998,0,-1.221322743,4.404136542,-3.182813799
179.54,-64.99637933,0.05295508681,0.5959941248,0.3177323998,0,-1.221322743,4.404136542,-3.182813799
179.55,-64.99637933,0.05295508681,0.5959941248,0.3177323998,0,-1.221322743,4.404136542,-3.182813799
179.56,-64.99637933,0.05295508681,0.5959941248,0.3177323998,0,-1.221322743,4.404136542,-3.182813799
179.57,-64.99637933,0.05295508681,0.5959941248,0.3177323998,0,-1.221322743,4.404136542,-3.182813799
179.58,-64.99637933,0.05295508681,0.5959941248,0.3177323998,0,-1.221322743,4.404136542,-3.182813799
179.59,-64.99637933,0.05295508681,0.5959941248,0.3177323998,0,-1.221322743,4.404136542,-3.182813799
179.6,-64.99637933,0.05295508681,0.5959941248,0.3177323998,0,-1.221322743,4.404136542,-3.182813799
179.61,-64.99637933,0.05295508681,0.5959941248,0.3177323998,0,-1.221322743,4.404136542,-3.182813799
179.62,-64.99637933,0.05295508681,0.5959941248,0.3177323998,0,-1.221322743,4.404136542,-3.182813799
179.63,-64.99637933,0.05295508681,0.5959941248,0.3177323998,0,-1.221322743,4.404136542,-3.182813799
179.64,-64.99637933,0.05295508681,0.5959941248,0.3177323998,0,-1.221322743,4.404136542,-3.182813799
179.65,-64.99637933,0.05295508681,0.5959941248,0.3177323998,0,-1.221322743,4.404136542,-3.182813799
179.66,-64.99637933,0.05295508681,0.5959941248,0.3177323998,0,-1.221322743,4.404136542,-3.182813799
179.67,-64.99637933,0.05295508681,0.5959941248,0.3177323998,0,-1.221322743,4.404136542,-3.182813799
179.68,-64.99637933,0.05295508681,0.5959941248,0.3177323998,0,-1.221322743,4.404136542,-3.182813799
179.69,-64.99637933,0.05295508681,0.5959941248,0.3177323998,0,-1.221322743,4.404136542,-3.182813799
179.7,-64.99637933,0.05295508681,0.5959941248,0.3177323998,0,-1.221322743,4.404136542,-3.182813799
179.71,-64.99637933,0.05295508681,0.5959941248,0.3177323998,0,-1.221322743,4.404136542,-3.182813799
179.72,-64.99637933,0.05295508681,0.5959941248,0.3177323998,0,-1.221322743,4.404136542,-3.182813799
179.73,-64.99637933,0.05295508681,0.5959941248,0.3177323998,0,-1.221322743,4.404136542,-3.182813799
179.74,-64.99637933,0.05295508681,0.5959941248,0.3177323998,0,-1.221322743,4.404136542,-3.182813799
179.75,-64.99637933,0.05295508681,0.5959941248,0.3177323998,0,-1.221322743,4.404136542,-3.182813799
179.76,-64.99637933,0.05295508681,0.5959941248,0.3177323998,0,-1.221322743,4.404136542,-3.182813799
179.77,-64.99637933,0.05295508681,0.5959941248,0.3177323998,0,-1.221322743,4.404136542,-3.182813799
179.78,-64.99637933,0.05295508681,0.5959941248,0.3177323998,0,-1.221322743,4.404136542,-3.182813799
179.79,-64.99637933,0.05295508681,0.5959941248,0.3177323998,0,-1.221322743,4.404136542,-3.182813799
179.8,-64.99637933,0.05295508681,0.5959941248,0.3177323998,0,-1.221322743,4.404136542,-3.182813799
179.81,-64.99637933,0.05295508681,0.5959941248,0.3177323998,0,-1.221322743,4.404136542,-3.182813799
179.82,-64.99637933,0.05295508681,0.5959941248,0.3177323998,0,-1.221322743,4.404136542,-3.182813799
179.83,-64.99637933,0.05295508681,0.5959941248,0.3177323998,0,-1.221322743,4.404136542,-3.182813799
179.84,-64.99637933,0.05295508681,0.5959941248,0.3177323998,0,-1.221322743,4.404136542,-3.182813799
179.85,-64.99637933,0.05295508681,0.5959941248,0.3177323998,0,-1.221322743,4.404136542,-3.182813799
179.86,-64.99637933,0.05295508681,0.5959941248,0.3177323998,0,-1.221322743,4.404136542,-3.182813799
179.87,-64.99637933,0.05295508681,0.5959941248,0.3177323998,0,-1.221322743,4.404136542,-3.182813799
179.88,-64.99637933,0.05295508681,0.5959941248,0.3177323998,0,-1.221322743,4.404136542,-3.182813799
179.89,-64.99637933,0.05295508681,0.5959941248,0.3177323998,0,-1.221322743,4.404136542,-3.182813799
179.9,-64.99637933,0.05295508681,0.5959941248,0.3177323998,0,-1.221322743,4.404136542,-3.182813799
179.91,-64.99637933,0.05295508681,0.5959941248,0.3177323998,0,-1.221322743,4.404136542,-3.182813799
179.92,-64.99637933,0.05295508681,0.5959941248,0.3177323998,0,-1.221322743,4.404136542,-3.182813799
179.93,-64.99637933,0.05295508681,0.5959941248,0.3177323998,0,-1.221322743,4.404136542,-3.182813799
179.94,-64.99637933,0.05295508681,0.5959941248,0.3177323998,0,-1.221322743,4.404136542,-3.182813799
179.95,-64.99637933,0.05295508681,0.5959941248,0.3177323998,0,-1.221322743,4.404136542,-3.182813799
179.96,-64.99637933,0.05295508681,0.5959941248,0.3177323998,0,-1.221322743,4.404136542,-3.182813799
179.97,-64.99637933,0.05295508681,0.5959941248,0.3177323998,0,-1.221322743,4.404136542,-3.182813799
179.98,-64.99637933,0.05295508681,0.5959941248,0.3177323998,0,-1.221322743,4.404136542,-3.182813799
179.99,-64.99637933,0.05295508681,0.5959941248,0.3177323998,0,-1.221322743,4.404136542,-3.182813799
180,-64.99637933,0.05295508681,0.5959941248,0.3177323998,0,-1.221322743,4.404136542,-3.182813799
180.01,-64.99637933,0.05295508681,0.5959941248,0.3177323998,0,-1.221322743,4.404136542,-3.182813799
180.02,-64.99637933,0.05295508681,0.5959941248,0.3177323998,0,-1.221322743,4.404136542,-3.182813799
180.03,-64.99637933,0.05295508681,0.5959941248,0.3177323998,0,-1.221322743,4.404136542,-3.182813799
180.04,-64.99637933,0.05295508681,0.5959941248,0.3177323998,0,-1.221322743,4.404136542,-3.182813799
180.05,-64.99637933,0.05295508681,0.5959941248,0.3177323998,0,-1.221322743,4.404136542,-3.182813799
180.06,-64.99637933,0.05295508681,0.5959941248,0.3177323998,0,-1.221322743,4.404136542,-3.182813799
180.07,-64.99637933,0.05295508681,0.5959941248,0.3177323998,0,-1.221322743,4.404136542,-3.182813799
180.08,-64.99637933,0.05295508681,0.5959941248,0.3177323998,0,-1.221322743,4.404136542,-3.182813799
180.09,-64.99637933,0.05295508681,0.5959941248,0.3177323998,0,-1.221322743,4.404136542,-3.182813799
180.1,-64.99637933,0.05295508681,0.5959941248,0.3177323998,0,-1.221322743,4.404136542,-3.182813799
180.11,-64.99637933,0.05295508681,0.5959941248,0.3177323998,0,-1.221322743,4.404136542,-3.182813799
180.12,-64.99637933,0.05295508681,0.5959941248,0.3177323998,0,-1.221322743,4.404136542,-3.182813799
180.13,-64.99637933,0.05295508681,0.5959941248,0.3177323998,0,-1.221322743,4.404136542,-3.182813799
180.14,-64.99637933,0.05295508681,0.5959941248,0.3177323998,0,-1.221322743,4.404136542,-3.182813799
180.15,-64.99637933,0.05295508681,0.5959941248,0.3177323998,0,-1.221322743,4.404136542,-3.182813799
180.16,-64.99637933,0.05295508681,0.5959941248,0.3177323998,0,-1.221322743,4.404136542,-3.182813799
180.17,-64.99637933,0.05295508681,0.5959941248,0.3177323998,0,-1.221322743,4.404136542,-3.182813799
180.18,-64.99637933,0.05295508681,0.5959941248,0.3177323998,0,-1.221322743,4.404136542,-3.182813799
180.19,-64.99637933,0.05295508681,0.5959941248,0.3177323998,0,-1.221322743,4.404136542,-3.182813799
180.2,-64.99637933,0.05295508681,0.5959941248,0.3177323998,0,-1.221322743,4.404136542,-3.182813799
180.21,-64.99637933,0.05295508681,0.5959941248,0.3177323998,0,-1.221322743,4.404136542,-3.182813799
180.22,-64.99637933,0.05295508681,0.5959941248,0.3177323998,0,-1.221322743,4.404136542,-3.182813799
180.23,-64.99637933,0.05295508681,0.5959941248,0.3177323998,0,-1.221322743,4.404136542,-3.182813799
180.24,-64.99637933,0.05295508681,0.5959941248,0.3177323998,0,-1.221322743,4.404136542,-3.182813799
180.25,-64.99637933,0.05295508681,0.5959941248,0.3177323998,0,-1.221322743,4.404136542,-3.182813799
180.26,-64.99637933,0.05295508681,0.5959941248,0.3177323998,0,-1.221322743,4.404136542,-3.182813799
180.27,-64.99637933,0.05295508681,0.5959941248,0.3177323998,0,-1.221322743,4.404136542,-3.182813799
180.28,-64.99637933,0.05295508681,0.5959941248,0.3177323998,0,-1.221322743,4.404136542,-3.182813799
180.29,-64.99637933,0.05295508681,0.5959941248,0.3177323998,0,-1.221322743,4.404136542,-3.182813799
180.3,-64.99637933,0.05295508681,0.5959941248,0.3177323998,0,-1.221322743,4.404136542,-3.182813799
180.31,-64.99637933,0.05295508681,0.5959941248,0.3177323998,0,-1.221322743,4.404136542,-3.182813799
180.32,-64.99637933,0.05295508681,0.5959941248,0.3177323998,0,-1.221322743,4.404136542,-3.182813799
180.33,-64.99637933,0.05295508681,0.5959941248,0.3177323998,0,-1.221322743,4.404136542,-3.182813799
180.34,-64.99637933,0.05295508681,0.5959941248,0.3177323998,0,-1.221322743,4.404136542,-3.182813799
180.35,-64.99637933,0.05295508681,0.5959941248,0.3177323998,0,-1.221322743,4.404136542,-3.182813799
180.36,-64.99637933,0.05295508681,0.5959941248,0.3177323998,0,-1.221322743,4.404136542,-3.182813799
180.37,-64.99637933,0.05295508681,0.5959941248,0.3177323998,0,-1.221322743,4.404136542,-3.182813799
180.38,-64.99637933,0.05295508681,0.5959941248,0.3177323998,0,-1.221322743,4.404136542,-3.182813799
180.39,-64.99637933,0.05295508681,0.5959941248,0.3177323998,0,-1.221322743,4.404136542,-3.182813799
180.4,-64.99637933,0.05295508681,0.5959941248,0.3177323998,0,-1.221322743,4.404136542,-3.182813799
180.41,-64.99637933,0.05295508681,0.5959941248,0.3177323998,0,-1.221322743,4.404136542,-3.182813799
180.42,-64.99637933,0.05295508681,0.5959941248,0.3177323998,0,-1.221322743,4.404136542,-3.182813799
180.43,-64.99637933,0.05295508681,0.5959941248,0.3177323998,0,-1.221322743,4.404136542,-3.182813799
180.44,-64.99637933,0.05295508681,0.5959941248,0.3177323998,0,-1.221322743,4.404136542,-3.182813799
180.45,-64.99637933,0.05295508681,0.5959941248,0.3177323998,0,-1.221322743,4.404136542,-3.182813799
180.46,-64.99637933,0.05295508681,0.5959941248,0.3177323998,0,-1.221322743,4.404136542,-3.182813799
180.47,-64.99637933,0.05295508681,0.5959941248,0.3177323998,0,-1.221322743,4.404136542,-3.182813799
180.48,-64.99637933,0.05295508681,0.5959941248,0.3177323998,0,-1.221322743,4.404136542,-3.182813799
180.49,-64.99637933,0.05295508681,0.5959941248,0.3177323998,0,-1.221322743,4.404136542,-3.182813799
180.5,-64.99637933,0.05295508681,0.5959941248,0.3177323998,0,-1.221322743,4.404136542,-3.182813799
180.51,-64.99637933,0.05295508681,0.5959941248,0.3177323998,0,-1.221322743,4.404136542,-3.182813799
180.52,-64.99637933,0.05295508681,0.5959941248,0.3177323998,0,-1.221322743,4.404136542,-3.182813799
180.53,-64.99637933,0.05295508681,0.5959941248,0.3177323998,0,-1.221322743,4.404136542,-3.182813799
180.54,-64.99637933,0.05295508681,0.5959941248,0.3177323998,0,-1.221322743,4.404136542,-3.182813799
180.55,-64.99637933,0.05295508681,0.5959941248,0.3177323998,0,-1.221322743,4.404136542,-3.182813799
180.56,-64.99637933,0.05295508681,0.5959941248,0.3177323998,0,-1.221322743,4.404136542,-3.182813799
180.57,-64.99637933,0.05295508681,0.5959941248,0.3177323998,0,-1.221322743,4.404136542,-3.182813799
180.58,-64.99637933,0.05295508681,0.5959941248,0.3177323998,0,-1.221322743,4.404136542,-3.182813799
180.59,-64.99637933,0.05295508681,0.5959941248,0.3177323998,0,-1.221322743,4.404136542,-3.182813799
180.6,-64.99637933,0.05295508681,0.5959941248,0.3177323998,0,-1.221322743,4.404136542,-3.182813799
180.61,-64.99637933,0.05295508681,0.5959941248,0.3177323998,0,-1.221322743,4.404136542,-3.182813799
180.62,-64.99637933,0.05295508681,0.5959941248,0.3177323998,0,-1.221322743,4.404136542,-3.182813799
180.63,-64.99637933,0.05295508681,0.5959941248,0.3177323998,0,-1.221322743,4.404136542,-3.182813799
180.64,-64.99637933,0.05295508681,0.5959941248,0.3177323998,0,-1.221322743,4.404136542,-3.182813799
180.65,-64.99637933,0.05295508681,0.5959941248,0.3177323998,0,-1.221322743,4.404136542,-3.182813799
180.66,-64.99637933,0.05295508681,0.5959941248,0.3177323998,0,-1.221322743,4.404136542,-3.182813799
180.67,-64.99637933,0.05295508681,0.5959941248,0.3177323998,0,-1.221322743,4.404136542,-3.182813799
180.68,-64.99637933,0.05295508681,0.5959941248,0.3177323998,0,-1.221322743,4.404136542,-3.182813799
180.69,-64.99637933,0.05295508681,0.5959941248,0.3177323998,0,-1.221322743,4.404136542,-3.182813799
180.7,-64.99637933,0.05295508681,0.5959941248,0.3177323998,0,-1.221322743,4.404136542,-3.182813799
180.71,-64.99637933,0.05295508681,0.5959941248,0.3177323998,0,-1.221322743,4.404136542,-3.182813799
180.72,-64.99637933,0.05295508681,0.5959941248,0.3177323998,0,-1.221322743,4.404136542,-3.182813799
180.73,-64.99637933,0.05295508681,0.5959941248,0.3177323998,0,-1.221322743,4.404136542,-3.182813799
180.74,-64.99637933,0.05295508681,0.5959941248,0.3177323998,0,-1.221322743,4.404136542,-3.182813799
180.75,-64.99637933,0.05295508681,0.5959941248,0.3177323998,0,-1.221322743,4.404136542,-3.182813799
180.76,-64.99637933,0.05295508681,0.5959941248,0.3177323998,0,-1.221322743,4.404136542,-3.182813799
180.77,-64.99637933,0.05295508681,0.5959941248,0.3177323998,0,-1.221322743,4.404136542,-3.182813799
180.78,-64.99637933,0.05295508681,0.5959941248,0.3177323998,0,-1.221322743,4.404136542,-3.182813799
180.79,-64.99637933,0.05295508681,0.5959941248,0.3177323998,0,-1.221322743,4.404136542,-3.182813799
180.8,-64.99637933,0.05295508681,0.5959941248,0.3177323998,0,-1.221322743,4.404136542,-3.182813799
180.81,-64.99637933,0.05295508681,0.5959941248,0.3177323998,0,-1.221322743,4.404136542,-3.182813799
180.82,-64.99637933,0.05295508681,0.5959941248,0.3177323998,0,-1.221322743,4.404136542,-3.182813799
180.83,-64.99637933,0.05295508681,0.5959941248,0.3177323998,0,-1.221322743,4.404136542,-3.182813799
180.84,-64.99637933,0.05295508681,0.5959941248,0.3177323998,0,-1.221322743,4.404136542,-3.182813799
180.85,-64.99637933,0.05295508681,0.5959941248,0.3177323998,0,-1.221322743,4.404136542,-3.182813799
180.86,-64.99637933,0.05295508681,0.5959941248,0.3177323998,0,-1.221322743,4.404136542,-3.182813799
180.87,-64.99637933,0.05295508681,0.5959941248,0.3177323998,0,-1.221322743,4.404136542,-3.182813799
180.88,-64.99637933,0.05295508681,0.5959941248,0.3177323998,0,-1.221322743,4.404136542,-3.182813799
180.89,-64.99637933,0.05295508681,0.5959941248,0.3177323998,0,-1.221322743,4.404136542,-3.182813799
180.9,-64.99637933,0.05295508681,0.5959941248,0.3177323998,0,-1.221322743,4.404136542,-3.182813799
180.91,-64.99637933,0.05295508681,0.5959941248,0.3177323998,0,-1.221322743,4.404136542,-3.182813799
180.92,-64.99637933,0.05295508681,0.5959941248,0.3177323998,0,-1.221322743,4.404136542,-3.182813799
180.93,-64.99637933,0.05295508681,0.5959941248,0.3177323998,0,-1.221322743,4.404136542,-3.182813799
180.94,-64.99637933,0.05295508681,0.5959941248,0.3177323998,0,-1.221322743,4.404136542,-3.182813799
180.95,-64.99637933,0.05295508681,0.5959941248,0.3177323998,0,-1.221322743,4.404136542,-3.182813799
180.96,-64.99637933,0.05295508681,0.5959941248,0.3177323998,0,-1.221322743,4.404136542,-3.182813799
180.97,-64.99637933,0.05295508681,0.5959941248,0.3177323998,0,-1.221322743,4.404136542,-3.182813799
180.98,-64.99637933,0.05295508681,0.5959941248,0.3177323998,0,-1.221322743,4.404136542,-3.182813799
180.99,-64.99637933,0.05295508681,0.5959941248,0.3177323998,0,-1.221322743,4.404136542,-3.182813799
181,-64.99637933,0.05295508681,0.5959941248,0.3177323998,0,-1.221322743,4.404136542,-3.182813799
181.01,-64.99637933,0.05295508681,0.5959941248,0.3177323998,0,-1.221322743,4.404136542,-3.182813799
181.02,-64.99637933,0.05295508681,0.5959941248,0.3177323998,0,-1.221322743,4.404136542,-3.182813799
181.03,-64.99637933,0.05295508681,0.5959941248,0.3177323998,0,-1.221322743,4.404136542,-3.182813799
181.04,-64.99637933,0.05295508681,0.5959941248,0.3177323998,0,-1.221322743,4.404136542,-3.182813799
181.05,-64.99637933,0.05295508681,0.5959941248,0.3177323998,0,-1.221322743,4.404136542,-3.182813799
181.06,-64.99637933,0.05295508681,0.5959941248,0.3177323998,0,-1.221322743,4.404136542,-3.182813799
181.07,-64.99637933,0.05295508681,0.5959941248,0.3177323998,0,-1.221322743,4.404136542,-3.182813799
181.08,-64.99637933,0.05295508681,0.5959941248,0.3177323998,0,-1.221322743,4.404136542,-3.182813799
181.09,-64.99637933,0.05295508681,0.5959941248,0.3177323998,0,-1.221322743,4.404136542,-3.182813799
181.1,-64.99637933,0.05295508681,0.5959941248,0.3177323998,0,-1.221322743,4.404136542,-3.182813799
181.11,-64.99637933,0.05295508681,0.5959941248,0.3177323998,0,-1.221322743,4.404136542,-3.182813799
181.12,-64.99637933,0.05295508681,0.5959941248,0.3177323998,0,-1.221322743,4.404136542,-3.182813799
181.13,-64.99637933,0.05295508681,0.5959941248,0.3177323998,0,-1.221322743,4.404136542,-3.182813799
181.14,-64.99637933,0.05295508681,0.5959941248,0.3177323998,0,-1.221322743,4.404136542,-3.182813799
181.15,-64.99637933,0.05295508681,0.5959941248,0.3177323998,0,-1.221322743,4.404136542,-3.182813799
181.16,-64.99637933,0.05295508681,0.5959941248,0.3177323998,0,-1.221322743,4.404136542,-3.182813799
181.17,-64.99637933,0.05295508681,0.5959941248,0.3177323998,0,-1.221322743,4.404136542,-3.182813799
181.18,-64.99637933,0.05295508681,0.5959941248,0.3177323998,0,-1.221322743,4.404136542,-3.182813799
181.19,-64.99637933,0.05295508681,0.5959941248,0.3177323998,0,-1.221322743,4.404136542,-3.182813799
181.2,-64.99637933,0.05295508681,0.5959941248,0.3177323998,0,-1.221322743,4.404136542,-3.182813799
181.21,-64.99637933,0.05295508681,0.5959941248,0.3177323998,0,-1.221322743,4.404136542,-3.182813799
181.22,-64.99637933,0.05295508681,0.5959941248,0.3177323998,0,-1.221322743,4.404136542,-3.182813799
181.23,-64.99637933,0.05295508681,0.5959941248,0.3177323998,0,-1.221322743,4.404136542,-3.182813799
181.24,-64.99637933,0.05295508681,0.5959941248,0.3177323998,0,-1.221322743,4.404136542,-3.182813799
181.25,-64.99637933,0.05295508681,0.5959941248,0.3177323998,0,-1.221322743,4.404136542,-3.182813799
181.26,-64.99637933,0.05295508681,0.5959941248,0.3177323998,0,-1.221322743,4.404136542,-3.182813799
181.27,-64.99637933,0.05295508681,0.5959941248,0.3177323998,0,-1.221322743,4.404136542,-3.182813799
181.28,-64.99637933,0.05295508681,0.5959941248,0.3177323998,0,-1.221322743,4.404136542,-3.182813799
181.29,-64.99637933,0.05295508681,0.5959941248,0.3177323998,0,-1.221322743,4.404136542,-3.182813799
181.3,-64.99637933,0.05295508681,0.5959941248,0.3177323998,0,-1.221322743,4.404136542,-3.182813799
181.31,-64.99637933,0.05295508681,0.5959941248,0.3177323998,0,-1.221322743,4.404136542,-3.182813799
181.32,-64.99637933,0.05295508681,0.5959941248,0.3177323998,0,-1.221322743,4.404136542,-3.182813799
181.33,-64.99637933,0.05295508681,0.5959941248,0.3177323998,0,-1.221322743,4.404136542,-3.182813799
181.34,-64.99637933,0.05295508681,0.5959941248,0.3177323998,0,-1.221322743,4.404136542,-3.182813799
181.35,-64.99637933,0.05295508681,0.5959941248,0.3177323998,0,-1.221322743,4.404136542,-3.182813799
181.36,-64.99637933,0.05295508681,0.5959941248,0.3177323998,0,-1.221322743,4.404136542,-3.182813799
181.37,-64.99637933,0.05295508681,0.5959941248,0.3177323998,0,-1.221322743,4.404136542,-3.182813799
181.38,-64.99637933,0.05295508681,0.5959941248,0.3177323998,0,-1.221322743,4.404136542,-3.182813799
181.39,-64.99637933,0.05295508681,0.5959941248,0.3177323998,0,-1.221322743,4.404136542,-3.182813799
181.4,-64.99637933,0.05295508681,0.5959941248,0.3177323998,0,-1.221322743,4.404136542,-3.182813799
181.41,-64.99637933,0.05295508681,0.5959941248,0.3177323998,0,-1.221322743,4.404136542,-3.182813799
181.42,-64.99637933,0.05295508681,0.5959941248,0.3177323998,0,-1.221322743,4.404136542,-3.182813799
181.43,-64.99637933,0.05295508681,0.5959941248,0.3177323998,0,-1.221322743,4.404136542,-3.182813799
181.44,-64.99637933,0.05295508681,0.5959941248,0.3177323998,0,-1.221322743,4.404136542,-3.182813799
181.45,-64.99637933,0.05295508681,0.5959941248,0.3177323998,0,-1.221322743,4.404136542,-3.182813799
181.46,-64.99637933,0.05295508681,0.5959941248,0.3177323998,0,-1.221322743,4.404136542,-3.182813799
181.47,-64.99637933,0.05295508681,0.5959941248,0.3177323998,0,-1.221322743,4.404136542,-3.182813799
181.48,-64.99637933,0.05295508681,0.5959941248,0.3177323998,0,-1.221322743,4.404136542,-3.182813799
181.49,-64.99637933,0.05295508681,0.5959941248,0.3177323998,0,-1.221322743,4.404136542,-3.182813799
181.5,-64.99637933,0.05295508681,0.5959941248,0.3177323998,0,-1.221322743,4.404136542,-3.182813799
181.51,-64.99637933,0.05295508681,0.5959941248,0.3177323998,0,-1.221322743,4.404136542,-3.182813799
181.52,-64.99637933,0.05295508681,0.5959941248,0.3177323998,0,-1.221322743,4.404136542,-3.182813799
181.53,-64.99637933,0.05295508681,0.5959941248,0.3177323998,0,-1.221322743,4.404136542,-3.182813799
181.54,-64.99637933,0.05295508681,0.5959941248,0.3177323998,0,-1.221322743,4.404136542,-3.182813799
181.55,-64.99637933,0.05295508681,0.5959941248,0.3177323998,0,-1.221322743,4.404136542,-3.182813799
181.56,-64.99637933,0.05295508681,0.5959941248,0.3177323998,0,-1.221322743,4.404136542,-3.182813799
181.57,-64.99637933,0.05295508681,0.5959941248,0.3177323998,0,-1.221322743,4.404136542,-3.182813799
181.58,-64.99637933,0.05295508681,0.5959941248,0.3177323998,0,-1.221322743,4.404136542,-3.182813799
181.59,-64.99637933,0.05295508681,0.5959941248,0.3177323998,0,-1.221322743,4.404136542,-3.182813799
181.6,-64.99637933,0.05295508681,0.5959941248,0.3177323998,0,-1.221322743,4.404136542,-3.182813799
181.61,-64.99637933,0.05295508681,0.5959941248,0.3177323998,0,-1.221322743,4.404136542,-3.182813799
181.62,-64.99637933,0.05295508681,0.5959941248,0.3177323998,0,-1.221322743,4.404136542,-3.182813799
181.63,-64.99637933,0.05295508681,0.5959941248,0.3177323998,0,-1.221322743,4.404136542,-3.182813799
181.64,-64.99637933,0.05295508681,0.5959941248,0.3177323998,0,-1.221322743,4.404136542,-3.182813799
181.65,-64.99637933,0.05295508681,0.5959941248,0.3177323998,0,-1.221322743,4.404136542,-3.182813799
181.66,-64.99637933,0.05295508681,0.5959941248,0.3177323998,0,-1.221322743,4.404136542,-3.182813799
181.67,-64.99637933,0.05295508681,0.5959941248,0.3177323998,0,-1.221322743,4.404136542,-3.182813799
181.68,-64.99637933,0.05295508681,0.5959941248,0.3177323998,0,-1.221322743,4.404136542,-3.182813799
181.69,-64.99637933,0.05295508681,0.5959941248,0.3177323998,0,-1.221322743,4.404136542,-3.182813799
181.7,-64.99637933,0.05295508681,0.5959941248,0.3177323998,0,-1.221322743,4.404136542,-3.182813799
181.71,-64.99637933,0.05295508681,0.5959941248,0.3177323998,0,-1.221322743,4.404136542,-3.182813799
181.72,-64.99637933,0.05295508681,0.5959941248,0.3177323998,0,-1.221322743,4.404136542,-3.182813799
181.73,-64.99637933,0.05295508681,0.5959941248,0.3177323998,0,-1.221322743,4.404136542,-3.182813799
181.74,-64.99637933,0.05295508681,0.5959941248,0.3177323998,0,-1.221322743,4.404136542,-3.182813799
181.75,-64.99637933,0.05295508681,0.5959941248,0.3177323998,0,-1.221322743,4.404136542,-3.182813799
181.76,-64.99637933,0.05295508681,0.5959941248,0.3177323998,0,-1.221322743,4.404136542,-3.182813799
181.77,-64.99637933,0.05295508681,0.5959941248,0.3177323998,0,-1.221322743,4.404136542,-3.182813799
181.78,-64.99637933,0.05295508681,0.5959941248,0.3177323998,0,-1.221322743,4.404136542,-3.182813799
181.79,-64.99637933,0.05295508681,0.5959941248,0.3177323998,0,-1.221322743,4.404136542,-3.182813799
181.8,-64.99637933,0.05295508681,0.5959941248,0.3177323998,0,-1.221322743,4.404136542,-3.182813799
181.81,-64.99637933,0.05295508681,0.5959941248,0.3177323998,0,-1.221322743,4.404136542,-3.182813799
181.82,-64.99637933,0.05295508681,0.5959941248,0.3177323998,0,-1.221322743,4.404136542,-3.182813799
181.83,-64.99637933,0.05295508681,0.5959941248,0.3177323998,0,-1.221322743,4.404136542,-3.182813799
181.84,-64.99637933,0.05295508681,0.5959941248,0.3177323998,0,-1.221322743,4.404136542,-3.182813799
181.85,-64.99637933,0.05295508681,0.5959941248,0.3177323998,0,-1.221322743,4.404136542,-3.182813799
181.86,-64.99637933,0.05295508681,0.5959941248,0.3177323998,0,-1.221322743,4.404136542,-3.182813799
181.87,-64.99637933,0.05295508681,0.5959941248,0.3177323998,0,-1.221322743,4.404136542,-3.182813799
181.88,-64.99637933,0.05295508681,0.5959941248,0.3177323998,0,-1.221322743,4.404136542,-3.182813799
181.89,-64.99637933,0.05295508681,0.5959941248,0.3177323998,0,-1.221322743,4.404136542,-3.182813799
181.9,-64.99637933,0.05295508681,0.5959941248,0.3177323998,0,-1.221322743,4.404136542,-3.182813799
181.91,-64.99637933,0.05295508681,0.5959941248,0.3177323998,0,-1.221322743,4.404136542,-3.182813799
181.92,-64.99637933,0.05295508681,0.5959941248,0.3177323998,0,-1.221322743,4.404136542,-3.182813799
181.93,-64.99637933,0.05295508681,0.5959941248,0.3177323998,0,-1.221322743,4.404136542,-3.182813799
181.94,-64.99637933,0.05295508681,0.5959941248,0.3177323998,0,-1.221322743,4.404136542,-3.182813799
181.95,-64.99637933,0.05295508681,0.5959941248,0.3177323998,0,-1.221322743,4.404136542,-3.182813799
181.96,-64.99637933,0.05295508681,0.5959941248,0.3177323998,0,-1.221322743,4.404136542,-3.182813799
181.97,-64.99637933,0.05295508681,0.5959941248,0.3177323998,0,-1.221322743,4.404136542,-3.182813799
181.98,-64.99637933,0.05295508681,0.5959941248,0.3177323998,0,-1.221322743,4.404136542,-3.182813799
181.99,-64.99637933,0.05295508681,0.5959941248,0.3177323998,0,-1.221322743,4.404136542,-3.182813799
182,-64.99637933,0.05295508681,0.5959941248,0.3177323998,0,-1.221322743,4.404136542,-3.182813799
182.01,-64.99637933,0.05295508681,0.5959941248,0.3177323998,0,-1.221322743,4.404136542,-3.182813799
182.02,-64.99637933,0.05295508681,0.5959941248,0.3177323998,0,-1.221322743,4.404136542,-3.182813799
182.03,-64.99637933,0.05295508681,0.5959941248,0.3177323998,0,-1.221322743,4.404136542,-3.182813799
182.04,-64.99637933,0.05295508681,0.5959941248,0.3177323998,0,-1.221322743,4.404136542,-3.182813799
182.05,-64.99637933,0.05295508681,0.5959941248,0.3177323998,0,-1.221322743,4.404136542,-3.182813799
182.06,-64.99637933,0.05295508681,0.5959941248,0.3177323998,0,-1.221322743,4.404136542,-3.182813799
182.07,-64.99637933,0.05295508681,0.5959941248,0.3177323998,0,-1.221322743,4.404136542,-3.182813799
182.08,-64.99637933,0.05295508681,0.5959941248,0.3177323998,0,-1.221322743,4.404136542,-3.182813799
182.09,-64.99637933,0.05295508681,0.5959941248,0.3177323998,0,-1.221322743,4.404136542,-3.182813799
182.1,-64.99637933,0.05295508681,0.5959941248,0.3177323998,0,-1.221322743,4.404136542,-3.182813799
182.11,-64.99637933,0.05295508681,0.5959941248,0.3177323998,0,-1.221322743,4.404136542,-3.182813799
182.12,-64.99637933,0.05295508681,0.5959941248,0.3177323998,0,-1.221322743,4.404136542,-3.182813799
182.13,-64.99637933,0.05295508681,0.5959941248,0.3177323998,0,-1.221322743,4.404136542,-3.182813799
182.14,-64.99637933,0.05295508681,0.5959941248,0.3177323998,0,-1.221322743,4.404136542,-3.182813799
182.15,-64.99637933,0.05295508681,0.5959941248,0.3177323998,0,-1.221322743,4.404136542,-3.182813799
182.16,-64.99637933,0.05295508681,0.5959941248,0.3177323998,0,-1.221322743,4.404136542,-3.182813799
182.17,-64.99637933,0.05295508681,0.5959941248,0.3177323998,0,-1.221322743,4.404136542,-3.182813799
182.18,-64.99637933,0.05295508681,0.5959941248,0.3177323998,0,-1.221322743,4.404136542,-3.182813799
182.19,-64.99637933,0.05295508681,0.5959941248,0.3177323998,0,-1.221322743,4.404136542,-3.182813799
182.2,-64.99637933,0.05295508681,0.5959941248,0.3177323998,0,-1.221322743,4.404136542,-3.182813799
182.21,-64.99637933,0.05295508681,0.5959941248,0.3177323998,0,-1.221322743,4.404136542,-3.182813799
182.22,-64.99637933,0.05295508681,0.5959941248,0.3177323998,0,-1.221322743,4.404136542,-3.182813799
182.23,-64.99637933,0.05295508681,0.5959941248,0.3177323998,0,-1.221322743,4.404136542,-3.182813799
182.24,-64.99637933,0.05295508681,0.5959941248,0.3177323998,0,-1.221322743,4.404136542,-3.182813799
182.25,-64.99637933,0.05295508681,0.5959941248,0.3177323998,0,-1.221322743,4.404136542,-3.182813799
182.26,-64.99637933,0.05295508681,0.5959941248,0.3177323998,0,-1.221322743,4.404136542,-3.182813799
182.27,-64.99637933,0.05295508681,0.5959941248,0.3177323998,0,-1.221322743,4.404136542,-3.182813799
182.28,-64.99637933,0.05295508681,0.5959941248,0.3177323998,0,-1.221322743,4.404136542,-3.182813799
182.29,-64.99637933,0.05295508681,0.5959941248,0.3177323998,0,-1.221322743,4.404136542,-3.182813799
182.3,-64.99637933,0.05295508681,0.5959941248,0.3177323998,0,-1.221322743,4.404136542,-3.182813799
182.31,-64.99637933,0.05295508681,0.5959941248,0.3177323998,0,-1.221322743,4.404136542,-3.182813799
182.32,-64.99637933,0.05295508681,0.5959941248,0.3177323998,0,-1.221322743,4.404136542,-3.182813799
182.33,-64.99637933,0.05295508681,0.5959941248,0.3177323998,0,-1.221322743,4.404136542,-3.182813799
182.34,-64.99637933,0.05295508681,0.5959941248,0.3177323998,0,-1.221322743,4.404136542,-3.182813799
182.35,-64.99637933,0.05295508681,0.5959941248,0.3177323998,0,-1.221322743,4.404136542,-3.182813799
182.36,-64.99637933,0.05295508681,0.5959941248,0.3177323998,0,-1.221322743,4.404136542,-3.182813799
182.37,-64.99637933,0.05295508681,0.5959941248,0.3177323998,0,-1.221322743,4.404136542,-3.182813799
182.38,-64.99637933,0.05295508681,0.5959941248,0.3177323998,0,-1.221322743,4.404136542,-3.182813799
182.39,-64.99637933,0.05295508681,0.5959941248,0.3177323998,0,-1.221322743,4.404136542,-3.182813799
182.4,-64.99637933,0.05295508681,0.5959941248,0.3177323998,0,-1.221322743,4.404136542,-3.182813799
182.41,-64.99637933,0.05295508681,0.5959941248,0.3177323998,0,-1.221322743,4.404136542,-3.182813799
182.42,-64.99637933,0.05295508681,0.5959941248,0.3177323998,0,-1.221322743,4.404136542,-3.182813799
182.43,-64.99637933,0.05295508681,0.5959941248,0.3177323998,0,-1.221322743,4.404136542,-3.182813799
182.44,-64.99637933,0.05295508681,0.5959941248,0.3177323998,0,-1.221322743,4.404136542,-3.182813799
182.45,-64.99637933,0.05295508681,0.5959941248,0.3177323998,0,-1.221322743,4.404136542,-3.182813799
182.46,-64.99637933,0.05295508681,0.5959941248,0.3177323998,0,-1.221322743,4.404136542,-3.182813799
182.47,-64.99637933,0.05295508681,0.5959941248,0.3177323998,0,-1.221322743,4.404136542,-3.182813799
182.48,-64.99637933,0.05295508681,0.5959941248,0.3177323998,0,-1.221322743,4.404136542,-3.182813799
182.49,-64.99637933,0.05295508681,0.5959941248,0.3177323998,0,-1.221322743,4.404136542,-3.182813799
182.5,-64.99637933,0.05295508681,0.5959941248,0.3177323998,0,-1.221322743,4.404136542,-3.182813799
182.51,-64.99637933,0.05295508681,0.5959941248,0.3177323998,0,-1.221322743,4.404136542,-3.182813799
182.52,-64.99637933,0.05295508681,0.5959941248,0.3177323998,0,-1.221322743,4.404136542,-3.182813799
182.53,-64.99637933,0.05295508681,0.5959941248,0.3177323998,0,-1.221322743,4.404136542,-3.182813799
182.54,-64.99637933,0.05295508681,0.5959941248,0.3177323998,0,-1.221322743,4.404136542,-3.182813799
182.55,-64.99637933,0.05295508681,0.5959941248,0.3177323998,0,-1.221322743,4.404136542,-3.182813799
182.56,-64.99637933,0.05295508681,0.5959941248,0.3177323998,0,-1.221322743,4.404136542,-3.182813799
182.57,-64.99637933,0.05295508681,0.5959941248,0.3177323998,0,-1.221322743,4.404136542,-3.182813799
182.58,-64.99637933,0.05295508681,0.5959941248,0.3177323998,0,-1.221322743,4.404136542,-3.182813799
182.59,-64.99637933,0.05295508681,0.5959941248,0.3177323998,0,-1.221322743,4.404136542,-3.182813799
182.6,-64.99637933,0.05295508681,0.5959941248,0.3177323998,0,-1.221322743,4.404136542,-3.182813799
182.61,-64.99637933,0.05295508681,0.5959941248,0.3177323998,0,-1.221322743,4.404136542,-3.182813799
182.62,-64.99637933,0.05295508681,0.5959941248,0.3177323998,0,-1.221322743,4.404136542,-3.182813799
182.63,-64.99637933,0.05295508681,0.5959941248,0.3177323998,0,-1.221322743,4.404136542,-3.182813799
182.64,-64.99637933,0.05295508681,0.5959941248,0.3177323998,0,-1.221322743,4.404136542,-3.182813799
182.65,-64.99637933,0.05295508681,0.5959941248,0.3177323998,0,-1.221322743,4.404136542,-3.182813799
182.66,-64.99637933,0.05295508681,0.5959941248,0.3177323998,0,-1.221322743,4.404136542,-3.182813799
182.67,-64.99637933,0.05295508681,0.5959941248,0.3177323998,0,-1.221322743,4.404136542,-3.182813799
182.68,-64.99637933,0.05295508681,0.5959941248,0.3177323998,0,-1.221322743,4.404136542,-3.182813799
182.69,-64.99637933,0.05295508681,0.5959941248,0.3177323998,0,-1.221322743,4.404136542,-3.182813799
182.7,-64.99637933,0.05295508681,0.5959941248,0.3177323998,0,-1.221322743,4.404136542,-3.182813799
182.71,-64.99637933,0.05295508681,0.5959941248,0.3177323998,0,-1.221322743,4.404136542,-3.182813799
182.72,-64.99637933,0.05295508681,0.5959941248,0.3177323998,0,-1.221322743,4.404136542,-3.182813799
182.73,-64.99637933,0.05295508681,0.5959941248,0.3177323998,0,-1.221322743,4.404136542,-3.182813799
182.74,-64.99637933,0.05295508681,0.5959941248,0.3177323998,0,-1.221322743,4.404136542,-3.182813799
182.75,-64.99637933,0.05295508681,0.5959941248,0.3177323998,0,-1.221322743,4.404136542,-3.182813799
182.76,-64.99637933,0.05295508681,0.5959941248,0.3177323998,0,-1.221322743,4.404136542,-3.182813799
182.77,-64.99637933,0.05295508681,0.5959941248,0.3177323998,0,-1.221322743,4.404136542,-3.182813799
182.78,-64.99637933,0.05295508681,0.5959941248,0.3177323998,0,-1.221322743,4.404136542,-3.182813799
182.79,-64.99637933,0.05295508681,0.5959941248,0.3177323998,0,-1.221322743,4.404136542,-3.182813799
182.8,-64.99637933,0.05295508681,0.5959941248,0.3177323998,0,-1.221322743,4.404136542,-3.182813799
182.81,-64.99637933,0.05295508681,0.5959941248,0.3177323998,0,-1.221322743,4.404136542,-3.182813799
182.82,-64.99637933,0.05295508681,0.5959941248,0.3177323998,0,-1.221322743,4.404136542,-3.182813799
182.83,-64.99637933,0.05295508681,0.5959941248,0.3177323998,0,-1.221322743,4.404136542,-3.182813799
182.84,-64.99637933,0.05295508681,0.5959941248,0.3177323998,0,-1.221322743,4.404136542,-3.182813799
182.85,-64.99637933,0.05295508681,0.5959941248,0.3177323998,0,-1.221322743,4.404136542,-3.182813799
182.86,-64.99637933,0.05295508681,0.5959941248,0.3177323998,0,-1.221322743,4.404136542,-3.182813799
182.87,-64.99637933,0.05295508681,0.5959941248,0.3177323998,0,-1.221322743,4.404136542,-3.182813799
182.88,-64.99637933,0.05295508681,0.5959941248,0.3177323998,0,-1.221322743,4.404136542,-3.182813799
182.89,-64.99637933,0.05295508681,0.5959941248,0.3177323998,0,-1.221322743,4.404136542,-3.182813799
182.9,-64.99637933,0.05295508681,0.5959941248,0.3177323998,0,-1.221322743,4.404136542,-3.182813799
182.91,-64.99637933,0.05295508681,0.5959941248,0.3177323998,0,-1.221322743,4.404136542,-3.182813799
182.92,-64.99637933,0.05295508681,0.5959941248,0.3177323998,0,-1.221322743,4.404136542,-3.182813799
182.93,-64.99637933,0.05295508681,0.5959941248,0.3177323998,0,-1.221322743,4.404136542,-3.182813799
182.94,-64.99637933,0.05295508681,0.5959941248,0.3177323998,0,-1.221322743,4.404136542,-3.182813799
182.95,-64.99637933,0.05295508681,0.5959941248,0.3177323998,0,-1.221322743,4.404136542,-3.182813799
182.96,-64.99637933,0.05295508681,0.5959941248,0.3177323998,0,-1.221322743,4.404136542,-3.182813799
182.97,-64.99637933,0.05295508681,0.5959941248,0.3177323998,0,-1.221322743,4.404136542,-3.182813799
182.98,-64.99637933,0.05295508681,0.5959941248,0.3177323998,0,-1.221322743,4.404136542,-3.182813799
182.99,-64.99637933,0.05295508681,0.5959941248,0.3177323998,0,-1.221322743,4.404136542,-3.182813799
183,-64.99637933,0.05295508681,0.5959941248,0.3177323998,0,-1.221322743,4.404136542,-3.182813799
183.01,-64.99637933,0.05295508681,0.5959941248,0.3177323998,0,-1.221322743,4.404136542,-3.182813799
183.02,-64.99637933,0.05295508681,0.5959941248,0.3177323998,0,-1.221322743,4.404136542,-3.182813799
183.03,-64.99637933,0.05295508681,0.5959941248,0.3177323998,0,-1.221322743,4.404136542,-3.182813799
183.04,-64.99637933,0.05295508681,0.5959941248,0.3177323998,0,-1.221322743,4.404136542,-3.182813799
183.05,-64.99637933,0.05295508681,0.5959941248,0.3177323998,0,-1.221322743,4.404136542,-3.182813799
183.06,-64.99637933,0.05295508681,0.5959941248,0.3177323998,0,-1.221322743,4.404136542,-3.182813799
183.07,-64.99637933,0.05295508681,0.5959941248,0.3177323998,0,-1.221322743,4.404136542,-3.182813799
183.08,-64.99637933,0.05295508681,0.5959941248,0.3177323998,0,-1.221322743,4.404136542,-3.182813799
183.09,-64.99637933,0.05295508681,0.5959941248,0.3177323998,0,-1.221322743,4.404136542,-3.182813799
183.1,-64.99637933,0.05295508681,0.5959941248,0.3177323998,0,-1.221322743,4.404136542,-3.182813799
183.11,-64.99637933,0.05295508681,0.5959941248,0.3177323998,0,-1.221322743,4.404136542,-3.182813799
183.12,-64.99637933,0.05295508681,0.5959941248,0.3177323998,0,-1.221322743,4.404136542,-3.182813799
183.13,-64.99637933,0.05295508681,0.5959941248,0.3177323998,0,-1.221322743,4.404136542,-3.182813799
183.14,-64.99637933,0.05295508681,0.5959941248,0.3177323998,0,-1.221322743,4.404136542,-3.182813799
183.15,-64.99637933,0.05295508681,0.5959941248,0.3177323998,0,-1.221322743,4.404136542,-3.182813799
183.16,-64.99637933,0.05295508681,0.5959941248,0.3177323998,0,-1.221322743,4.404136542,-3.182813799
183.17,-64.99637933,0.05295508681,0.5959941248,0.3177323998,0,-1.221322743,4.404136542,-3.182813799
183.18,-64.99637933,0.05295508681,0.5959941248,0.3177323998,0,-1.221322743,4.404136542,-3.182813799
183.19,-64.99637933,0.05295508681,0.5959941248,0.3177323998,0,-1.221322743,4.404136542,-3.182813799
183.2,-64.99637933,0.05295508681,0.5959941248,0.3177323998,0,-1.221322743,4.404136542,-3.182813799
183.21,-64.99637933,0.05295508681,0.5959941248,0.3177323998,0,-1.221322743,4.404136542,-3.182813799
183.22,-64.99637933,0.05295508681,0.5959941248,0.3177323998,0,-1.221322743,4.404136542,-3.182813799
183.23,-64.99637933,0.05295508681,0.5959941248,0.3177323998,0,-1.221322743,4.404136542,-3.182813799
183.24,-64.99637933,0.05295508681,0.5959941248,0.3177323998,0,-1.221322743,4.404136542,-3.182813799
183.25,-64.99637933,0.05295508681,0.5959941248,0.3177323998,0,-1.221322743,4.404136542,-3.182813799
183.26,-64.99637933,0.05295508681,0.5959941248,0.3177323998,0,-1.221322743,4.404136542,-3.182813799
183.27,-64.99637933,0.05295508681,0.5959941248,0.3177323998,0,-1.221322743,4.404136542,-3.182813799
183.28,-64.99637933,0.05295508681,0.5959941248,0.3177323998,0,-1.221322743,4.404136542,-3.182813799
183.29,-64.99637933,0.05295508681,0.5959941248,0.3177323998,0,-1.221322743,4.404136542,-3.182813799
183.3,-64.99637933,0.05295508681,0.5959941248,0.3177323998,0,-1.221322743,4.404136542,-3.182813799
183.31,-64.99637933,0.05295508681,0.5959941248,0.3177323998,0,-1.221322743,4.404136542,-3.182813799
183.32,-64.99637933,0.05295508681,0.5959941248,0.3177323998,0,-1.221322743,4.404136542,-3.182813799
183.33,-64.99637933,0.05295508681,0.5959941248,0.3177323998,0,-1.221322743,4.404136542,-3.182813799
183.34,-64.99637933,0.05295508681,0.5959941248,0.3177323998,0,-1.221322743,4.404136542,-3.182813799
183.35,-64.99637933,0.05295508681,0.5959941248,0.3177323998,0,-1.221322743,4.404136542,-3.182813799
183.36,-64.99637933,0.05295508681,0.5959941248,0.3177323998,0,-1.221322743,4.404136542,-3.182813799
183.37,-64.99637933,0.05295508681,0.5959941248,0.3177323998,0,-1.221322743,4.404136542,-3.182813799
183.38,-64.99637933,0.05295508681,0.5959941248,0.3177323998,0,-1.221322743,4.404136542,-3.182813799
183.39,-64.99637933,0.05295508681,0.5959941248,0.3177323998,0,-1.221322743,4.404136542,-3.182813799
183.4,-64.99637933,0.05295508681,0.5959941248,0.3177323998,0,-1.221322743,4.404136542,-3.182813799
183.41,-64.99637933,0.05295508681,0.5959941248,0.3177323998,0,-1.221322743,4.404136542,-3.182813799
183.42,-64.99637933,0.05295508681,0.5959941248,0.3177323998,0,-1.221322743,4.404136542,-3.182813799
183.43,-64.99637933,0.05295508681,0.5959941248,0.3177323998,0,-1.221322743,4.404136542,-3.182813799
183.44,-64.99637933,0.05295508681,0.5959941248,0.3177323998,0,-1.221322743,4.404136542,-3.182813799
183.45,-64.99637933,0.05295508681,0.5959941248,0.3177323998,0,-1.221322743,4.404136542,-3.182813799
183.46,-64.99637933,0.05295508681,0.5959941248,0.3177323998,0,-1.221322743,4.404136542,-3.182813799
183.47,-64.99637933,0.05295508681,0.5959941248,0.3177323998,0,-1.221322743,4.404136542,-3.182813799
183.48,-64.99637933,0.05295508681,0.5959941248,0.3177323998,0,-1.221322743,4.404136542,-3.182813799
183.49,-64.99637933,0.05295508681,0.5959941248,0.3177323998,0,-1.221322743,4.404136542,-3.182813799
183.5,-64.99637933,0.05295508681,0.5959941248,0.3177323998,0,-1.221322743,4.404136542,-3.182813799
183.51,-64.99637933,0.05295508681,0.5959941248,0.3177323998,0,-1.221322743,4.404136542,-3.182813799
183.52,-64.99637933,0.05295508681,0.5959941248,0.3177323998,0,-1.221322743,4.404136542,-3.182813799
183.53,-64.99637933,0.05295508681,0.5959941248,0.3177323998,0,-1.221322743,4.404136542,-3.182813799
183.54,-64.99637933,0.05295508681,0.5959941248,0.3177323998,0,-1.221322743,4.404136542,-3.182813799
183.55,-64.99637933,0.05295508681,0.5959941248,0.3177323998,0,-1.221322743,4.404136542,-3.182813799
183.56,-64.99637933,0.05295508681,0.5959941248,0.3177323998,0,-1.221322743,4.404136542,-3.182813799
183.57,-64.99637933,0.05295508681,0.5959941248,0.3177323998,0,-1.221322743,4.404136542,-3.182813799
183.58,-64.99637933,0.05295508681,0.5959941248,0.3177323998,0,-1.221322743,4.404136542,-3.182813799
183.59,-64.99637933,0.05295508681,0.5959941248,0.3177323998,0,-1.221322743,4.404136542,-3.182813799
183.6,-64.99637933,0.05295508681,0.5959941248,0.3177323998,0,-1.221322743,4.404136542,-3.182813799
183.61,-64.99637933,0.05295508681,0.5959941248,0.3177323998,0,-1.221322743,4.404136542,-3.182813799
183.62,-64.99637933,0.05295508681,0.5959941248,0.3177323998,0,-1.221322743,4.404136542,-3.182813799
183.63,-64.99637933,0.05295508681,0.5959941248,0.3177323998,0,-1.221322743,4.404136542,-3.182813799
183.64,-64.99637933,0.05295508681,0.5959941248,0.3177323998,0,-1.221322743,4.404136542,-3.182813799
183.65,-64.99637933,0.05295508681,0.5959941248,0.3177323998,0,-1.221322743,4.404136542,-3.182813799
183.66,-64.99637933,0.05295508681,0.5959941248,0.3177323998,0,-1.221322743,4.404136542,-3.182813799
183.67,-64.99637933,0.05295508681,0.5959941248,0.3177323998,0,-1.221322743,4.404136542,-3.182813799
183.68,-64.99637933,0.05295508681,0.5959941248,0.3177323998,0,-1.221322743,4.404136542,-3.182813799
183.69,-64.99637933,0.05295508681,0.5959941248,0.3177323998,0,-1.221322743,4.404136542,-3.182813799
183.7,-64.99637933,0.05295508681,0.5959941248,0.3177323998,0,-1.221322743,4.404136542,-3.182813799
183.71,-64.99637933,0.05295508681,0.5959941248,0.3177323998,0,-1.221322743,4.404136542,-3.182813799
183.72,-64.99637933,0.05295508681,0.5959941248,0.3177323998,0,-1.221322743,4.404136542,-3.182813799
183.73,-64.99637933,0.05295508681,0.5959941248,0.3177323998,0,-1.221322743,4.404136542,-3.182813799
183.74,-64.99637933,0.05295508681,0.5959941248,0.3177323998,0,-1.221322743,4.404136542,-3.182813799
183.75,-64.99637933,0.05295508681,0.5959941248,0.3177323998,0,-1.221322743,4.404136542,-3.182813799
183.76,-64.99637933,0.05295508681,0.5959941248,0.3177323998,0,-1.221322743,4.404136542,-3.182813799
183.77,-64.99637933,0.05295508681,0.5959941248,0.3177323998,0,-1.221322743,4.404136542,-3.182813799
183.78,-64.99637933,0.05295508681,0.5959941248,0.3177323998,0,-1.221322743,4.404136542,-3.182813799
183.79,-64.99637933,0.05295508681,0.5959941248,0.3177323998,0,-1.221322743,4.404136542,-3.182813799
183.8,-64.99637933,0.05295508681,0.5959941248,0.3177323998,0,-1.221322743,4.404136542,-3.182813799
183.81,-64.99637933,0.05295508681,0.5959941248,0.3177323998,0,-1.221322743,4.404136542,-3.182813799
183.82,-64.99637933,0.05295508681,0.5959941248,0.3177323998,0,-1.221322743,4.404136542,-3.182813799
183.83,-64.99637933,0.05295508681,0.5959941248,0.3177323998,0,-1.221322743,4.404136542,-3.182813799
183.84,-64.99637933,0.05295508681,0.5959941248,0.3177323998,0,-1.221322743,4.404136542,-3.182813799
183.85,-64.99637933,0.05295508681,0.5959941248,0.3177323998,0,-1.221322743,4.404136542,-3.182813799
183.86,-64.99637933,0.05295508681,0.5959941248,0.3177323998,0,-1.221322743,4.404136542,-3.182813799
183.87,-64.99637933,0.05295508681,0.5959941248,0.3177323998,0,-1.221322743,4.404136542,-3.182813799
183.88,-64.99637933,0.05295508681,0.5959941248,0.3177323998,0,-1.221322743,4.404136542,-3.182813799
183.89,-64.99637933,0.05295508681,0.5959941248,0.3177323998,0,-1.221322743,4.404136542,-3.182813799
183.9,-64.99637933,0.05295508681,0.5959941248,0.3177323998,0,-1.221322743,4.404136542,-3.182813799
183.91,-64.99637933,0.05295508681,0.5959941248,0.3177323998,0,-1.221322743,4.404136542,-3.182813799
183.92,-64.99637933,0.05295508681,0.5959941248,0.3177323998,0,-1.221322743,4.404136542,-3.182813799
183.93,-64.99637933,0.05295508681,0.5959941248,0.3177323998,0,-1.221322743,4.404136542,-3.182813799
183.94,-64.99637933,0.05295508681,0.5959941248,0.3177323998,0,-1.221322743,4.404136542,-3.182813799
183.95,-64.99637933,0.05295508681,0.5959941248,0.3177323998,0,-1.221322743,4.404136542,-3.182813799
183.96,-64.99637933,0.05295508681,0.5959941248,0.3177323998,0,-1.221322743,4.404136542,-3.182813799
183.97,-64.99637933,0.05295508681,0.5959941248,0.3177323998,0,-1.221322743,4.404136542,-3.182813799
183.98,-64.99637933,0.05295508681,0.5959941248,0.3177323998,0,-1.221322743,4.404136542,-3.182813799
183.99,-64.99637933,0.05295508681,0.5959941248,0.3177323998,0,-1.221322743,4.404136542,-3.182813799
184,-64.99637933,0.05295508681,0.5959941248,0.3177323998,0,-1.221322743,4.404136542,-3.182813799
184.01,-64.99637933,0.05295508681,0.5959941248,0.3177323998,0,-1.221322743,4.404136542,-3.182813799
184.02,-64.99637933,0.05295508681,0.5959941248,0.3177323998,0,-1.221322743,4.404136542,-3.182813799
184.03,-64.99637933,0.05295508681,0.5959941248,0.3177323998,0,-1.221322743,4.404136542,-3.182813799
184.04,-64.99637933,0.05295508681,0.5959941248,0.3177323998,0,-1.221322743,4.404136542,-3.182813799
184.05,-64.99637933,0.05295508681,0.5959941248,0.3177323998,0,-1.221322743,4.404136542,-3.182813799
184.06,-64.99637933,0.05295508681,0.5959941248,0.3177323998,0,-1.221322743,4.404136542,-3.182813799
184.07,-64.99637933,0.05295508681,0.5959941248,0.3177323998,0,-1.221322743,4.404136542,-3.182813799
184.08,-64.99637933,0.05295508681,0.5959941248,0.3177323998,0,-1.221322743,4.404136542,-3.182813799
184.09,-64.99637933,0.05295508681,0.5959941248,0.3177323998,0,-1.221322743,4.404136542,-3.182813799
184.1,-64.99637933,0.05295508681,0.5959941248,0.3177323998,0,-1.221322743,4.404136542,-3.182813799
184.11,-64.99637933,0.05295508681,0.5959941248,0.3177323998,0,-1.221322743,4.404136542,-3.182813799
184.12,-64.99637933,0.05295508681,0.5959941248,0.3177323998,0,-1.221322743,4.404136542,-3.182813799
184.13,-64.99637933,0.05295508681,0.5959941248,0.3177323998,0,-1.221322743,4.404136542,-3.182813799
184.14,-64.99637933,0.05295508681,0.5959941248,0.3177323998,0,-1.221322743,4.404136542,-3.182813799
184.15,-64.99637933,0.05295508681,0.5959941248,0.3177323998,0,-1.221322743,4.404136542,-3.182813799
184.16,-64.99637933,0.05295508681,0.5959941248,0.3177323998,0,-1.221322743,4.404136542,-3.182813799
184.17,-64.99637933,0.05295508681,0.5959941248,0.3177323998,0,-1.221322743,4.404136542,-3.182813799
184.18,-64.99637933,0.05295508681,0.5959941248,0.3177323998,0,-1.221322743,4.404136542,-3.182813799
184.19,-64.99637933,0.05295508681,0.5959941248,0.3177323998,0,-1.221322743,4.404136542,-3.182813799
184.2,-64.99637933,0.05295508681,0.5959941248,0.3177323998,0,-1.221322743,4.404136542,-3.182813799
184.21,-64.99637933,0.05295508681,0.5959941248,0.3177323998,0,-1.221322743,4.404136542,-3.182813799
184.22,-64.99637933,0.05295508681,0.5959941248,0.3177323998,0,-1.221322743,4.404136542,-3.182813799
184.23,-64.99637933,0.05295508681,0.5959941248,0.3177323998,0,-1.221322743,4.404136542,-3.182813799
184.24,-64.99637933,0.05295508681,0.5959941248,0.3177323998,0,-1.221322743,4.404136542,-3.182813799
184.25,-64.99637933,0.05295508681,0.5959941248,0.3177323998,0,-1.221322743,4.404136542,-3.182813799
184.26,-64.99637933,0.05295508681,0.5959941248,0.3177323998,0,-1.221322743,4.404136542,-3.182813799
184.27,-64.99637933,0.05295508681,0.5959941248,0.3177323998,0,-1.221322743,4.404136542,-3.182813799
184.28,-64.99637933,0.05295508681,0.5959941248,0.3177323998,0,-1.221322743,4.404136542,-3.182813799
184.29,-64.99637933,0.05295508681,0.5959941248,0.3177323998,0,-1.221322743,4.404136542,-3.182813799
184.3,-64.99637933,0.05295508681,0.5959941248,0.3177323998,0,-1.221322743,4.404136542,-3.182813799
184.31,-64.99637933,0.05295508681,0.5959941248,0.3177323998,0,-1.221322743,4.404136542,-3.182813799
184.32,-64.99637933,0.05295508681,0.5959941248,0.3177323998,0,-1.221322743,4.404136542,-3.182813799
184.33,-64.99637933,0.05295508681,0.5959941248,0.3177323998,0,-1.221322743,4.404136542,-3.182813799
184.34,-64.99637933,0.05295508681,0.5959941248,0.3177323998,0,-1.221322743,4.404136542,-3.182813799
184.35,-64.99637933,0.05295508681,0.5959941248,0.3177323998,0,-1.221322743,4.404136542,-3.182813799
184.36,-64.99637933,0.05295508681,0.5959941248,0.3177323998,0,-1.221322743,4.404136542,-3.182813799
184.37,-64.99637933,0.05295508681,0.5959941248,0.3177323998,0,-1.221322743,4.404136542,-3.182813799
184.38,-64.99637933,0.05295508681,0.5959941248,0.3177323998,0,-1.221322743,4.404136542,-3.182813799
184.39,-64.99637933,0.05295508681,0.5959941248,0.3177323998,0,-1.221322743,4.404136542,-3.182813799
184.4,-64.99637933,0.05295508681,0.5959941248,0.3177323998,0,-1.221322743,4.404136542,-3.182813799
184.41,-64.99637933,0.05295508681,0.5959941248,0.3177323998,0,-1.221322743,4.404136542,-3.182813799
184.42,-64.99637933,0.05295508681,0.5959941248,0.3177323998,0,-1.221322743,4.404136542,-3.182813799
184.43,-64.99637933,0.05295508681,0.5959941248,0.3177323998,0,-1.221322743,4.404136542,-3.182813799
184.44,-64.99637933,0.05295508681,0.5959941248,0.3177323998,0,-1.221322743,4.404136542,-3.182813799
184.45,-64.99637933,0.05295508681,0.5959941248,0.3177323998,0,-1.221322743,4.404136542,-3.182813799
184.46,-64.99637933,0.05295508681,0.5959941248,0.3177323998,0,-1.221322743,4.404136542,-3.182813799
184.47,-64.99637933,0.05295508681,0.5959941248,0.3177323998,0,-1.221322743,4.404136542,-3.182813799
184.48,-64.99637933,0.05295508681,0.5959941248,0.3177323998,0,-1.221322743,4.404136542,-3.182813799
184.49,-64.99637933,0.05295508681,0.5959941248,0.3177323998,0,-1.221322743,4.404136542,-3.182813799
184.5,-64.99637933,0.05295508681,0.5959941248,0.3177323998,0,-1.221322743,4.404136542,-3.182813799
184.51,-64.99637933,0.05295508681,0.5959941248,0.3177323998,0,-1.221322743,4.404136542,-3.182813799
184.52,-64.99637933,0.05295508681,0.5959941248,0.3177323998,0,-1.221322743,4.404136542,-3.182813799
184.53,-64.99637933,0.05295508681,0.5959941248,0.3177323998,0,-1.221322743,4.404136542,-3.182813799
184.54,-64.99637933,0.05295508681,0.5959941248,0.3177323998,0,-1.221322743,4.404136542,-3.182813799
184.55,-64.99637933,0.05295508681,0.5959941248,0.3177323998,0,-1.221322743,4.404136542,-3.182813799
184.56,-64.99637933,0.05295508681,0.5959941248,0.3177323998,0,-1.221322743,4.404136542,-3.182813799
184.57,-64.99637933,0.05295508681,0.5959941248,0.3177323998,0,-1.221322743,4.404136542,-3.182813799
184.58,-64.99637933,0.05295508681,0.5959941248,0.3177323998,0,-1.221322743,4.404136542,-3.182813799
184.59,-64.99637933,0.05295508681,0.5959941248,0.3177323998,0,-1.221322743,4.404136542,-3.182813799
184.6,-64.99637933,0.05295508681,0.5959941248,0.3177323998,0,-1.221322743,4.404136542,-3.182813799
184.61,-64.99637933,0.05295508681,0.5959941248,0.3177323998,0,-1.221322743,4.404136542,-3.182813799
184.62,-64.99637933,0.05295508681,0.5959941248,0.3177323998,0,-1.221322743,4.404136542,-3.182813799
184.63,-64.99637933,0.05295508681,0.5959941248,0.3177323998,0,-1.221322743,4.404136542,-3.182813799
184.64,-64.99637933,0.05295508681,0.5959941248,0.3177323998,0,-1.221322743,4.404136542,-3.182813799
184.65,-64.99637933,0.05295508681,0.5959941248,0.3177323998,0,-1.221322743,4.404136542,-3.182813799
184.66,-64.99637933,0.05295508681,0.5959941248,0.3177323998,0,-1.221322743,4.404136542,-3.182813799
184.67,-64.99637933,0.05295508681,0.5959941248,0.3177323998,0,-1.221322743,4.404136542,-3.182813799
184.68,-64.99637933,0.05295508681,0.5959941248,0.3177323998,0,-1.221322743,4.404136542,-3.182813799
184.69,-64.99637933,0.05295508681,0.5959941248,0.3177323998,0,-1.221322743,4.404136542,-3.182813799
184.7,-64.99637933,0.05295508681,0.5959941248,0.3177323998,0,-1.221322743,4.404136542,-3.182813799
184.71,-64.99637933,0.05295508681,0.5959941248,0.3177323998,0,-1.221322743,4.404136542,-3.182813799
184.72,-64.99637933,0.05295508681,0.5959941248,0.3177323998,0,-1.221322743,4.404136542,-3.182813799
184.73,-64.99637933,0.05295508681,0.5959941248,0.3177323998,0,-1.221322743,4.404136542,-3.182813799
184.74,-64.99637933,0.05295508681,0.5959941248,0.3177323998,0,-1.221322743,4.404136542,-3.182813799
184.75,-64.99637933,0.05295508681,0.5959941248,0.3177323998,0,-1.221322743,4.404136542,-3.182813799
184.76,-64.99637933,0.05295508681,0.5959941248,0.3177323998,0,-1.221322743,4.404136542,-3.182813799
184.77,-64.99637933,0.05295508681,0.5959941248,0.3177323998,0,-1.221322743,4.404136542,-3.182813799
184.78,-64.99637933,0.05295508681,0.5959941248,0.3177323998,0,-1.221322743,4.404136542,-3.182813799
184.79,-64.99637933,0.05295508681,0.5959941248,0.3177323998,0,-1.221322743,4.404136542,-3.182813799
184.8,-64.99637933,0.05295508681,0.5959941248,0.3177323998,0,-1.221322743,4.404136542,-3.182813799
184.81,-64.99637933,0.05295508681,0.5959941248,0.3177323998,0,-1.221322743,4.404136542,-3.182813799
184.82,-64.99637933,0.05295508681,0.5959941248,0.3177323998,0,-1.221322743,4.404136542,-3.182813799
184.83,-64.99637933,0.05295508681,0.5959941248,0.3177323998,0,-1.221322743,4.404136542,-3.182813799
184.84,-64.99637933,0.05295508681,0.5959941248,0.3177323998,0,-1.221322743,4.404136542,-3.182813799
184.85,-64.99637933,0.05295508681,0.5959941248,0.3177323998,0,-1.221322743,4.404136542,-3.182813799
184.86,-64.99637933,0.05295508681,0.5959941248,0.3177323998,0,-1.221322743,4.404136542,-3.182813799
184.87,-64.99637933,0.05295508681,0.5959941248,0.3177323998,0,-1.221322743,4.404136542,-3.182813799
184.88,-64.99637933,0.05295508681,0.5959941248,0.3177323998,0,-1.221322743,4.404136542,-3.182813799
184.89,-64.99637933,0.05295508681,0.5959941248,0.3177323998,0,-1.221322743,4.404136542,-3.182813799
184.9,-64.99637933,0.05295508681,0.5959941248,0.3177323998,0,-1.221322743,4.404136542,-3.182813799
184.91,-64.99637933,0.05295508681,0.5959941248,0.3177323998,0,-1.221322743,4.404136542,-3.182813799
184.92,-64.99637933,0.05295508681,0.5959941248,0.3177323998,0,-1.221322743,4.404136542,-3.182813799
184.93,-64.99637933,0.05295508681,0.5959941248,0.3177323998,0,-1.221322743,4.404136542,-3.182813799
184.94,-64.99637933,0.05295508681,0.5959941248,0.3177323998,0,-1.221322743,4.404136542,-3.182813799
184.95,-64.99637933,0.05295508681,0.5959941248,0.3177323998,0,-1.221322743,4.404136542,-3.182813799
184.96,-64.99637933,0.05295508681,0.5959941248,0.3177323998,0,-1.221322743,4.404136542,-3.182813799
184.97,-64.99637933,0.05295508681,0.5959941248,0.3177323998,0,-1.221322743,4.404136542,-3.182813799
184.98,-64.99637933,0.05295508681,0.5959941248,0.3177323998,0,-1.221322743,4.404136542,-3.182813799
184.99,-64.99637933,0.05295508681,0.5959941248,0.3177323998,0,-1.221322743,4.404136542,-3.182813799
185,-64.99637933,0.05295508681,0.5959941248,0.3177323998,0,-1.221322743,4.404136542,-3.182813799
185.01,-64.99637933,0.05295508681,0.5959941248,0.3177323998,0,-1.221322743,4.404136542,-3.182813799
185.02,-64.99637933,0.05295508681,0.5959941248,0.3177323998,0,-1.221322743,4.404136542,-3.182813799
185.03,-64.99637933,0.05295508681,0.5959941248,0.3177323998,0,-1.221322743,4.404136542,-3.182813799
185.04,-64.99637933,0.05295508681,0.5959941248,0.3177323998,0,-1.221322743,4.404136542,-3.182813799
185.05,-64.99637933,0.05295508681,0.5959941248,0.3177323998,0,-1.221322743,4.404136542,-3.182813799
185.06,-64.99637933,0.05295508681,0.5959941248,0.3177323998,0,-1.221322743,4.404136542,-3.182813799
185.07,-64.99637933,0.05295508681,0.5959941248,0.3177323998,0,-1.221322743,4.404136542,-3.182813799
185.08,-64.99637933,0.05295508681,0.5959941248,0.3177323998,0,-1.221322743,4.404136542,-3.182813799
185.09,-64.99637933,0.05295508681,0.5959941248,0.3177323998,0,-1.221322743,4.404136542,-3.182813799
185.1,-64.99637933,0.05295508681,0.5959941248,0.3177323998,0,-1.221322743,4.404136542,-3.182813799
185.11,-64.99637933,0.05295508681,0.5959941248,0.3177323998,0,-1.221322743,4.404136542,-3.182813799
185.12,-64.99637933,0.05295508681,0.5959941248,0.3177323998,0,-1.221322743,4.404136542,-3.182813799
185.13,-64.99637933,0.05295508681,0.5959941248,0.3177323998,0,-1.221322743,4.404136542,-3.182813799
185.14,-64.99637933,0.05295508681,0.5959941248,0.3177323998,0,-1.221322743,4.404136542,-3.182813799
185.15,-64.99637933,0.05295508681,0.5959941248,0.3177323998,0,-1.221322743,4.404136542,-3.182813799
185.16,-64.99637933,0.05295508681,0.5959941248,0.3177323998,0,-1.221322743,4.404136542,-3.182813799
185.17,-64.99637933,0.05295508681,0.5959941248,0.3177323998,0,-1.221322743,4.404136542,-3.182813799
185.18,-64.99637933,0.05295508681,0.5959941248,0.3177323998,0,-1.221322743,4.404136542,-3.182813799
185.19,-64.99637933,0.05295508681,0.5959941248,0.3177323998,0,-1.221322743,4.404136542,-3.182813799
185.2,-64.99637933,0.05295508681,0.5959941248,0.3177323998,0,-1.221322743,4.404136542,-3.182813799
185.21,-64.99637933,0.05295508681,0.5959941248,0.3177323998,0,-1.221322743,4.404136542,-3.182813799
185.22,-64.99637933,0.05295508681,0.5959941248,0.3177323998,0,-1.221322743,4.404136542,-3.182813799
185.23,-64.99637933,0.05295508681,0.5959941248,0.3177323998,0,-1.221322743,4.404136542,-3.182813799
185.24,-64.99637933,0.05295508681,0.5959941248,0.3177323998,0,-1.221322743,4.404136542,-3.182813799
185.25,-64.99637933,0.05295508681,0.5959941248,0.3177323998,0,-1.221322743,4.404136542,-3.182813799
185.26,-64.99637933,0.05295508681,0.5959941248,0.3177323998,0,-1.221322743,4.404136542,-3.182813799
185.27,-64.99637933,0.05295508681,0.5959941248,0.3177323998,0,-1.221322743,4.404136542,-3.182813799
185.28,-64.99637933,0.05295508681,0.5959941248,0.3177323998,0,-1.221322743,4.404136542,-3.182813799
185.29,-64.99637933,0.05295508681,0.5959941248,0.3177323998,0,-1.221322743,4.404136542,-3.182813799
185.3,-64.99637933,0.05295508681,0.5959941248,0.3177323998,0,-1.221322743,4.404136542,-3.182813799
185.31,-64.99637933,0.05295508681,0.5959941248,0.3177323998,0,-1.221322743,4.404136542,-3.182813799
185.32,-64.99637933,0.05295508681,0.5959941248,0.3177323998,0,-1.221322743,4.404136542,-3.182813799
185.33,-64.99637933,0.05295508681,0.5959941248,0.3177323998,0,-1.221322743,4.404136542,-3.182813799
185.34,-64.99637933,0.05295508681,0.5959941248,0.3177323998,0,-1.221322743,4.404136542,-3.182813799
185.35,-64.99637933,0.05295508681,0.5959941248,0.3177323998,0,-1.221322743,4.404136542,-3.182813799
185.36,-64.99637933,0.05295508681,0.5959941248,0.3177323998,0,-1.221322743,4.404136542,-3.182813799
185.37,-64.99637933,0.05295508681,0.5959941248,0.3177323998,0,-1.221322743,4.404136542,-3.182813799
185.38,-64.99637933,0.05295508681,0.5959941248,0.3177323998,0,-1.221322743,4.404136542,-3.182813799
185.39,-64.99637933,0.05295508681,0.5959941248,0.3177323998,0,-1.221322743,4.404136542,-3.182813799
185.4,-64.99637933,0.05295508681,0.5959941248,0.3177323998,0,-1.221322743,4.404136542,-3.182813799
185.41,-64.99637933,0.05295508681,0.5959941248,0.3177323998,0,-1.221322743,4.404136542,-3.182813799
185.42,-64.99637933,0.05295508681,0.5959941248,0.3177323998,0,-1.221322743,4.404136542,-3.182813799
185.43,-64.99637933,0.05295508681,0.5959941248,0.3177323998,0,-1.221322743,4.404136542,-3.182813799
185.44,-64.99637933,0.05295508681,0.5959941248,0.3177323998,0,-1.221322743,4.404136542,-3.182813799
185.45,-64.99637933,0.05295508681,0.5959941248,0.3177323998,0,-1.221322743,4.404136542,-3.182813799
185.46,-64.99637933,0.05295508681,0.5959941248,0.3177323998,0,-1.221322743,4.404136542,-3.182813799
185.47,-64.99637933,0.05295508681,0.5959941248,0.3177323998,0,-1.221322743,4.404136542,-3.182813799
185.48,-64.99637933,0.05295508681,0.5959941248,0.3177323998,0,-1.221322743,4.404136542,-3.182813799
185.49,-64.99637933,0.05295508681,0.5959941248,0.3177323998,0,-1.221322743,4.404136542,-3.182813799
185.5,-64.99637933,0.05295508681,0.5959941248,0.3177323998,0,-1.221322743,4.404136542,-3.182813799
185.51,-64.99637933,0.05295508681,0.5959941248,0.3177323998,0,-1.221322743,4.404136542,-3.182813799
185.52,-64.99637933,0.05295508681,0.5959941248,0.3177323998,0,-1.221322743,4.404136542,-3.182813799
185.53,-64.99637933,0.05295508681,0.5959941248,0.3177323998,0,-1.221322743,4.404136542,-3.182813799
185.54,-64.99637933,0.05295508681,0.5959941248,0.3177323998,0,-1.221322743,4.404136542,-3.182813799
185.55,-64.99637933,0.05295508681,0.5959941248,0.3177323998,0,-1.221322743,4.404136542,-3.182813799
185.56,-64.99637933,0.05295508681,0.5959941248,0.3177323998,0,-1.221322743,4.404136542,-3.182813799
185.57,-64.99637933,0.05295508681,0.5959941248,0.3177323998,0,-1.221322743,4.404136542,-3.182813799
185.58,-64.99637933,0.05295508681,0.5959941248,0.3177323998,0,-1.221322743,4.404136542,-3.182813799
185.59,-64.99637933,0.05295508681,0.5959941248,0.3177323998,0,-1.221322743,4.404136542,-3.182813799
185.6,-64.99637933,0.05295508681,0.5959941248,0.3177323998,0,-1.221322743,4.404136542,-3.182813799
185.61,-64.99637933,0.05295508681,0.5959941248,0.3177323998,0,-1.221322743,4.404136542,-3.182813799
185.62,-64.99637933,0.05295508681,0.5959941248,0.3177323998,0,-1.221322743,4.404136542,-3.182813799
185.63,-64.99637933,0.05295508681,0.5959941248,0.3177323998,0,-1.221322743,4.404136542,-3.182813799
185.64,-64.99637933,0.05295508681,0.5959941248,0.3177323998,0,-1.221322743,4.404136542,-3.182813799
185.65,-64.99637933,0.05295508681,0.5959941248,0.3177323998,0,-1.221322743,4.404136542,-3.182813799
185.66,-64.99637933,0.05295508681,0.5959941248,0.3177323998,0,-1.221322743,4.404136542,-3.182813799
185.67,-64.99637933,0.05295508681,0.5959941248,0.3177323998,0,-1.221322743,4.404136542,-3.182813799
185.68,-64.99637933,0.05295508681,0.5959941248,0.3177323998,0,-1.221322743,4.404136542,-3.182813799
185.69,-64.99637933,0.05295508681,0.5959941248,0.3177323998,0,-1.221322743,4.404136542,-3.182813799
185.7,-64.99637933,0.05295508681,0.5959941248,0.3177323998,0,-1.221322743,4.404136542,-3.182813799
185.71,-64.99637933,0.05295508681,0.5959941248,0.3177323998,0,-1.221322743,4.404136542,-3.182813799
185.72,-64.99637933,0.05295508681,0.5959941248,0.3177323998,0,-1.221322743,4.404136542,-3.182813799
185.73,-64.99637933,0.05295508681,0.5959941248,0.3177323998,0,-1.221322743,4.404136542,-3.182813799
185.74,-64.99637933,0.05295508681,0.5959941248,0.3177323998,0,-1.221322743,4.404136542,-3.182813799
185.75,-64.99637933,0.05295508681,0.5959941248,0.3177323998,0,-1.221322743,4.404136542,-3.182813799
185.76,-64.99637933,0.05295508681,0.5959941248,0.3177323998,0,-1.221322743,4.404136542,-3.182813799
185.77,-64.99637933,0.05295508681,0.5959941248,0.3177323998,0,-1.221322743,4.404136542,-3.182813799
185.78,-64.99637933,0.05295508681,0.5959941248,0.3177323998,0,-1.221322743,4.404136542,-3.182813799
185.79,-64.99637933,0.05295508681,0.5959941248,0.3177323998,0,-1.221322743,4.404136542,-3.182813799
185.8,-64.99637933,0.05295508681,0.5959941248,0.3177323998,0,-1.221322743,4.404136542,-3.182813799
185.81,-64.99637933,0.05295508681,0.5959941248,0.3177323998,0,-1.221322743,4.404136542,-3.182813799
185.82,-64.99637933,0.05295508681,0.5959941248,0.3177323998,0,-1.221322743,4.404136542,-3.182813799
185.83,-64.99637933,0.05295508681,0.5959941248,0.3177323998,0,-1.221322743,4.404136542,-3.182813799
185.84,-64.99637933,0.05295508681,0.5959941248,0.3177323998,0,-1.221322743,4.404136542,-3.182813799
185.85,-64.99637933,0.05295508681,0.5959941248,0.3177323998,0,-1.221322743,4.404136542,-3.182813799
185.86,-64.99637933,0.05295508681,0.5959941248,0.3177323998,0,-1.221322743,4.404136542,-3.182813799
185.87,-64.99637933,0.05295508681,0.5959941248,0.3177323998,0,-1.221322743,4.404136542,-3.182813799
185.88,-64.99637933,0.05295508681,0.5959941248,0.3177323998,0,-1.221322743,4.404136542,-3.182813799
185.89,-64.99637933,0.05295508681,0.5959941248,0.3177323998,0,-1.221322743,4.404136542,-3.182813799
185.9,-64.99637933,0.05295508681,0.5959941248,0.3177323998,0,-1.221322743,4.404136542,-3.182813799
185.91,-64.99637933,0.05295508681,0.5959941248,0.3177323998,0,-1.221322743,4.404136542,-3.182813799
185.92,-64.99637933,0.05295508681,0.5959941248,0.3177323998,0,-1.221322743,4.404136542,-3.182813799
185.93,-64.99637933,0.05295508681,0.5959941248,0.3177323998,0,-1.221322743,4.404136542,-3.182813799
185.94,-64.99637933,0.05295508681,0.5959941248,0.3177323998,0,-1.221322743,4.404136542,-3.182813799
185.95,-64.99637933,0.05295508681,0.5959941248,0.3177323998,0,-1.221322743,4.404136542,-3.182813799
185.96,-64.99637933,0.05295508681,0.5959941248,0.3177323998,0,-1.221322743,4.404136542,-3.182813799
185.97,-64.99637933,0.05295508681,0.5959941248,0.3177323998,0,-1.221322743,4.404136542,-3.182813799
185.98,-64.99637933,0.05295508681,0.5959941247,0.3177323998,0,-1.221322743,4.404136542,-3.182813799
185.99,-64.99637933,0.05295508681,0.5959941247,0.3177323998,0,-1.221322743,4.404136542,-3.182813799
186,-64.99637933,0.05295508681,0.5959941247,0.3177323998,0,-1.221322743,4.404136542,-3.182813799
186.01,-64.99637933,0.05295508681,0.5959941247,0.3177323998,0,-1.221322743,4.404136542,-3.182813799
186.02,-64.99637933,0.05295508681,0.5959941247,0.3177323998,0,-1.221322743,4.404136542,-3.182813799
186.03,-64.99637933,0.05295508681,0.5959941247,0.3177323998,0,-1.221322743,4.404136542,-3.182813799
186.04,-64.99637933,0.05295508681,0.5959941247,0.3177323998,0,-1.221322743,4.404136542,-3.182813799
186.05,-64.99637933,0.05295508681,0.5959941247,0.3177323998,0,-1.221322743,4.404136542,-3.182813799
186.06,-64.99637933,0.05295508681,0.5959941247,0.3177323998,0,-1.221322743,4.404136542,-3.182813799
186.07,-64.99637933,0.05295508681,0.5959941247,0.3177323998,0,-1.221322743,4.404136542,-3.182813799
186.08,-64.99637933,0.05295508681,0.5959941247,0.3177323998,0,-1.221322743,4.404136542,-3.182813799
186.09,-64.99637933,0.05295508681,0.5959941247,0.3177323998,0,-1.221322743,4.404136542,-3.182813799
186.1,-64.99637933,0.05295508681,0.5959941247,0.3177323998,0,-1.221322743,4.404136542,-3.182813799
186.11,-64.99637933,0.05295508681,0.5959941247,0.3177323998,0,-1.221322743,4.404136542,-3.182813799
186.12,-64.99637933,0.05295508681,0.5959941247,0.3177323998,0,-1.221322743,4.404136542,-3.182813799
186.13,-64.99637933,0.05295508681,0.5959941247,0.3177323998,0,-1.221322743,4.404136542,-3.182813799
186.14,-64.99637933,0.05295508681,0.5959941247,0.3177323998,0,-1.221322743,4.404136542,-3.182813799
186.15,-64.99637933,0.05295508681,0.5959941247,0.3177323998,0,-1.221322743,4.404136542,-3.182813799
186.16,-64.99637933,0.05295508681,0.5959941247,0.3177323998,0,-1.221322743,4.404136542,-3.182813799
186.17,-64.99637933,0.05295508681,0.5959941247,0.3177323998,0,-1.221322743,4.404136542,-3.182813799
186.18,-64.99637933,0.05295508681,0.5959941247,0.3177323998,0,-1.221322743,4.404136542,-3.182813799
186.19,-64.99637933,0.05295508681,0.5959941247,0.3177323998,0,-1.221322743,4.404136542,-3.182813799
186.2,-64.99637933,0.05295508681,0.5959941247,0.3177323998,0,-1.221322743,4.404136542,-3.182813799
186.21,-64.99637933,0.05295508681,0.5959941247,0.3177323998,0,-1.221322743,4.404136542,-3.182813799
186.22,-64.99637933,0.05295508681,0.5959941247,0.3177323998,0,-1.221322743,4.404136542,-3.182813799
186.23,-64.99637933,0.05295508681,0.5959941247,0.3177323998,0,-1.221322743,4.404136542,-3.182813799
186.24,-64.99637933,0.05295508681,0.5959941247,0.3177323998,0,-1.221322743,4.404136542,-3.182813799
186.25,-64.99637933,0.05295508681,0.5959941247,0.3177323998,0,-1.221322743,4.404136542,-3.182813799
186.26,-64.99637933,0.05295508681,0.5959941247,0.3177323998,0,-1.221322743,4.404136542,-3.182813799
186.27,-64.99637933,0.05295508681,0.5959941247,0.3177323998,0,-1.221322743,4.404136542,-3.182813799
186.28,-64.99637933,0.05295508681,0.5959941247,0.3177323998,0,-1.221322743,4.404136542,-3.182813799
186.29,-64.99637933,0.05295508681,0.5959941247,0.3177323998,0,-1.221322743,4.404136542,-3.182813799
186.3,-64.99637933,0.05295508681,0.5959941247,0.3177323998,0,-1.221322743,4.404136542,-3.182813799
186.31,-64.99637933,0.05295508681,0.5959941247,0.3177323998,0,-1.221322743,4.404136542,-3.182813799
186.32,-64.99637933,0.05295508681,0.5959941247,0.3177323998,0,-1.221322743,4.404136542,-3.182813799
186.33,-64.99637933,0.05295508681,0.5959941247,0.3177323998,0,-1.221322743,4.404136542,-3.182813799
186.34,-64.99637933,0.05295508681,0.5959941247,0.3177323998,0,-1.221322743,4.404136542,-3.182813799
186.35,-64.99637933,0.05295508681,0.5959941247,0.3177323998,0,-1.221322743,4.404136542,-3.182813799
186.36,-64.99637933,0.05295508681,0.5959941247,0.3177323998,0,-1.221322743,4.404136542,-3.182813799
186.37,-64.99637933,0.05295508681,0.5959941247,0.3177323998,0,-1.221322743,4.404136542,-3.182813799
186.38,-64.99637933,0.05295508681,0.5959941247,0.3177323998,0,-1.221322743,4.404136542,-3.182813799
186.39,-64.99637933,0.05295508681,0.5959941247,0.3177323998,0,-1.221322743,4.404136542,-3.182813799
186.4,-64.99637933,0.05295508681,0.5959941247,0.3177323998,0,-1.221322743,4.404136542,-3.182813799
186.41,-64.99637933,0.05295508681,0.5959941247,0.3177323998,0,-1.221322743,4.404136542,-3.182813799
186.42,-64.99637933,0.05295508681,0.5959941247,0.3177323998,0,-1.221322743,4.404136542,-3.182813799
186.43,-64.99637933,0.05295508681,0.5959941247,0.3177323998,0,-1.221322743,4.404136542,-3.182813799
186.44,-64.99637933,0.05295508681,0.5959941247,0.3177323998,0,-1.221322743,4.404136542,-3.182813799
186.45,-64.99637933,0.05295508681,0.5959941247,0.3177323998,0,-1.221322743,4.404136542,-3.182813799
186.46,-64.99637933,0.05295508681,0.5959941247,0.3177323998,0,-1.221322743,4.404136542,-3.182813799
186.47,-64.99637933,0.05295508681,0.5959941247,0.3177323998,0,-1.221322743,4.404136542,-3.182813799
186.48,-64.99637933,0.05295508681,0.5959941247,0.3177323998,0,-1.221322743,4.404136542,-3.182813799
186.49,-64.99637933,0.05295508681,0.5959941247,0.3177323998,0,-1.221322743,4.404136542,-3.182813799
186.5,-64.99637933,0.05295508681,0.5959941247,0.3177323998,0,-1.221322743,4.404136542,-3.182813799
186.51,-64.99637933,0.05295508681,0.5959941247,0.3177323998,0,-1.221322743,4.404136542,-3.182813799
186.52,-64.99637933,0.05295508681,0.5959941247,0.3177323998,0,-1.221322743,4.404136542,-3.182813799
186.53,-64.99637933,0.05295508681,0.5959941247,0.3177323998,0,-1.221322743,4.404136542,-3.182813799
186.54,-64.99637933,0.05295508681,0.5959941247,0.3177323998,0,-1.221322743,4.404136542,-3.182813799
186.55,-64.99637933,0.05295508681,0.5959941247,0.3177323998,0,-1.221322743,4.404136542,-3.182813799
186.56,-64.99637933,0.05295508681,0.5959941247,0.3177323998,0,-1.221322743,4.404136542,-3.182813799
186.57,-64.99637933,0.05295508681,0.5959941247,0.3177323998,0,-1.221322743,4.404136542,-3.182813799
186.58,-64.99637933,0.05295508681,0.5959941247,0.3177323998,0,-1.221322743,4.404136542,-3.182813799
186.59,-64.99637933,0.05295508681,0.5959941247,0.3177323998,0,-1.221322743,4.404136542,-3.182813799
186.6,-64.99637933,0.05295508681,0.5959941247,0.3177323998,0,-1.221322743,4.404136542,-3.182813799
186.61,-64.99637933,0.05295508681,0.5959941247,0.3177323998,0,-1.221322743,4.404136542,-3.182813799
186.62,-64.99637933,0.05295508681,0.5959941247,0.3177323998,0,-1.221322743,4.404136542,-3.182813799
186.63,-64.99637933,0.05295508681,0.5959941247,0.3177323998,0,-1.221322743,4.404136542,-3.182813799
186.64,-64.99637933,0.05295508681,0.5959941247,0.3177323998,0,-1.221322743,4.404136542,-3.182813799
186.65,-64.99637933,0.05295508681,0.5959941247,0.3177323998,0,-1.221322743,4.404136542,-3.182813799
186.66,-64.99637933,0.05295508681,0.5959941247,0.3177323998,0,-1.221322743,4.404136542,-3.182813799
186.67,-64.99637933,0.05295508681,0.5959941247,0.3177323998,0,-1.221322743,4.404136542,-3.182813799
186.68,-64.99637933,0.05295508681,0.5959941247,0.3177323998,0,-1.221322743,4.404136542,-3.182813799
186.69,-64.99637933,0.05295508681,0.5959941247,0.3177323998,0,-1.221322743,4.404136542,-3.182813799
186.7,-64.99637933,0.05295508681,0.5959941247,0.3177323998,0,-1.221322743,4.404136542,-3.182813799
186.71,-64.99637933,0.05295508681,0.5959941247,0.3177323998,0,-1.221322743,4.404136542,-3.182813799
186.72,-64.99637933,0.05295508681,0.5959941247,0.3177323998,0,-1.221322743,4.404136542,-3.182813799
186.73,-64.99637933,0.05295508681,0.5959941247,0.3177323998,0,-1.221322743,4.404136542,-3.182813799
186.74,-64.99637933,0.05295508681,0.5959941247,0.3177323998,0,-1.221322743,4.404136542,-3.182813799
186.75,-64.99637933,0.05295508681,0.5959941247,0.3177323998,0,-1.221322743,4.404136542,-3.182813799
186.76,-64.99637933,0.05295508681,0.5959941247,0.3177323998,0,-1.221322743,4.404136542,-3.182813799
186.77,-64.99637933,0.05295508681,0.5959941247,0.3177323998,0,-1.221322743,4.404136542,-3.182813799
186.78,-64.99637933,0.05295508681,0.5959941247,0.3177323998,0,-1.221322743,4.404136542,-3.182813799
186.79,-64.99637933,0.05295508681,0.5959941247,0.3177323998,0,-1.221322743,4.404136542,-3.182813799
186.8,-64.99637933,0.05295508681,0.5959941247,0.3177323998,0,-1.221322743,4.404136542,-3.182813799
186.81,-64.99637933,0.05295508681,0.5959941247,0.3177323998,0,-1.221322743,4.404136542,-3.182813799
186.82,-64.99637933,0.05295508681,0.5959941247,0.3177323998,0,-1.221322743,4.404136542,-3.182813799
186.83,-64.99637933,0.05295508681,0.5959941247,0.3177323998,0,-1.221322743,4.404136542,-3.182813799
186.84,-64.99637933,0.05295508681,0.5959941247,0.3177323998,0,-1.221322743,4.404136542,-3.182813799
186.85,-64.99637933,0.05295508681,0.5959941247,0.3177323998,0,-1.221322743,4.404136542,-3.182813799
186.86,-64.99637933,0.05295508681,0.5959941247,0.3177323998,0,-1.221322743,4.404136542,-3.182813799
186.87,-64.99637933,0.05295508681,0.5959941247,0.3177323998,0,-1.221322743,4.404136542,-3.182813799
186.88,-64.99637933,0.05295508681,0.5959941247,0.3177323998,0,-1.221322743,4.404136542,-3.182813799
186.89,-64.99637933,0.05295508681,0.5959941247,0.3177323998,0,-1.221322743,4.404136542,-3.182813799
186.9,-64.99637933,0.05295508681,0.5959941247,0.3177323998,0,-1.221322743,4.404136542,-3.182813799
186.91,-64.99637933,0.05295508681,0.5959941247,0.3177323998,0,-1.221322743,4.404136542,-3.182813799
186.92,-64.99637933,0.05295508681,0.5959941247,0.3177323998,0,-1.221322743,4.404136542,-3.182813799
186.93,-64.99637933,0.05295508681,0.5959941247,0.3177323998,0,-1.221322743,4.404136542,-3.182813799
186.94,-64.99637933,0.05295508681,0.5959941247,0.3177323998,0,-1.221322743,4.404136542,-3.182813799
186.95,-64.99637933,0.05295508681,0.5959941247,0.3177323998,0,-1.221322743,4.404136542,-3.182813799
186.96,-64.99637933,0.05295508681,0.5959941247,0.3177323998,0,-1.221322743,4.404136542,-3.182813799
186.97,-64.99637933,0.05295508681,0.5959941247,0.3177323998,0,-1.221322743,4.404136542,-3.182813799
186.98,-64.99637933,0.05295508681,0.5959941247,0.3177323998,0,-1.221322743,4.404136542,-3.182813799
186.99,-64.99637933,0.05295508681,0.5959941247,0.3177323998,0,-1.221322743,4.404136542,-3.182813799
187,-64.99637933,0.05295508681,0.5959941247,0.3177323998,0,-1.221322743,4.404136542,-3.182813799
187.01,-64.99637933,0.05295508681,0.5959941247,0.3177323998,0,-1.221322743,4.404136542,-3.182813799
187.02,-64.99637933,0.05295508681,0.5959941247,0.3177323998,0,-1.221322743,4.404136542,-3.182813799
187.03,-64.99637933,0.05295508681,0.5959941247,0.3177323998,0,-1.221322743,4.404136542,-3.182813799
187.04,-64.99637933,0.05295508681,0.5959941247,0.3177323998,0,-1.221322743,4.404136542,-3.182813799
187.05,-64.99637933,0.05295508681,0.5959941247,0.3177323998,0,-1.221322743,4.404136542,-3.182813799
187.06,-64.99637933,0.05295508681,0.5959941247,0.3177323998,0,-1.221322743,4.404136542,-3.182813799
187.07,-64.99637933,0.05295508681,0.5959941247,0.3177323998,0,-1.221322743,4.404136542,-3.182813799
187.08,-64.99637933,0.05295508681,0.5959941247,0.3177323998,0,-1.221322743,4.404136542,-3.182813799
187.09,-64.99637933,0.05295508681,0.5959941247,0.3177323998,0,-1.221322743,4.404136542,-3.182813799
187.1,-64.99637933,0.05295508681,0.5959941247,0.3177323998,0,-1.221322743,4.404136542,-3.182813799
187.11,-64.99637933,0.05295508681,0.5959941247,0.3177323998,0,-1.221322743,4.404136542,-3.182813799
187.12,-64.99637933,0.05295508681,0.5959941247,0.3177323998,0,-1.221322743,4.404136542,-3.182813799
187.13,-64.99637933,0.05295508681,0.5959941247,0.3177323998,0,-1.221322743,4.404136542,-3.182813799
187.14,-64.99637933,0.05295508681,0.5959941247,0.3177323998,0,-1.221322743,4.404136542,-3.182813799
187.15,-64.99637933,0.05295508681,0.5959941247,0.3177323998,0,-1.221322743,4.404136542,-3.182813799
187.16,-64.99637933,0.05295508681,0.5959941247,0.3177323998,0,-1.221322743,4.404136542,-3.182813799
187.17,-64.99637933,0.05295508681,0.5959941247,0.3177323998,0,-1.221322743,4.404136542,-3.182813799
187.18,-64.99637933,0.05295508681,0.5959941247,0.3177323998,0,-1.221322743,4.404136542,-3.182813799
187.19,-64.99637933,0.05295508681,0.5959941247,0.3177323998,0,-1.221322743,4.404136542,-3.182813799
187.2,-64.99637933,0.05295508681,0.5959941247,0.3177323998,0,-1.221322743,4.404136542,-3.182813799
187.21,-64.99637933,0.05295508681,0.5959941247,0.3177323998,0,-1.221322743,4.404136542,-3.182813799
187.22,-64.99637933,0.05295508681,0.5959941247,0.3177323998,0,-1.221322743,4.404136542,-3.182813799
187.23,-64.99637933,0.05295508681,0.5959941247,0.3177323998,0,-1.221322743,4.404136542,-3.182813799
187.24,-64.99637933,0.05295508681,0.5959941247,0.3177323998,0,-1.221322743,4.404136542,-3.182813799
187.25,-64.99637933,0.05295508681,0.5959941247,0.3177323998,0,-1.221322743,4.404136542,-3.182813799
187.26,-64.99637933,0.05295508681,0.5959941247,0.3177323998,0,-1.221322743,4.404136542,-3.182813799
187.27,-64.99637933,0.05295508681,0.5959941247,0.3177323998,0,-1.221322743,4.404136542,-3.182813799
187.28,-64.99637933,0.05295508681,0.5959941247,0.3177323998,0,-1.221322743,4.404136542,-3.182813799
187.29,-64.99637933,0.05295508681,0.5959941247,0.3177323998,0,-1.221322743,4.404136542,-3.182813799
187.3,-64.99637933,0.05295508681,0.5959941247,0.3177323998,0,-1.221322743,4.404136542,-3.182813799
187.31,-64.99637933,0.05295508681,0.5959941247,0.3177323998,0,-1.221322743,4.404136542,-3.182813799
187.32,-64.99637933,0.05295508681,0.5959941247,0.3177323998,0,-1.221322743,4.404136542,-3.182813799
187.33,-64.99637933,0.05295508681,0.5959941247,0.3177323998,0,-1.221322743,4.404136542,-3.182813799
187.34,-64.99637933,0.05295508681,0.5959941247,0.3177323998,0,-1.221322743,4.404136542,-3.182813799
187.35,-64.99637933,0.05295508681,0.5959941247,0.3177323998,0,-1.221322743,4.404136542,-3.182813799
187.36,-64.99637933,0.05295508681,0.5959941247,0.3177323998,0,-1.221322743,4.404136542,-3.182813799
187.37,-64.99637933,0.05295508681,0.5959941247,0.3177323998,0,-1.221322743,4.404136542,-3.182813799
187.38,-64.99637933,0.05295508681,0.5959941247,0.3177323998,0,-1.221322743,4.404136542,-3.182813799
187.39,-64.99637933,0.05295508681,0.5959941247,0.3177323998,0,-1.221322743,4.404136542,-3.182813799
187.4,-64.99637933,0.05295508681,0.5959941247,0.3177323998,0,-1.221322743,4.404136542,-3.182813799
187.41,-64.99637933,0.05295508681,0.5959941247,0.3177323998,0,-1.221322743,4.404136542,-3.182813799
187.42,-64.99637933,0.05295508681,0.5959941247,0.3177323998,0,-1.221322743,4.404136542,-3.182813799
187.43,-64.99637933,0.05295508681,0.5959941247,0.3177323998,0,-1.221322743,4.404136542,-3.182813799
187.44,-64.99637933,0.05295508681,0.5959941247,0.3177323998,0,-1.221322743,4.404136542,-3.182813799
187.45,-64.99637933,0.05295508681,0.5959941247,0.3177323998,0,-1.221322743,4.404136542,-3.182813799
187.46,-64.99637933,0.05295508681,0.5959941247,0.3177323998,0,-1.221322743,4.404136542,-3.182813799
187.47,-64.99637933,0.05295508681,0.5959941247,0.3177323998,0,-1.221322743,4.404136542,-3.182813799
187.48,-64.99637933,0.05295508681,0.5959941247,0.3177323998,0,-1.221322743,4.404136542,-3.182813799
187.49,-64.99637933,0.05295508681,0.5959941247,0.3177323998,0,-1.221322743,4.404136542,-3.182813799
187.5,-64.99637933,0.05295508681,0.5959941247,0.3177323998,0,-1.221322743,4.404136542,-3.182813799
187.51,-64.99637933,0.05295508681,0.5959941247,0.3177323998,0,-1.221322743,4.404136542,-3.182813799
187.52,-64.99637933,0.05295508681,0.5959941247,0.3177323998,0,-1.221322743,4.404136542,-3.182813799
187.53,-64.99637933,0.05295508681,0.5959941247,0.3177323998,0,-1.221322743,4.404136542,-3.182813799
187.54,-64.99637933,0.05295508681,0.5959941247,0.3177323998,0,-1.221322743,4.404136542,-3.182813799
187.55,-64.99637933,0.05295508681,0.5959941247,0.3177323998,0,-1.221322743,4.404136542,-3.182813799
187.56,-64.99637933,0.05295508681,0.5959941247,0.3177323998,0,-1.221322743,4.404136542,-3.182813799
187.57,-64.99637933,0.05295508681,0.5959941247,0.3177323998,0,-1.221322743,4.404136542,-3.182813799
187.58,-64.99637933,0.05295508681,0.5959941247,0.3177323998,0,-1.221322743,4.404136542,-3.182813799
187.59,-64.99637933,0.05295508681,0.5959941247,0.3177323998,0,-1.221322743,4.404136542,-3.182813799
187.6,-64.99637933,0.05295508681,0.5959941247,0.3177323998,0,-1.221322743,4.404136542,-3.182813799
187.61,-64.99637933,0.05295508681,0.5959941247,0.3177323998,0,-1.221322743,4.404136542,-3.182813799
187.62,-64.99637933,0.05295508681,0.5959941247,0.3177323998,0,-1.221322743,4.404136542,-3.182813799
187.63,-64.99637933,0.05295508681,0.5959941247,0.3177323998,0,-1.221322743,4.404136542,-3.182813799
187.64,-64.99637933,0.05295508681,0.5959941247,0.3177323998,0,-1.221322743,4.404136542,-3.182813799
187.65,-64.99637933,0.05295508681,0.5959941247,0.3177323998,0,-1.221322743,4.404136542,-3.182813799
187.66,-64.99637933,0.05295508681,0.5959941247,0.3177323998,0,-1.221322743,4.404136542,-3.182813799
187.67,-64.99637933,0.05295508681,0.5959941247,0.3177323998,0,-1.221322743,4.404136542,-3.182813799
187.68,-64.99637933,0.05295508681,0.5959941247,0.3177323998,0,-1.221322743,4.404136542,-3.182813799
187.69,-64.99637933,0.05295508681,0.5959941247,0.3177323998,0,-1.221322743,4.404136542,-3.182813799
187.7,-64.99637933,0.05295508681,0.5959941247,0.3177323998,0,-1.221322743,4.404136542,-3.182813799
187.71,-64.99637933,0.05295508681,0.5959941247,0.3177323998,0,-1.221322743,4.404136542,-3.182813799
187.72,-64.99637933,0.05295508681,0.5959941247,0.3177323998,0,-1.221322743,4.404136542,-3.182813799
187.73,-64.99637933,0.05295508681,0.5959941247,0.3177323998,0,-1.221322743,4.404136542,-3.182813799
187.74,-64.99637933,0.05295508681,0.5959941247,0.3177323998,0,-1.221322743,4.404136542,-3.182813799
187.75,-64.99637933,0.05295508681,0.5959941247,0.3177323998,0,-1.221322743,4.404136542,-3.182813799
187.76,-64.99637933,0.05295508681,0.5959941247,0.3177323998,0,-1.221322743,4.404136542,-3.182813799
187.77,-64.99637933,0.05295508681,0.5959941247,0.3177323998,0,-1.221322743,4.404136542,-3.182813799
187.78,-64.99637933,0.05295508681,0.5959941247,0.3177323998,0,-1.221322743,4.404136542,-3.182813799
187.79,-64.99637933,0.05295508681,0.5959941247,0.3177323998,0,-1.221322743,4.404136542,-3.182813799
187.8,-64.99637933,0.05295508681,0.5959941247,0.3177323998,0,-1.221322743,4.404136542,-3.182813799
187.81,-64.99637933,0.05295508681,0.5959941247,0.3177323998,0,-1.221322743,4.404136542,-3.182813799
187.82,-64.99637933,0.05295508681,0.5959941247,0.3177323998,0,-1.221322743,4.404136542,-3.182813799
187.83,-64.99637933,0.05295508681,0.5959941247,0.3177323998,0,-1.221322743,4.404136542,-3.182813799
187.84,-64.99637933,0.05295508681,0.5959941247,0.3177323998,0,-1.221322743,4.404136542,-3.182813799
187.85,-64.99637933,0.05295508681,0.5959941247,0.3177323998,0,-1.221322743,4.404136542,-3.182813799
187.86,-64.99637933,0.05295508681,0.5959941247,0.3177323998,0,-1.221322743,4.404136542,-3.182813799
187.87,-64.99637933,0.05295508681,0.5959941247,0.3177323998,0,-1.221322743,4.404136542,-3.182813799
187.88,-64.99637933,0.05295508681,0.5959941247,0.3177323998,0,-1.221322743,4.404136542,-3.182813799
187.89,-64.99637933,0.05295508681,0.5959941247,0.3177323998,0,-1.221322743,4.404136542,-3.182813799
187.9,-64.99637933,0.05295508681,0.5959941247,0.3177323998,0,-1.221322743,4.404136542,-3.182813799
187.91,-64.99637933,0.05295508681,0.5959941247,0.3177323998,0,-1.221322743,4.404136542,-3.182813799
187.92,-64.99637933,0.05295508681,0.5959941247,0.3177323998,0,-1.221322743,4.404136542,-3.182813799
187.93,-64.99637933,0.05295508681,0.5959941247,0.3177323998,0,-1.221322743,4.404136542,-3.182813799
187.94,-64.99637933,0.05295508681,0.5959941247,0.3177323998,0,-1.221322743,4.404136542,-3.182813799
187.95,-64.99637933,0.05295508681,0.5959941247,0.3177323998,0,-1.221322743,4.404136542,-3.182813799
187.96,-64.99637933,0.05295508681,0.5959941247,0.3177323998,0,-1.221322743,4.404136542,-3.182813799
187.97,-64.99637933,0.05295508681,0.5959941247,0.3177323998,0,-1.221322743,4.404136542,-3.182813799
187.98,-64.99637933,0.05295508681,0.5959941247,0.3177323998,0,-1.221322743,4.404136542,-3.182813799
187.99,-64.99637933,0.05295508681,0.5959941247,0.3177323998,0,-1.221322743,4.404136542,-3.182813799
188,-64.99637933,0.05295508681,0.5959941247,0.3177323998,0,-1.221322743,4.404136542,-3.182813799
188.01,-64.99637933,0.05295508681,0.5959941247,0.3177323998,0,-1.221322743,4.404136542,-3.182813799
188.02,-64.99637933,0.05295508681,0.5959941247,0.3177323998,0,-1.221322743,4.404136542,-3.182813799
188.03,-64.99637933,0.05295508681,0.5959941247,0.3177323998,0,-1.221322743,4.404136542,-3.182813799
188.04,-64.99637933,0.05295508681,0.5959941247,0.3177323998,0,-1.221322743,4.404136542,-3.182813799
188.05,-64.99637933,0.05295508681,0.5959941247,0.3177323998,0,-1.221322743,4.404136542,-3.182813799
188.06,-64.99637933,0.05295508681,0.5959941247,0.3177323998,0,-1.221322743,4.404136542,-3.182813799
188.07,-64.99637933,0.05295508681,0.5959941247,0.3177323998,0,-1.221322743,4.404136542,-3.182813799
188.08,-64.99637933,0.05295508681,0.5959941247,0.3177323998,0,-1.221322743,4.404136542,-3.182813799
188.09,-64.99637933,0.05295508681,0.5959941247,0.3177323998,0,-1.221322743,4.404136542,-3.182813799
188.1,-64.99637933,0.05295508681,0.5959941247,0.3177323998,0,-1.221322743,4.404136542,-3.182813799
188.11,-64.99637933,0.05295508681,0.5959941247,0.3177323998,0,-1.221322743,4.404136542,-3.182813799
188.12,-64.99637933,0.05295508681,0.5959941247,0.3177323998,0,-1.221322743,4.404136542,-3.182813799
188.13,-64.99637933,0.05295508681,0.5959941247,0.3177323998,0,-1.221322743,4.404136542,-3.182813799
188.14,-64.99637933,0.05295508681,0.5959941247,0.3177323998,0,-1.221322743,4.404136542,-3.182813799
188.15,-64.99637933,0.05295508681,0.5959941247,0.3177323998,0,-1.221322743,4.404136542,-3.182813799
188.16,-64.99637933,0.05295508681,0.5959941247,0.3177323998,0,-1.221322743,4.404136542,-3.182813799
188.17,-64.99637933,0.05295508681,0.5959941247,0.3177323998,0,-1.221322743,4.404136542,-3.182813799
188.18,-64.99637933,0.05295508681,0.5959941247,0.3177323998,0,-1.221322743,4.404136542,-3.182813799
188.19,-64.99637933,0.05295508681,0.5959941247,0.3177323998,0,-1.221322743,4.404136542,-3.182813799
188.2,-64.99637933,0.05295508681,0.5959941247,0.3177323998,0,-1.221322743,4.404136542,-3.182813799
188.21,-64.99637933,0.05295508681,0.5959941247,0.3177323998,0,-1.221322743,4.404136542,-3.182813799
188.22,-64.99637933,0.05295508681,0.5959941247,0.3177323998,0,-1.221322743,4.404136542,-3.182813799
188.23,-64.99637933,0.05295508681,0.5959941247,0.3177323998,0,-1.221322743,4.404136542,-3.182813799
188.24,-64.99637933,0.05295508681,0.5959941247,0.3177323998,0,-1.221322743,4.404136542,-3.182813799
188.25,-64.99637933,0.05295508681,0.5959941247,0.3177323998,0,-1.221322743,4.404136542,-3.182813799
188.26,-64.99637933,0.05295508681,0.5959941247,0.3177323998,0,-1.221322743,4.404136542,-3.182813799
188.27,-64.99637933,0.05295508681,0.5959941247,0.3177323998,0,-1.221322743,4.404136542,-3.182813799
188.28,-64.99637933,0.05295508681,0.5959941247,0.3177323998,0,-1.221322743,4.404136542,-3.182813799
188.29,-64.99637933,0.05295508681,0.5959941247,0.3177323998,0,-1.221322743,4.404136542,-3.182813799
188.3,-64.99637933,0.05295508681,0.5959941247,0.3177323998,0,-1.221322743,4.404136542,-3.182813799
188.31,-64.99637933,0.05295508681,0.5959941247,0.3177323998,0,-1.221322743,4.404136542,-3.182813799
188.32,-64.99637933,0.05295508681,0.5959941247,0.3177323998,0,-1.221322743,4.404136542,-3.182813799
188.33,-64.99637933,0.05295508681,0.5959941247,0.3177323998,0,-1.221322743,4.404136542,-3.182813799
188.34,-64.99637933,0.05295508681,0.5959941247,0.3177323998,0,-1.221322743,4.404136542,-3.182813799
188.35,-64.99637933,0.05295508681,0.5959941247,0.3177323998,0,-1.221322743,4.404136542,-3.182813799
188.36,-64.99637933,0.05295508681,0.5959941247,0.3177323998,0,-1.221322743,4.404136542,-3.182813799
188.37,-64.99637933,0.05295508681,0.5959941247,0.3177323998,0,-1.221322743,4.404136542,-3.182813799
188.38,-64.99637933,0.05295508681,0.5959941247,0.3177323998,0,-1.221322743,4.404136542,-3.182813799
188.39,-64.99637933,0.05295508681,0.5959941247,0.3177323998,0,-1.221322743,4.404136542,-3.182813799
188.4,-64.99637933,0.05295508681,0.5959941247,0.3177323998,0,-1.221322743,4.404136542,-3.182813799
188.41,-64.99637933,0.05295508681,0.5959941247,0.3177323998,0,-1.221322743,4.404136542,-3.182813799
188.42,-64.99637933,0.05295508681,0.5959941247,0.3177323998,0,-1.221322743,4.404136542,-3.182813799
188.43,-64.99637933,0.05295508681,0.5959941247,0.3177323998,0,-1.221322743,4.404136542,-3.182813799
188.44,-64.99637933,0.05295508681,0.5959941247,0.3177323998,0,-1.221322743,4.404136542,-3.182813799
188.45,-64.99637933,0.05295508681,0.5959941247,0.3177323998,0,-1.221322743,4.404136542,-3.182813799
188.46,-64.99637933,0.05295508681,0.5959941247,0.3177323998,0,-1.221322743,4.404136542,-3.182813799
188.47,-64.99637933,0.05295508681,0.5959941247,0.3177323998,0,-1.221322743,4.404136542,-3.182813799
188.48,-64.99637933,0.05295508681,0.5959941247,0.3177323998,0,-1.221322743,4.404136542,-3.182813799
188.49,-64.99637933,0.05295508681,0.5959941247,0.3177323998,0,-1.221322743,4.404136542,-3.182813799
188.5,-64.99637933,0.05295508681,0.5959941247,0.3177323998,0,-1.221322743,4.404136542,-3.182813799
188.51,-64.99637933,0.05295508681,0.5959941247,0.3177323998,0,-1.221322743,4.404136542,-3.182813799
188.52,-64.99637933,0.05295508681,0.5959941247,0.3177323998,0,-1.221322743,4.404136542,-3.182813799
188.53,-64.99637933,0.05295508681,0.5959941247,0.3177323998,0,-1.221322743,4.404136542,-3.182813799
188.54,-64.99637933,0.05295508681,0.5959941247,0.3177323998,0,-1.221322743,4.404136542,-3.182813799
188.55,-64.99637933,0.05295508681,0.5959941247,0.3177323998,0,-1.221322743,4.404136542,-3.182813799
188.56,-64.99637933,0.05295508681,0.5959941247,0.3177323998,0,-1.221322743,4.404136542,-3.182813799
188.57,-64.99637933,0.05295508681,0.5959941247,0.3177323998,0,-1.221322743,4.404136542,-3.182813799
188.58,-64.99637933,0.05295508681,0.5959941247,0.3177323998,0,-1.221322743,4.404136542,-3.182813799
188.59,-64.99637933,0.05295508681,0.5959941247,0.3177323998,0,-1.221322743,4.404136542,-3.182813799
188.6,-64.99637933,0.05295508681,0.5959941247,0.3177323998,0,-1.221322743,4.404136542,-3.182813799
188.61,-64.99637933,0.05295508681,0.5959941247,0.3177323998,0,-1.221322743,4.404136542,-3.182813799
188.62,-64.99637933,0.05295508681,0.5959941247,0.3177323998,0,-1.221322743,4.404136542,-3.182813799
188.63,-64.99637933,0.05295508681,0.5959941247,0.3177323998,0,-1.221322743,4.404136542,-3.182813799
188.64,-64.99637933,0.05295508681,0.5959941247,0.3177323998,0,-1.221322743,4.404136542,-3.182813799
188.65,-64.99637933,0.05295508681,0.5959941247,0.3177323998,0,-1.221322743,4.404136542,-3.182813799
188.66,-64.99637933,0.05295508681,0.5959941247,0.3177323998,0,-1.221322743,4.404136542,-3.182813799
188.67,-64.99637933,0.05295508681,0.5959941247,0.3177323998,0,-1.221322743,4.404136542,-3.182813799
188.68,-64.99637933,0.05295508681,0.5959941247,0.3177323998,0,-1.221322743,4.404136542,-3.182813799
188.69,-64.99637933,0.05295508681,0.5959941247,0.3177323998,0,-1.221322743,4.404136542,-3.182813799
188.7,-64.99637933,0.05295508681,0.5959941247,0.3177323998,0,-1.221322743,4.404136542,-3.182813799
188.71,-64.99637933,0.05295508681,0.5959941247,0.3177323998,0,-1.221322743,4.404136542,-3.182813799
188.72,-64.99637933,0.05295508681,0.5959941247,0.3177323998,0,-1.221322743,4.404136542,-3.182813799
188.73,-64.99637933,0.05295508681,0.5959941247,0.3177323998,0,-1.221322743,4.404136542,-3.182813799
188.74,-64.99637933,0.05295508681,0.5959941247,0.3177323998,0,-1.221322743,4.404136542,-3.182813799
188.75,-64.99637933,0.05295508681,0.5959941247,0.3177323998,0,-1.221322743,4.404136542,-3.182813799
188.76,-64.99637933,0.05295508681,0.5959941247,0.3177323998,0,-1.221322743,4.404136542,-3.182813799
188.77,-64.99637933,0.05295508681,0.5959941247,0.3177323998,0,-1.221322743,4.404136542,-3.182813799
188.78,-64.99637933,0.05295508681,0.5959941247,0.3177323998,0,-1.221322743,4.404136542,-3.182813799
188.79,-64.99637933,0.05295508681,0.5959941247,0.3177323998,0,-1.221322743,4.404136542,-3.182813799
188.8,-64.99637933,0.05295508681,0.5959941247,0.3177323998,0,-1.221322743,4.404136542,-3.182813799
188.81,-64.99637933,0.05295508681,0.5959941247,0.3177323998,0,-1.221322743,4.404136542,-3.182813799
188.82,-64.99637933,0.05295508681,0.5959941247,0.3177323998,0,-1.221322743,4.404136542,-3.182813799
188.83,-64.99637933,0.05295508681,0.5959941247,0.3177323998,0,-1.221322743,4.404136542,-3.182813799
188.84,-64.99637933,0.05295508681,0.5959941247,0.3177323998,0,-1.221322743,4.404136542,-3.182813799
188.85,-64.99637933,0.05295508681,0.5959941247,0.3177323998,0,-1.221322743,4.404136542,-3.182813799
188.86,-64.99637933,0.05295508681,0.5959941247,0.3177323998,0,-1.221322743,4.404136542,-3.182813799
188.87,-64.99637933,0.05295508681,0.5959941247,0.3177323998,0,-1.221322743,4.404136542,-3.182813799
188.88,-64.99637933,0.05295508681,0.5959941247,0.3177323998,0,-1.221322743,4.404136542,-3.182813799
188.89,-64.99637933,0.05295508681,0.5959941247,0.3177323998,0,-1.221322743,4.404136542,-3.182813799
188.9,-64.99637933,0.05295508681,0.5959941247,0.3177323998,0,-1.221322743,4.404136542,-3.182813799
188.91,-64.99637933,0.05295508681,0.5959941247,0.3177323998,0,-1.221322743,4.404136542,-3.182813799
188.92,-64.99637933,0.05295508681,0.5959941247,0.3177323998,0,-1.221322743,4.404136542,-3.182813799
188.93,-64.99637933,0.05295508681,0.5959941247,0.3177323998,0,-1.221322743,4.404136542,-3.182813799
188.94,-64.99637933,0.05295508681,0.5959941247,0.3177323998,0,-1.221322743,4.404136542,-3.182813799
188.95,-64.99637933,0.05295508681,0.5959941247,0.3177323998,0,-1.221322743,4.404136542,-3.182813799
188.96,-64.99637933,0.05295508681,0.5959941247,0.3177323998,0,-1.221322743,4.404136542,-3.182813799
188.97,-64.99637933,0.05295508681,0.5959941247,0.3177323998,0,-1.221322743,4.404136542,-3.182813799
188.98,-64.99637933,0.05295508681,0.5959941247,0.3177323998,0,-1.221322743,4.404136542,-3.182813799
188.99,-64.99637933,0.05295508681,0.5959941247,0.3177323998,0,-1.221322743,4.404136542,-3.182813799
189,-64.99637933,0.05295508681,0.5959941247,0.3177323998,0,-1.221322743,4.404136542,-3.182813799
189.01,-64.99637933,0.05295508681,0.5959941247,0.3177323998,0,-1.221322743,4.404136542,-3.182813799
189.02,-64.99637933,0.05295508681,0.5959941247,0.3177323998,0,-1.221322743,4.404136542,-3.182813799
189.03,-64.99637933,0.05295508681,0.5959941247,0.3177323998,0,-1.221322743,4.404136542,-3.182813799
189.04,-64.99637933,0.05295508681,0.5959941247,0.3177323998,0,-1.221322743,4.404136542,-3.182813799
189.05,-64.99637933,0.05295508681,0.5959941247,0.3177323998,0,-1.221322743,4.404136542,-3.182813799
189.06,-64.99637933,0.05295508681,0.5959941247,0.3177323998,0,-1.221322743,4.404136542,-3.182813799
189.07,-64.99637933,0.05295508681,0.5959941247,0.3177323998,0,-1.221322743,4.404136542,-3.182813799
189.08,-64.99637933,0.05295508681,0.5959941247,0.3177323998,0,-1.221322743,4.404136542,-3.182813799
189.09,-64.99637933,0.05295508681,0.5959941247,0.3177323998,0,-1.221322743,4.404136542,-3.182813799
189.1,-64.99637933,0.05295508681,0.5959941247,0.3177323998,0,-1.221322743,4.404136542,-3.182813799
189.11,-64.99637933,0.05295508681,0.5959941247,0.3177323998,0,-1.221322743,4.404136542,-3.182813799
189.12,-64.99637933,0.05295508681,0.5959941247,0.3177323998,0,-1.221322743,4.404136542,-3.182813799
189.13,-64.99637933,0.05295508681,0.5959941247,0.3177323998,0,-1.221322743,4.404136542,-3.182813799
189.14,-64.99637933,0.05295508681,0.5959941247,0.3177323998,0,-1.221322743,4.404136542,-3.182813799
189.15,-64.99637933,0.05295508681,0.5959941247,0.3177323998,0,-1.221322743,4.404136542,-3.182813799
189.16,-64.99637933,0.05295508681,0.5959941247,0.3177323998,0,-1.221322743,4.404136542,-3.182813799
189.17,-64.99637933,0.05295508681,0.5959941247,0.3177323998,0,-1.221322743,4.404136542,-3.182813799
189.18,-64.99637933,0.05295508681,0.5959941247,0.3177323998,0,-1.221322743,4.404136542,-3.182813799
189.19,-64.99637933,0.05295508681,0.5959941247,0.3177323998,0,-1.221322743,4.404136542,-3.182813799
189.2,-64.99637933,0.05295508681,0.5959941247,0.3177323998,0,-1.221322743,4.404136542,-3.182813799
189.21,-64.99637933,0.05295508681,0.5959941247,0.3177323998,0,-1.221322743,4.404136542,-3.182813799
189.22,-64.99637933,0.05295508681,0.5959941247,0.3177323998,0,-1.221322743,4.404136542,-3.182813799
189.23,-64.99637933,0.05295508681,0.5959941247,0.3177323998,0,-1.221322743,4.404136542,-3.182813799
189.24,-64.99637933,0.05295508681,0.5959941247,0.3177323998,0,-1.221322743,4.404136542,-3.182813799
189.25,-64.99637933,0.05295508681,0.5959941247,0.3177323998,0,-1.221322743,4.404136542,-3.182813799
189.26,-64.99637933,0.05295508681,0.5959941247,0.3177323998,0,-1.221322743,4.404136542,-3.182813799
189.27,-64.99637933,0.05295508681,0.5959941247,0.3177323998,0,-1.221322743,4.404136542,-3.182813799
189.28,-64.99637933,0.05295508681,0.5959941247,0.3177323998,0,-1.221322743,4.404136542,-3.182813799
189.29,-64.99637933,0.05295508681,0.5959941247,0.3177323998,0,-1.221322743,4.404136542,-3.182813799
189.3,-64.99637933,0.05295508681,0.5959941247,0.3177323998,0,-1.221322743,4.404136542,-3.182813799
189.31,-64.99637933,0.05295508681,0.5959941247,0.3177323998,0,-1.221322743,4.404136542,-3.182813799
189.32,-64.99637933,0.05295508681,0.5959941247,0.3177323998,0,-1.221322743,4.404136542,-3.182813799
189.33,-64.99637933,0.05295508681,0.5959941247,0.3177323998,0,-1.221322743,4.404136542,-3.182813799
189.34,-64.99637933,0.05295508681,0.5959941247,0.3177323998,0,-1.221322743,4.404136542,-3.182813799
189.35,-64.99637933,0.05295508681,0.5959941247,0.3177323998,0,-1.221322743,4.404136542,-3.182813799
189.36,-64.99637933,0.05295508681,0.5959941247,0.3177323998,0,-1.221322743,4.404136542,-3.182813799
189.37,-64.99637933,0.05295508681,0.5959941247,0.3177323998,0,-1.221322743,4.404136542,-3.182813799
189.38,-64.99637933,0.05295508681,0.5959941247,0.3177323998,0,-1.221322743,4.404136542,-3.182813799
189.39,-64.99637933,0.05295508681,0.5959941247,0.3177323998,0,-1.221322743,4.404136542,-3.182813799
189.4,-64.99637933,0.05295508681,0.5959941247,0.3177323998,0,-1.221322743,4.404136542,-3.182813799
189.41,-64.99637933,0.05295508681,0.5959941247,0.3177323998,0,-1.221322743,4.404136542,-3.182813799
189.42,-64.99637933,0.05295508681,0.5959941247,0.3177323998,0,-1.221322743,4.404136542,-3.182813799
189.43,-64.99637933,0.05295508681,0.5959941247,0.3177323998,0,-1.221322743,4.404136542,-3.182813799
189.44,-64.99637933,0.05295508681,0.5959941247,0.3177323998,0,-1.221322743,4.404136542,-3.182813799
189.45,-64.99637933,0.05295508681,0.5959941247,0.3177323998,0,-1.221322743,4.404136542,-3.182813799
189.46,-64.99637933,0.05295508681,0.5959941247,0.3177323998,0,-1.221322743,4.404136542,-3.182813799
189.47,-64.99637933,0.05295508681,0.5959941247,0.3177323998,0,-1.221322743,4.404136542,-3.182813799
189.48,-64.99637933,0.05295508681,0.5959941247,0.3177323998,0,-1.221322743,4.404136542,-3.182813799
189.49,-64.99637933,0.05295508681,0.5959941247,0.3177323998,0,-1.221322743,4.404136542,-3.182813799
189.5,-64.99637933,0.05295508681,0.5959941247,0.3177323998,0,-1.221322743,4.404136542,-3.182813799
189.51,-64.99637933,0.05295508681,0.5959941247,0.3177323998,0,-1.221322743,4.404136542,-3.182813799
189.52,-64.99637933,0.05295508681,0.5959941247,0.3177323998,0,-1.221322743,4.404136542,-3.182813799
189.53,-64.99637933,0.05295508681,0.5959941247,0.3177323998,0,-1.221322743,4.404136542,-3.182813799
189.54,-64.99637933,0.05295508681,0.5959941247,0.3177323998,0,-1.221322743,4.404136542,-3.182813799
189.55,-64.99637933,0.05295508681,0.5959941247,0.3177323998,0,-1.221322743,4.404136542,-3.182813799
189.56,-64.99637933,0.05295508681,0.5959941247,0.3177323998,0,-1.221322743,4.404136542,-3.182813799
189.57,-64.99637933,0.05295508681,0.5959941247,0.3177323998,0,-1.221322743,4.404136542,-3.182813799
189.58,-64.99637933,0.05295508681,0.5959941247,0.3177323998,0,-1.221322743,4.404136542,-3.182813799
189.59,-64.99637933,0.05295508681,0.5959941247,0.3177323998,0,-1.221322743,4.404136542,-3.182813799
189.6,-64.99637933,0.05295508681,0.5959941247,0.3177323998,0,-1.221322743,4.404136542,-3.182813799
189.61,-64.99637933,0.05295508681,0.5959941247,0.3177323998,0,-1.221322743,4.404136542,-3.182813799
189.62,-64.99637933,0.05295508681,0.5959941247,0.3177323998,0,-1.221322743,4.404136542,-3.182813799
189.63,-64.99637933,0.05295508681,0.5959941247,0.3177323998,0,-1.221322743,4.404136542,-3.182813799
189.64,-64.99637933,0.05295508681,0.5959941247,0.3177323998,0,-1.221322743,4.404136542,-3.182813799
189.65,-64.99637933,0.05295508681,0.5959941247,0.3177323998,0,-1.221322743,4.404136542,-3.182813799
189.66,-64.99637933,0.05295508681,0.5959941247,0.3177323998,0,-1.221322743,4.404136542,-3.182813799
189.67,-64.99637933,0.05295508681,0.5959941247,0.3177323998,0,-1.221322743,4.404136542,-3.182813799
189.68,-64.99637933,0.05295508681,0.5959941247,0.3177323998,0,-1.221322743,4.404136542,-3.182813799
189.69,-64.99637933,0.05295508681,0.5959941247,0.3177323998,0,-1.221322743,4.404136542,-3.182813799
189.7,-64.99637933,0.05295508681,0.5959941247,0.3177323998,0,-1.221322743,4.404136542,-3.182813799
189.71,-64.99637933,0.05295508681,0.5959941247,0.3177323998,0,-1.221322743,4.404136542,-3.182813799
189.72,-64.99637933,0.05295508681,0.5959941247,0.3177323998,0,-1.221322743,4.404136542,-3.182813799
189.73,-64.99637933,0.05295508681,0.5959941247,0.3177323998,0,-1.221322743,4.404136542,-3.182813799
189.74,-64.99637933,0.05295508681,0.5959941247,0.3177323998,0,-1.221322743,4.404136542,-3.182813799
189.75,-64.99637933,0.05295508681,0.5959941247,0.3177323998,0,-1.221322743,4.404136542,-3.182813799
189.76,-64.99637933,0.05295508681,0.5959941247,0.3177323998,0,-1.221322743,4.404136542,-3.182813799
189.77,-64.99637933,0.05295508681,0.5959941247,0.3177323998,0,-1.221322743,4.404136542,-3.182813799
189.78,-64.99637933,0.05295508681,0.5959941247,0.3177323998,0,-1.221322743,4.404136542,-3.182813799
189.79,-64.99637933,0.05295508681,0.5959941247,0.3177323998,0,-1.221322743,4.404136542,-3.182813799
189.8,-64.99637933,0.05295508681,0.5959941247,0.3177323998,0,-1.221322743,4.404136542,-3.182813799
189.81,-64.99637933,0.05295508681,0.5959941247,0.3177323998,0,-1.221322743,4.404136542,-3.182813799
189.82,-64.99637933,0.05295508681,0.5959941247,0.3177323998,0,-1.221322743,4.404136542,-3.182813799
189.83,-64.99637933,0.05295508681,0.5959941247,0.3177323998,0,-1.221322743,4.404136542,-3.182813799
189.84,-64.99637933,0.05295508681,0.5959941247,0.3177323998,0,-1.221322743,4.404136542,-3.182813799
189.85,-64.99637933,0.05295508681,0.5959941247,0.3177323998,0,-1.221322743,4.404136542,-3.182813799
189.86,-64.99637933,0.05295508681,0.5959941247,0.3177323998,0,-1.221322743,4.404136542,-3.182813799
189.87,-64.99637933,0.05295508681,0.5959941247,0.3177323998,0,-1.221322743,4.404136542,-3.182813799
189.88,-64.99637933,0.05295508681,0.5959941247,0.3177323998,0,-1.221322743,4.404136542,-3.182813799
189.89,-64.99637933,0.05295508681,0.5959941247,0.3177323998,0,-1.221322743,4.404136542,-3.182813799
189.9,-64.99637933,0.05295508681,0.5959941247,0.3177323998,0,-1.221322743,4.404136542,-3.182813799
189.91,-64.99637933,0.05295508681,0.5959941247,0.3177323998,0,-1.221322743,4.404136542,-3.182813799
189.92,-64.99637933,0.05295508681,0.5959941247,0.3177323998,0,-1.221322743,4.404136542,-3.182813799
189.93,-64.99637933,0.05295508681,0.5959941247,0.3177323998,0,-1.221322743,4.404136542,-3.182813799
189.94,-64.99637933,0.05295508681,0.5959941247,0.3177323998,0,-1.221322743,4.404136542,-3.182813799
189.95,-64.99637933,0.05295508681,0.5959941247,0.3177323998,0,-1.221322743,4.404136542,-3.182813799
189.96,-64.99637933,0.05295508681,0.5959941247,0.3177323998,0,-1.221322743,4.404136542,-3.182813799
189.97,-64.99637933,0.05295508681,0.5959941247,0.3177323998,0,-1.221322743,4.404136542,-3.182813799
189.98,-64.99637933,0.05295508681,0.5959941247,0.3177323998,0,-1.221322743,4.404136542,-3.182813799
189.99,-64.99637933,0.05295508681,0.5959941247,0.3177323998,0,-1.221322743,4.404136542,-3.182813799
190,-64.99637933,0.05295508681,0.5959941247,0.3177323998,0,-1.221322743,4.404136542,-3.182813799
190.01,-64.99637933,0.05295508681,0.5959941247,0.3177323998,0,-1.221322743,4.404136542,-3.182813799
190.02,-64.99637933,0.05295508681,0.5959941247,0.3177323998,0,-1.221322743,4.404136542,-3.182813799
190.03,-64.99637933,0.05295508681,0.5959941247,0.3177323998,0,-1.221322743,4.404136542,-3.182813799
190.04,-64.99637933,0.05295508681,0.5959941247,0.3177323998,0,-1.221322743,4.404136542,-3.182813799
190.05,-64.99637933,0.05295508681,0.5959941247,0.3177323998,0,-1.221322743,4.404136542,-3.182813799
190.06,-64.99637933,0.05295508681,0.5959941247,0.3177323998,0,-1.221322743,4.404136542,-3.182813799
190.07,-64.99637933,0.05295508681,0.5959941247,0.3177323998,0,-1.221322743,4.404136542,-3.182813799
190.08,-64.99637933,0.05295508681,0.5959941247,0.3177323998,0,-1.221322743,4.404136542,-3.182813799
190.09,-64.99637933,0.05295508681,0.5959941247,0.3177323998,0,-1.221322743,4.404136542,-3.182813799
190.1,-64.99637933,0.05295508681,0.5959941247,0.3177323998,0,-1.221322743,4.404136542,-3.182813799
190.11,-64.99637933,0.05295508681,0.5959941247,0.3177323998,0,-1.221322743,4.404136542,-3.182813799
190.12,-64.99637933,0.05295508681,0.5959941247,0.3177323998,0,-1.221322743,4.404136542,-3.182813799
190.13,-64.99637933,0.05295508681,0.5959941247,0.3177323998,0,-1.221322743,4.404136542,-3.182813799
190.14,-64.99637933,0.05295508681,0.5959941247,0.3177323998,0,-1.221322743,4.404136542,-3.182813799
190.15,-64.99637933,0.05295508681,0.5959941247,0.3177323998,0,-1.221322743,4.404136542,-3.182813799
190.16,-64.99637933,0.05295508681,0.5959941247,0.3177323998,0,-1.221322743,4.404136542,-3.182813799
190.17,-64.99637933,0.05295508681,0.5959941247,0.3177323998,0,-1.221322743,4.404136542,-3.182813799
190.18,-64.99637933,0.05295508681,0.5959941247,0.3177323998,0,-1.221322743,4.404136542,-3.182813799
190.19,-64.99637933,0.05295508681,0.5959941247,0.3177323998,0,-1.221322743,4.404136542,-3.182813799
190.2,-64.99637933,0.05295508681,0.5959941247,0.3177323998,0,-1.221322743,4.404136542,-3.182813799
190.21,-64.99637933,0.05295508681,0.5959941247,0.3177323998,0,-1.221322743,4.404136542,-3.182813799
190.22,-64.99637933,0.05295508681,0.5959941247,0.3177323998,0,-1.221322743,4.404136542,-3.182813799
190.23,-64.99637933,0.05295508681,0.5959941247,0.3177323998,0,-1.221322743,4.404136542,-3.182813799
190.24,-64.99637933,0.05295508681,0.5959941247,0.3177323998,0,-1.221322743,4.404136542,-3.182813799
190.25,-64.99637933,0.05295508681,0.5959941247,0.3177323998,0,-1.221322743,4.404136542,-3.182813799
190.26,-64.99637933,0.05295508681,0.5959941247,0.3177323998,0,-1.221322743,4.404136542,-3.182813799
190.27,-64.99637933,0.05295508681,0.5959941247,0.3177323998,0,-1.221322743,4.404136542,-3.182813799
190.28,-64.99637933,0.05295508681,0.5959941247,0.3177323998,0,-1.221322743,4.404136542,-3.182813799
190.29,-64.99637933,0.05295508681,0.5959941247,0.3177323998,0,-1.221322743,4.404136542,-3.182813799
190.3,-64.99637933,0.05295508681,0.5959941247,0.3177323998,0,-1.221322743,4.404136542,-3.182813799
190.31,-64.99637933,0.05295508681,0.5959941247,0.3177323998,0,-1.221322743,4.404136542,-3.182813799
190.32,-64.99637933,0.05295508681,0.5959941247,0.3177323998,0,-1.221322743,4.404136542,-3.182813799
190.33,-64.99637933,0.05295508681,0.5959941247,0.3177323998,0,-1.221322743,4.404136542,-3.182813799
190.34,-64.99637933,0.05295508681,0.5959941247,0.3177323998,0,-1.221322743,4.404136542,-3.182813799
190.35,-64.99637933,0.05295508681,0.5959941247,0.3177323998,0,-1.221322743,4.404136542,-3.182813799
190.36,-64.99637933,0.05295508681,0.5959941247,0.3177323998,0,-1.221322743,4.404136542,-3.182813799
190.37,-64.99637933,0.05295508681,0.5959941247,0.3177323998,0,-1.221322743,4.404136542,-3.182813799
190.38,-64.99637933,0.05295508681,0.5959941247,0.3177323998,0,-1.221322743,4.404136542,-3.182813799
190.39,-64.99637933,0.05295508681,0.5959941247,0.3177323998,0,-1.221322743,4.404136542,-3.182813799
190.4,-64.99637933,0.05295508681,0.5959941247,0.3177323998,0,-1.221322743,4.404136542,-3.182813799
190.41,-64.99637933,0.05295508681,0.5959941247,0.3177323998,0,-1.221322743,4.404136542,-3.182813799
190.42,-64.99637933,0.05295508681,0.5959941247,0.3177323998,0,-1.221322743,4.404136542,-3.182813799
190.43,-64.99637933,0.05295508681,0.5959941247,0.3177323998,0,-1.221322743,4.404136542,-3.182813799
190.44,-64.99637933,0.05295508681,0.5959941247,0.3177323998,0,-1.221322743,4.404136542,-3.182813799
190.45,-64.99637933,0.05295508681,0.5959941247,0.3177323998,0,-1.221322743,4.404136542,-3.182813799
190.46,-64.99637933,0.05295508681,0.5959941247,0.3177323998,0,-1.221322743,4.404136542,-3.182813799
190.47,-64.99637933,0.05295508681,0.5959941247,0.3177323998,0,-1.221322743,4.404136542,-3.182813799
190.48,-64.99637933,0.05295508681,0.5959941247,0.3177323998,0,-1.221322743,4.404136542,-3.182813799
190.49,-64.99637933,0.05295508681,0.5959941247,0.3177323998,0,-1.221322743,4.404136542,-3.182813799
190.5,-64.99637933,0.05295508681,0.5959941247,0.3177323998,0,-1.221322743,4.404136542,-3.182813799
190.51,-64.99637933,0.05295508681,0.5959941247,0.3177323998,0,-1.221322743,4.404136542,-3.182813799
190.52,-64.99637933,0.05295508681,0.5959941247,0.3177323998,0,-1.221322743,4.404136542,-3.182813799
190.53,-64.99637933,0.05295508681,0.5959941247,0.3177323998,0,-1.221322743,4.404136542,-3.182813799
190.54,-64.99637933,0.05295508681,0.5959941247,0.3177323998,0,-1.221322743,4.404136542,-3.182813799
190.55,-64.99637933,0.05295508681,0.5959941247,0.3177323998,0,-1.221322743,4.404136542,-3.182813799
190.56,-64.99637933,0.05295508681,0.5959941247,0.3177323998,0,-1.221322743,4.404136542,-3.182813799
190.57,-64.99637933,0.05295508681,0.5959941247,0.3177323998,0,-1.221322743,4.404136542,-3.182813799
190.58,-64.99637933,0.05295508681,0.5959941247,0.3177323998,0,-1.221322743,4.404136542,-3.182813799
190.59,-64.99637933,0.05295508681,0.5959941247,0.3177323998,0,-1.221322743,4.404136542,-3.182813799
190.6,-64.99637933,0.05295508681,0.5959941247,0.3177323998,0,-1.221322743,4.404136542,-3.182813799
190.61,-64.99637933,0.05295508681,0.5959941247,0.3177323998,0,-1.221322743,4.404136542,-3.182813799
190.62,-64.99637933,0.05295508681,0.5959941247,0.3177323998,0,-1.221322743,4.404136542,-3.182813799
190.63,-64.99637933,0.05295508681,0.5959941247,0.3177323998,0,-1.221322743,4.404136542,-3.182813799
190.64,-64.99637933,0.05295508681,0.5959941247,0.3177323998,0,-1.221322743,4.404136542,-3.182813799
190.65,-64.99637933,0.05295508681,0.5959941247,0.3177323998,0,-1.221322743,4.404136542,-3.182813799
190.66,-64.99637933,0.05295508681,0.5959941247,0.3177323998,0,-1.221322743,4.404136542,-3.182813799
190.67,-64.99637933,0.05295508681,0.5959941247,0.3177323998,0,-1.221322743,4.404136542,-3.182813799
190.68,-64.99637933,0.05295508681,0.5959941247,0.3177323998,0,-1.221322743,4.404136542,-3.182813799
190.69,-64.99637933,0.05295508681,0.5959941247,0.3177323998,0,-1.221322743,4.404136542,-3.182813799
190.7,-64.99637933,0.05295508681,0.5959941247,0.3177323998,0,-1.221322743,4.404136542,-3.182813799
190.71,-64.99637933,0.05295508681,0.5959941247,0.3177323998,0,-1.221322743,4.404136542,-3.182813799
190.72,-64.99637933,0.05295508681,0.5959941247,0.3177323998,0,-1.221322743,4.404136542,-3.182813799
190.73,-64.99637933,0.05295508681,0.5959941247,0.3177323998,0,-1.221322743,4.404136542,-3.182813799
190.74,-64.99637933,0.05295508681,0.5959941247,0.3177323998,0,-1.221322743,4.404136542,-3.182813799
190.75,-64.99637933,0.05295508681,0.5959941247,0.3177323998,0,-1.221322743,4.404136542,-3.182813799
190.76,-64.99637933,0.05295508681,0.5959941247,0.3177323998,0,-1.221322743,4.404136542,-3.182813799
190.77,-64.99637933,0.05295508681,0.5959941247,0.3177323998,0,-1.221322743,4.404136542,-3.182813799
190.78,-64.99637933,0.05295508681,0.5959941247,0.3177323998,0,-1.221322743,4.404136542,-3.182813799
190.79,-64.99637933,0.05295508681,0.5959941247,0.3177323998,0,-1.221322743,4.404136542,-3.182813799
190.8,-64.99637933,0.05295508681,0.5959941247,0.3177323998,0,-1.221322743,4.404136542,-3.182813799
190.81,-64.99637933,0.05295508681,0.5959941247,0.3177323998,0,-1.221322743,4.404136542,-3.182813799
190.82,-64.99637933,0.05295508681,0.5959941247,0.3177323998,0,-1.221322743,4.404136542,-3.182813799
190.83,-64.99637933,0.05295508681,0.5959941247,0.3177323998,0,-1.221322743,4.404136542,-3.182813799
190.84,-64.99637933,0.05295508681,0.5959941247,0.3177323998,0,-1.221322743,4.404136542,-3.182813799
190.85,-64.99637933,0.05295508681,0.5959941247,0.3177323998,0,-1.221322743,4.404136542,-3.182813799
190.86,-64.99637933,0.05295508681,0.5959941247,0.3177323998,0,-1.221322743,4.404136542,-3.182813799
190.87,-64.99637933,0.05295508681,0.5959941247,0.3177323998,0,-1.221322743,4.404136542,-3.182813799
190.88,-64.99637933,0.05295508681,0.5959941247,0.3177323998,0,-1.221322743,4.404136542,-3.182813799
190.89,-64.99637933,0.05295508681,0.5959941247,0.3177323998,0,-1.221322743,4.404136542,-3.182813799
190.9,-64.99637933,0.05295508681,0.5959941247,0.3177323998,0,-1.221322743,4.404136542,-3.182813799
190.91,-64.99637933,0.05295508681,0.5959941247,0.3177323998,0,-1.221322743,4.404136542,-3.182813799
190.92,-64.99637933,0.05295508681,0.5959941247,0.3177323998,0,-1.221322743,4.404136542,-3.182813799
190.93,-64.99637933,0.05295508681,0.5959941247,0.3177323998,0,-1.221322743,4.404136542,-3.182813799
190.94,-64.99637933,0.05295508681,0.5959941247,0.3177323998,0,-1.221322743,4.404136542,-3.182813799
190.95,-64.99637933,0.05295508681,0.5959941247,0.3177323998,0,-1.221322743,4.404136542,-3.182813799
190.96,-64.99637933,0.05295508681,0.5959941247,0.3177323998,0,-1.221322743,4.404136542,-3.182813799
190.97,-64.99637933,0.05295508681,0.5959941247,0.3177323998,0,-1.221322743,4.404136542,-3.182813799
190.98,-64.99637933,0.05295508681,0.5959941247,0.3177323998,0,-1.221322743,4.404136542,-3.182813799
190.99,-64.99637933,0.05295508681,0.5959941247,0.3177323998,0,-1.221322743,4.404136542,-3.182813799
191,-64.99637933,0.05295508681,0.5959941247,0.3177323998,0,-1.221322743,4.404136542,-3.182813799
191.01,-64.99637933,0.05295508681,0.5959941247,0.3177323998,0,-1.221322743,4.404136542,-3.182813799
191.02,-64.99637933,0.05295508681,0.5959941247,0.3177323998,0,-1.221322743,4.404136542,-3.182813799
191.03,-64.99637933,0.05295508681,0.5959941247,0.3177323998,0,-1.221322743,4.404136542,-3.182813799
191.04,-64.99637933,0.05295508681,0.5959941247,0.3177323998,0,-1.221322743,4.404136542,-3.182813799
191.05,-64.99637933,0.05295508681,0.5959941247,0.3177323998,0,-1.221322743,4.404136542,-3.182813799
191.06,-64.99637933,0.05295508681,0.5959941247,0.3177323998,0,-1.221322743,4.404136542,-3.182813799
191.07,-64.99637933,0.05295508681,0.5959941247,0.3177323998,0,-1.221322743,4.404136542,-3.182813799
191.08,-64.99637933,0.05295508681,0.5959941247,0.3177323998,0,-1.221322743,4.404136542,-3.182813799
191.09,-64.99637933,0.05295508681,0.5959941247,0.3177323998,0,-1.221322743,4.404136542,-3.182813799
191.1,-64.99637933,0.05295508681,0.5959941247,0.3177323998,0,-1.221322743,4.404136542,-3.182813799
191.11,-64.99637933,0.05295508681,0.5959941247,0.3177323998,0,-1.221322743,4.404136542,-3.182813799
191.12,-64.99637933,0.05295508681,0.5959941247,0.3177323998,0,-1.221322743,4.404136542,-3.182813799
191.13,-64.99637933,0.05295508681,0.5959941247,0.3177323998,0,-1.221322743,4.404136542,-3.182813799
191.14,-64.99637933,0.05295508681,0.5959941247,0.3177323998,0,-1.221322743,4.404136542,-3.182813799
191.15,-64.99637933,0.05295508681,0.5959941247,0.3177323998,0,-1.221322743,4.404136542,-3.182813799
191.16,-64.99637933,0.05295508681,0.5959941247,0.3177323998,0,-1.221322743,4.404136542,-3.182813799
191.17,-64.99637933,0.05295508681,0.5959941247,0.3177323998,0,-1.221322743,4.404136542,-3.182813799
191.18,-64.99637933,0.05295508681,0.5959941247,0.3177323998,0,-1.221322743,4.404136542,-3.182813799
191.19,-64.99637933,0.05295508681,0.5959941247,0.3177323998,0,-1.221322743,4.404136542,-3.182813799
191.2,-64.99637933,0.05295508681,0.5959941247,0.3177323998,0,-1.221322743,4.404136542,-3.182813799
191.21,-64.99637933,0.05295508681,0.5959941247,0.3177323998,0,-1.221322743,4.404136542,-3.182813799
191.22,-64.99637933,0.05295508681,0.5959941247,0.3177323998,0,-1.221322743,4.404136542,-3.182813799
191.23,-64.99637933,0.05295508681,0.5959941247,0.3177323998,0,-1.221322743,4.404136542,-3.182813799
191.24,-64.99637933,0.05295508681,0.5959941247,0.3177323998,0,-1.221322743,4.404136542,-3.182813799
191.25,-64.99637933,0.05295508681,0.5959941247,0.3177323998,0,-1.221322743,4.404136542,-3.182813799
191.26,-64.99637933,0.05295508681,0.5959941247,0.3177323998,0,-1.221322743,4.404136542,-3.182813799
191.27,-64.99637933,0.05295508681,0.5959941247,0.3177323998,0,-1.221322743,4.404136542,-3.182813799
191.28,-64.99637933,0.05295508681,0.5959941247,0.3177323998,0,-1.221322743,4.404136542,-3.182813799
191.29,-64.99637933,0.05295508681,0.5959941247,0.3177323998,0,-1.221322743,4.404136542,-3.182813799
191.3,-64.99637933,0.05295508681,0.5959941247,0.3177323998,0,-1.221322743,4.404136542,-3.182813799
191.31,-64.99637933,0.05295508681,0.5959941247,0.3177323998,0,-1.221322743,4.404136542,-3.182813799
191.32,-64.99637933,0.05295508681,0.5959941247,0.3177323998,0,-1.221322743,4.404136542,-3.182813799
191.33,-64.99637933,0.05295508681,0.5959941247,0.3177323998,0,-1.221322743,4.404136542,-3.182813799
191.34,-64.99637933,0.05295508681,0.5959941247,0.3177323998,0,-1.221322743,4.404136542,-3.182813799
191.35,-64.99637933,0.05295508681,0.5959941247,0.3177323998,0,-1.221322743,4.404136542,-3.182813799
191.36,-64.99637933,0.05295508681,0.5959941247,0.3177323998,0,-1.221322743,4.404136542,-3.182813799
191.37,-64.99637933,0.05295508681,0.5959941247,0.3177323998,0,-1.221322743,4.404136542,-3.182813799
191.38,-64.99637933,0.05295508681,0.5959941247,0.3177323998,0,-1.221322743,4.404136542,-3.182813799
191.39,-64.99637933,0.05295508681,0.5959941247,0.3177323998,0,-1.221322743,4.404136542,-3.182813799
191.4,-64.99637933,0.05295508681,0.5959941247,0.3177323998,0,-1.221322743,4.404136542,-3.182813799
191.41,-64.99637933,0.05295508681,0.5959941247,0.3177323998,0,-1.221322743,4.404136542,-3.182813799
191.42,-64.99637933,0.05295508681,0.5959941247,0.3177323998,0,-1.221322743,4.404136542,-3.182813799
191.43,-64.99637933,0.05295508681,0.5959941247,0.3177323998,0,-1.221322743,4.404136542,-3.182813799
191.44,-64.99637933,0.05295508681,0.5959941247,0.3177323998,0,-1.221322743,4.404136542,-3.182813799
191.45,-64.99637933,0.05295508681,0.5959941247,0.3177323998,0,-1.221322743,4.404136542,-3.182813799
191.46,-64.99637933,0.05295508681,0.5959941247,0.3177323998,0,-1.221322743,4.404136542,-3.182813799
191.47,-64.99637933,0.05295508681,0.5959941247,0.3177323998,0,-1.221322743,4.404136542,-3.182813799
191.48,-64.99637933,0.05295508681,0.5959941247,0.3177323998,0,-1.221322743,4.404136542,-3.182813799
191.49,-64.99637933,0.05295508681,0.5959941247,0.3177323998,0,-1.221322743,4.404136542,-3.182813799
191.5,-64.99637933,0.05295508681,0.5959941247,0.3177323998,0,-1.221322743,4.404136542,-3.182813799
191.51,-64.99637933,0.05295508681,0.5959941247,0.3177323998,0,-1.221322743,4.404136542,-3.182813799
191.52,-64.99637933,0.05295508681,0.5959941247,0.3177323998,0,-1.221322743,4.404136542,-3.182813799
191.53,-64.99637933,0.05295508681,0.5959941247,0.3177323998,0,-1.221322743,4.404136542,-3.182813799
191.54,-64.99637933,0.05295508681,0.5959941247,0.3177323998,0,-1.221322743,4.404136542,-3.182813799
191.55,-64.99637933,0.05295508681,0.5959941247,0.3177323998,0,-1.221322743,4.404136542,-3.182813799
191.56,-64.99637933,0.05295508681,0.5959941247,0.3177323998,0,-1.221322743,4.404136542,-3.182813799
191.57,-64.99637933,0.05295508681,0.5959941247,0.3177323998,0,-1.221322743,4.404136542,-3.182813799
191.58,-64.99637933,0.05295508681,0.5959941247,0.3177323998,0,-1.221322743,4.404136542,-3.182813799
191.59,-64.99637933,0.05295508681,0.5959941247,0.3177323998,0,-1.221322743,4.404136542,-3.182813799
191.6,-64.99637933,0.05295508681,0.5959941247,0.3177323998,0,-1.221322743,4.404136542,-3.182813799
191.61,-64.99637933,0.05295508681,0.5959941247,0.3177323998,0,-1.221322743,4.404136542,-3.182813799
191.62,-64.99637933,0.05295508681,0.5959941247,0.3177323998,0,-1.221322743,4.404136542,-3.182813799
191.63,-64.99637933,0.05295508681,0.5959941247,0.3177323998,0,-1.221322743,4.404136542,-3.182813799
191.64,-64.99637933,0.05295508681,0.5959941247,0.3177323998,0,-1.221322743,4.404136542,-3.182813799
191.65,-64.99637933,0.05295508681,0.5959941247,0.3177323998,0,-1.221322743,4.404136542,-3.182813799
191.66,-64.99637933,0.05295508681,0.5959941247,0.3177323998,0,-1.221322743,4.404136542,-3.182813799
191.67,-64.99637933,0.05295508681,0.5959941247,0.3177323998,0,-1.221322743,4.404136542,-3.182813799
191.68,-64.99637933,0.05295508681,0.5959941247,0.3177323998,0,-1.221322743,4.404136542,-3.182813799
191.69,-64.99637933,0.05295508681,0.5959941247,0.3177323998,0,-1.221322743,4.404136542,-3.182813799
191.7,-64.99637933,0.05295508681,0.5959941247,0.3177323998,0,-1.221322743,4.404136542,-3.182813799
191.71,-64.99637933,0.05295508681,0.5959941247,0.3177323998,0,-1.221322743,4.404136542,-3.182813799
191.72,-64.99637933,0.05295508681,0.5959941247,0.3177323998,0,-1.221322743,4.404136542,-3.182813799
191.73,-64.99637933,0.05295508681,0.5959941247,0.3177323998,0,-1.221322743,4.404136542,-3.182813799
191.74,-64.99637933,0.05295508681,0.5959941247,0.3177323998,0,-1.221322743,4.404136542,-3.182813799
191.75,-64.99637933,0.05295508681,0.5959941247,0.3177323998,0,-1.221322743,4.404136542,-3.182813799
191.76,-64.99637933,0.05295508681,0.5959941247,0.3177323998,0,-1.221322743,4.404136542,-3.182813799
191.77,-64.99637933,0.05295508681,0.5959941247,0.3177323998,0,-1.221322743,4.404136542,-3.182813799
191.78,-64.99637933,0.05295508681,0.5959941247,0.3177323998,0,-1.221322743,4.404136542,-3.182813799
191.79,-64.99637933,0.05295508681,0.5959941247,0.3177323998,0,-1.221322743,4.404136542,-3.182813799
191.8,-64.99637933,0.05295508681,0.5959941247,0.3177323998,0,-1.221322743,4.404136542,-3.182813799
191.81,-64.99637933,0.05295508681,0.5959941247,0.3177323998,0,-1.221322743,4.404136542,-3.182813799
191.82,-64.99637933,0.05295508681,0.5959941247,0.3177323998,0,-1.221322743,4.404136542,-3.182813799
191.83,-64.99637933,0.05295508681,0.5959941247,0.3177323998,0,-1.221322743,4.404136542,-3.182813799
191.84,-64.99637933,0.05295508681,0.5959941247,0.3177323998,0,-1.221322743,4.404136542,-3.182813799
191.85,-64.99637933,0.05295508681,0.5959941247,0.3177323998,0,-1.221322743,4.404136542,-3.182813799
191.86,-64.99637933,0.05295508681,0.5959941247,0.3177323998,0,-1.221322743,4.404136542,-3.182813799
191.87,-64.99637933,0.05295508681,0.5959941247,0.3177323998,0,-1.221322743,4.404136542,-3.182813799
191.88,-64.99637933,0.05295508681,0.5959941247,0.3177323998,0,-1.221322743,4.404136542,-3.182813799
191.89,-64.99637933,0.05295508681,0.5959941247,0.3177323998,0,-1.221322743,4.404136542,-3.182813799
191.9,-64.99637933,0.05295508681,0.5959941247,0.3177323998,0,-1.221322743,4.404136542,-3.182813799
191.91,-64.99637933,0.05295508681,0.5959941247,0.3177323998,0,-1.221322743,4.404136542,-3.182813799
191.92,-64.99637933,0.05295508681,0.5959941247,0.3177323998,0,-1.221322743,4.404136542,-3.182813799
191.93,-64.99637933,0.05295508681,0.5959941247,0.3177323998,0,-1.221322743,4.404136542,-3.182813799
191.94,-64.99637933,0.05295508681,0.5959941247,0.3177323998,0,-1.221322743,4.404136542,-3.182813799
191.95,-64.99637933,0.05295508681,0.5959941247,0.3177323998,0,-1.221322743,4.404136542,-3.182813799
191.96,-64.99637933,0.05295508681,0.5959941247,0.3177323998,0,-1.221322743,4.404136542,-3.182813799
191.97,-64.99637933,0.05295508681,0.5959941247,0.3177323998,0,-1.221322743,4.404136542,-3.182813799
191.98,-64.99637933,0.05295508681,0.5959941247,0.3177323998,0,-1.221322743,4.404136542,-3.182813799
191.99,-64.99637933,0.05295508681,0.5959941247,0.3177323998,0,-1.221322743,4.404136542,-3.182813799
192,-64.99637933,0.05295508681,0.5959941247,0.3177323998,0,-1.221322743,4.404136542,-3.182813799
192.01,-64.99637933,0.05295508681,0.5959941247,0.3177323998,0,-1.221322743,4.404136542,-3.182813799
192.02,-64.99637933,0.05295508681,0.5959941247,0.3177323998,0,-1.221322743,4.404136542,-3.182813799
192.03,-64.99637933,0.05295508681,0.5959941247,0.3177323998,0,-1.221322743,4.404136542,-3.182813799
192.04,-64.99637933,0.05295508681,0.5959941247,0.3177323998,0,-1.221322743,4.404136542,-3.182813799
192.05,-64.99637933,0.05295508681,0.5959941247,0.3177323998,0,-1.221322743,4.404136542,-3.182813799
192.06,-64.99637933,0.05295508681,0.5959941247,0.3177323998,0,-1.221322743,4.404136542,-3.182813799
192.07,-64.99637933,0.05295508681,0.5959941247,0.3177323998,0,-1.221322743,4.404136542,-3.182813799
192.08,-64.99637933,0.05295508681,0.5959941247,0.3177323998,0,-1.221322743,4.404136542,-3.182813799
192.09,-64.99637933,0.05295508681,0.5959941247,0.3177323998,0,-1.221322743,4.404136542,-3.182813799
192.1,-64.99637933,0.05295508681,0.5959941247,0.3177323998,0,-1.221322743,4.404136542,-3.182813799
192.11,-64.99637933,0.05295508681,0.5959941247,0.3177323998,0,-1.221322743,4.404136542,-3.182813799
192.12,-64.99637933,0.05295508681,0.5959941247,0.3177323998,0,-1.221322743,4.404136542,-3.182813799
192.13,-64.99637933,0.05295508681,0.5959941247,0.3177323998,0,-1.221322743,4.404136542,-3.182813799
192.14,-64.99637933,0.05295508681,0.5959941247,0.3177323998,0,-1.221322743,4.404136542,-3.182813799
192.15,-64.99637933,0.05295508681,0.5959941247,0.3177323998,0,-1.221322743,4.404136542,-3.182813799
192.16,-64.99637933,0.05295508681,0.5959941247,0.3177323998,0,-1.221322743,4.404136542,-3.182813799
192.17,-64.99637933,0.05295508681,0.5959941247,0.3177323998,0,-1.221322743,4.404136542,-3.182813799
192.18,-64.99637933,0.05295508681,0.5959941247,0.3177323998,0,-1.221322743,4.404136542,-3.182813799
192.19,-64.99637933,0.05295508681,0.5959941247,0.3177323998,0,-1.221322743,4.404136542,-3.182813799
192.2,-64.99637933,0.05295508681,0.5959941247,0.3177323998,0,-1.221322743,4.404136542,-3.182813799
192.21,-64.99637933,0.05295508681,0.5959941247,0.3177323998,0,-1.221322743,4.404136542,-3.182813799
192.22,-64.99637933,0.05295508681,0.5959941247,0.3177323998,0,-1.221322743,4.404136542,-3.182813799
192.23,-64.99637933,0.05295508681,0.5959941247,0.3177323998,0,-1.221322743,4.404136542,-3.182813799
192.24,-64.99637933,0.05295508681,0.5959941247,0.3177323998,0,-1.221322743,4.404136542,-3.182813799
192.25,-64.99637933,0.05295508681,0.5959941247,0.3177323998,0,-1.221322743,4.404136542,-3.182813799
192.26,-64.99637933,0.05295508681,0.5959941247,0.3177323998,0,-1.221322743,4.404136542,-3.182813799
192.27,-64.99637933,0.05295508681,0.5959941247,0.3177323998,0,-1.221322743,4.404136542,-3.182813799
192.28,-64.99637933,0.05295508681,0.5959941247,0.3177323998,0,-1.221322743,4.404136542,-3.182813799
192.29,-64.99637933,0.05295508681,0.5959941247,0.3177323998,0,-1.221322743,4.404136542,-3.182813799
192.3,-64.99637933,0.05295508681,0.5959941247,0.3177323998,0,-1.221322743,4.404136542,-3.182813799
192.31,-64.99637933,0.05295508681,0.5959941247,0.3177323998,0,-1.221322743,4.404136542,-3.182813799
192.32,-64.99637933,0.05295508681,0.5959941247,0.3177323998,0,-1.221322743,4.404136542,-3.182813799
192.33,-64.99637933,0.05295508681,0.5959941247,0.3177323998,0,-1.221322743,4.404136542,-3.182813799
192.34,-64.99637933,0.05295508681,0.5959941247,0.3177323998,0,-1.221322743,4.404136542,-3.182813799
192.35,-64.99637933,0.05295508681,0.5959941247,0.3177323998,0,-1.221322743,4.404136542,-3.182813799
192.36,-64.99637933,0.05295508681,0.5959941247,0.3177323998,0,-1.221322743,4.404136542,-3.182813799
192.37,-64.99637933,0.05295508681,0.5959941247,0.3177323998,0,-1.221322743,4.404136542,-3.182813799
192.38,-64.99637933,0.05295508681,0.5959941247,0.3177323998,0,-1.221322743,4.404136542,-3.182813799
192.39,-64.99637933,0.05295508681,0.5959941247,0.3177323998,0,-1.221322743,4.404136542,-3.182813799
192.4,-64.99637933,0.05295508681,0.5959941247,0.3177323998,0,-1.221322743,4.404136542,-3.182813799
192.41,-64.99637933,0.05295508681,0.5959941247,0.3177323998,0,-1.221322743,4.404136542,-3.182813799
192.42,-64.99637933,0.05295508681,0.5959941247,0.3177323998,0,-1.221322743,4.404136542,-3.182813799
192.43,-64.99637933,0.05295508681,0.5959941247,0.3177323998,0,-1.221322743,4.404136542,-3.182813799
192.44,-64.99637933,0.05295508681,0.5959941247,0.3177323998,0,-1.221322743,4.404136542,-3.182813799
192.45,-64.99637933,0.05295508681,0.5959941247,0.3177323998,0,-1.221322743,4.404136542,-3.182813799
192.46,-64.99637933,0.05295508681,0.5959941247,0.3177323998,0,-1.221322743,4.404136542,-3.182813799
192.47,-64.99637933,0.05295508681,0.5959941247,0.3177323998,0,-1.221322743,4.404136542,-3.182813799
192.48,-64.99637933,0.05295508681,0.5959941247,0.3177323998,0,-1.221322743,4.404136542,-3.182813799
192.49,-64.99637933,0.05295508681,0.5959941247,0.3177323998,0,-1.221322743,4.404136542,-3.182813799
192.5,-64.99637933,0.05295508681,0.5959941247,0.3177323998,0,-1.221322743,4.404136542,-3.182813799
192.51,-64.99637933,0.05295508681,0.5959941247,0.3177323998,0,-1.221322743,4.404136542,-3.182813799
192.52,-64.99637933,0.05295508681,0.5959941247,0.3177323998,0,-1.221322743,4.404136542,-3.182813799
192.53,-64.99637933,0.05295508681,0.5959941247,0.3177323998,0,-1.221322743,4.404136542,-3.182813799
192.54,-64.99637933,0.05295508681,0.5959941247,0.3177323998,0,-1.221322743,4.404136542,-3.182813799
192.55,-64.99637933,0.05295508681,0.5959941247,0.3177323998,0,-1.221322743,4.404136542,-3.182813799
192.56,-64.99637933,0.05295508681,0.5959941247,0.3177323998,0,-1.221322743,4.404136542,-3.182813799
192.57,-64.99637933,0.05295508681,0.5959941247,0.3177323998,0,-1.221322743,4.404136542,-3.182813799
192.58,-64.99637933,0.05295508681,0.5959941247,0.3177323998,0,-1.221322743,4.404136542,-3.182813799
192.59,-64.99637933,0.05295508681,0.5959941247,0.3177323998,0,-1.221322743,4.404136542,-3.182813799
192.6,-64.99637933,0.05295508681,0.5959941247,0.3177323998,0,-1.221322743,4.404136542,-3.182813799
192.61,-64.99637933,0.05295508681,0.5959941247,0.3177323998,0,-1.221322743,4.404136542,-3.182813799
192.62,-64.99637933,0.05295508681,0.5959941247,0.3177323998,0,-1.221322743,4.404136542,-3.182813799
192.63,-64.99637933,0.05295508681,0.5959941247,0.3177323998,0,-1.221322743,4.404136542,-3.182813799
192.64,-64.99637933,0.05295508681,0.5959941247,0.3177323998,0,-1.221322743,4.404136542,-3.182813799
192.65,-64.99637933,0.05295508681,0.5959941247,0.3177323998,0,-1.221322743,4.404136542,-3.182813799
192.66,-64.99637933,0.05295508681,0.5959941247,0.3177323998,0,-1.221322743,4.404136542,-3.182813799
192.67,-64.99637933,0.05295508681,0.5959941247,0.3177323998,0,-1.221322743,4.404136542,-3.182813799
192.68,-64.99637933,0.05295508681,0.5959941247,0.3177323998,0,-1.221322743,4.404136542,-3.182813799
192.69,-64.99637933,0.05295508681,0.5959941247,0.3177323998,0,-1.221322743,4.404136542,-3.182813799
192.7,-64.99637933,0.05295508681,0.5959941247,0.3177323998,0,-1.221322743,4.404136542,-3.182813799
192.71,-64.99637933,0.05295508681,0.5959941247,0.3177323998,0,-1.221322743,4.404136542,-3.182813799
192.72,-64.99637933,0.05295508681,0.5959941247,0.3177323998,0,-1.221322743,4.404136542,-3.182813799
192.73,-64.99637933,0.05295508681,0.5959941247,0.3177323998,0,-1.221322743,4.404136542,-3.182813799
192.74,-64.99637933,0.05295508681,0.5959941247,0.3177323998,0,-1.221322743,4.404136542,-3.182813799
192.75,-64.99637933,0.05295508681,0.5959941247,0.3177323998,0,-1.221322743,4.404136542,-3.182813799
192.76,-64.99637933,0.05295508681,0.5959941247,0.3177323998,0,-1.221322743,4.404136542,-3.182813799
192.77,-64.99637933,0.05295508681,0.5959941247,0.3177323998,0,-1.221322743,4.404136542,-3.182813799
192.78,-64.99637933,0.05295508681,0.5959941247,0.3177323998,0,-1.221322743,4.404136542,-3.182813799
192.79,-64.99637933,0.05295508681,0.5959941247,0.3177323998,0,-1.221322743,4.404136542,-3.182813799
192.8,-64.99637933,0.05295508681,0.5959941247,0.3177323998,0,-1.221322743,4.404136542,-3.182813799
192.81,-64.99637933,0.05295508681,0.5959941247,0.3177323998,0,-1.221322743,4.404136542,-3.182813799
192.82,-64.99637933,0.05295508681,0.5959941247,0.3177323998,0,-1.221322743,4.404136542,-3.182813799
192.83,-64.99637933,0.05295508681,0.5959941247,0.3177323998,0,-1.221322743,4.404136542,-3.182813799
192.84,-64.99637933,0.05295508681,0.5959941247,0.3177323998,0,-1.221322743,4.404136542,-3.182813799
192.85,-64.99637933,0.05295508681,0.5959941247,0.3177323998,0,-1.221322743,4.404136542,-3.182813799
192.86,-64.99637933,0.05295508681,0.5959941247,0.3177323998,0,-1.221322743,4.404136542,-3.182813799
192.87,-64.99637933,0.05295508681,0.5959941247,0.3177323998,0,-1.221322743,4.404136542,-3.182813799
192.88,-64.99637933,0.05295508681,0.5959941247,0.3177323998,0,-1.221322743,4.404136542,-3.182813799
192.89,-64.99637933,0.05295508681,0.5959941247,0.3177323998,0,-1.221322743,4.404136542,-3.182813799
192.9,-64.99637933,0.05295508681,0.5959941247,0.3177323998,0,-1.221322743,4.404136542,-3.182813799
192.91,-64.99637933,0.05295508681,0.5959941247,0.3177323998,0,-1.221322743,4.404136542,-3.182813799
192.92,-64.99637933,0.05295508681,0.5959941247,0.3177323998,0,-1.221322743,4.404136542,-3.182813799
192.93,-64.99637933,0.05295508681,0.5959941247,0.3177323998,0,-1.221322743,4.404136542,-3.182813799
192.94,-64.99637933,0.05295508681,0.5959941247,0.3177323998,0,-1.221322743,4.404136542,-3.182813799
192.95,-64.99637933,0.05295508681,0.5959941247,0.3177323998,0,-1.221322743,4.404136542,-3.182813799
192.96,-64.99637933,0.05295508681,0.5959941247,0.3177323998,0,-1.221322743,4.404136542,-3.182813799
192.97,-64.99637933,0.05295508681,0.5959941247,0.3177323998,0,-1.221322743,4.404136542,-3.182813799
192.98,-64.99637933,0.05295508681,0.5959941247,0.3177323998,0,-1.221322743,4.404136542,-3.182813799
192.99,-64.99637933,0.05295508681,0.5959941247,0.3177323998,0,-1.221322743,4.404136542,-3.182813799
193,-64.99637933,0.05295508681,0.5959941247,0.3177323998,0,-1.221322743,4.404136542,-3.182813799
193.01,-64.99637933,0.05295508681,0.5959941247,0.3177323998,0,-1.221322743,4.404136542,-3.182813799
193.02,-64.99637933,0.05295508681,0.5959941247,0.3177323998,0,-1.221322743,4.404136542,-3.182813799
193.03,-64.99637933,0.05295508681,0.5959941247,0.3177323998,0,-1.221322743,4.404136542,-3.182813799
193.04,-64.99637933,0.05295508681,0.5959941247,0.3177323998,0,-1.221322743,4.404136542,-3.182813799
193.05,-64.99637933,0.05295508681,0.5959941247,0.3177323998,0,-1.221322743,4.404136542,-3.182813799
193.06,-64.99637933,0.05295508681,0.5959941247,0.3177323998,0,-1.221322743,4.404136542,-3.182813799
193.07,-64.99637933,0.05295508681,0.5959941247,0.3177323998,0,-1.221322743,4.404136542,-3.182813799
193.08,-64.99637933,0.05295508681,0.5959941247,0.3177323998,0,-1.221322743,4.404136542,-3.182813799
193.09,-64.99637933,0.05295508681,0.5959941247,0.3177323998,0,-1.221322743,4.404136542,-3.182813799
193.1,-64.99637933,0.05295508681,0.5959941247,0.3177323998,0,-1.221322743,4.404136542,-3.182813799
193.11,-64.99637933,0.05295508681,0.5959941247,0.3177323998,0,-1.221322743,4.404136542,-3.182813799
193.12,-64.99637933,0.05295508681,0.5959941247,0.3177323998,0,-1.221322743,4.404136542,-3.182813799
193.13,-64.99637933,0.05295508681,0.5959941247,0.3177323998,0,-1.221322743,4.404136542,-3.182813799
193.14,-64.99637933,0.05295508681,0.5959941247,0.3177323998,0,-1.221322743,4.404136542,-3.182813799
193.15,-64.99637933,0.05295508681,0.5959941247,0.3177323998,0,-1.221322743,4.404136542,-3.182813799
193.16,-64.99637933,0.05295508681,0.5959941247,0.3177323998,0,-1.221322743,4.404136542,-3.182813799
193.17,-64.99637933,0.05295508681,0.5959941247,0.3177323998,0,-1.221322743,4.404136542,-3.182813799
193.18,-64.99637933,0.05295508681,0.5959941247,0.3177323998,0,-1.221322743,4.404136542,-3.182813799
193.19,-64.99637933,0.05295508681,0.5959941247,0.3177323998,0,-1.221322743,4.404136542,-3.182813799
193.2,-64.99637933,0.05295508681,0.5959941247,0.3177323998,0,-1.221322743,4.404136542,-3.182813799
193.21,-64.99637933,0.05295508681,0.5959941247,0.3177323998,0,-1.221322743,4.404136542,-3.182813799
193.22,-64.99637933,0.05295508681,0.5959941247,0.3177323998,0,-1.221322743,4.404136542,-3.182813799
193.23,-64.99637933,0.05295508681,0.5959941247,0.3177323998,0,-1.221322743,4.404136542,-3.182813799
193.24,-64.99637933,0.05295508681,0.5959941247,0.3177323998,0,-1.221322743,4.404136542,-3.182813799
193.25,-64.99637933,0.05295508681,0.5959941247,0.3177323998,0,-1.221322743,4.404136542,-3.182813799
193.26,-64.99637933,0.05295508681,0.5959941247,0.3177323998,0,-1.221322743,4.404136542,-3.182813799
193.27,-64.99637933,0.05295508681,0.5959941247,0.3177323998,0,-1.221322743,4.404136542,-3.182813799
193.28,-64.99637933,0.05295508681,0.5959941247,0.3177323998,0,-1.221322743,4.404136542,-3.182813799
193.29,-64.99637933,0.05295508681,0.5959941247,0.3177323998,0,-1.221322743,4.404136542,-3.182813799
193.3,-64.99637933,0.05295508681,0.5959941247,0.3177323998,0,-1.221322743,4.404136542,-3.182813799
193.31,-64.99637933,0.05295508681,0.5959941247,0.3177323998,0,-1.221322743,4.404136542,-3.182813799
193.32,-64.99637933,0.05295508681,0.5959941247,0.3177323998,0,-1.221322743,4.404136542,-3.182813799
193.33,-64.99637933,0.05295508681,0.5959941247,0.3177323998,0,-1.221322743,4.404136542,-3.182813799
193.34,-64.99637933,0.05295508681,0.5959941247,0.3177323998,0,-1.221322743,4.404136542,-3.182813799
193.35,-64.99637933,0.05295508681,0.5959941247,0.3177323998,0,-1.221322743,4.404136542,-3.182813799
193.36,-64.99637933,0.05295508681,0.5959941247,0.3177323998,0,-1.221322743,4.404136542,-3.182813799
193.37,-64.99637933,0.05295508681,0.5959941247,0.3177323998,0,-1.221322743,4.404136542,-3.182813799
193.38,-64.99637933,0.05295508681,0.5959941247,0.3177323998,0,-1.221322743,4.404136542,-3.182813799
193.39,-64.99637933,0.05295508681,0.5959941247,0.3177323998,0,-1.221322743,4.404136542,-3.182813799
193.4,-64.99637933,0.05295508681,0.5959941247,0.3177323998,0,-1.221322743,4.404136542,-3.182813799
193.41,-64.99637933,0.05295508681,0.5959941247,0.3177323998,0,-1.221322743,4.404136542,-3.182813799
193.42,-64.99637933,0.05295508681,0.5959941247,0.3177323998,0,-1.221322743,4.404136542,-3.182813799
193.43,-64.99637933,0.05295508681,0.5959941247,0.3177323998,0,-1.221322743,4.404136542,-3.182813799
193.44,-64.99637933,0.05295508681,0.5959941247,0.3177323998,0,-1.221322743,4.404136542,-3.182813799
193.45,-64.99637933,0.05295508681,0.5959941247,0.3177323998,0,-1.221322743,4.404136542,-3.182813799
193.46,-64.99637933,0.05295508681,0.5959941247,0.3177323998,0,-1.221322743,4.404136542,-3.182813799
193.47,-64.99637933,0.05295508681,0.5959941247,0.3177323998,0,-1.221322743,4.404136542,-3.182813799
193.48,-64.99637933,0.05295508681,0.5959941247,0.3177323998,0,-1.221322743,4.404136542,-3.182813799
193.49,-64.99637933,0.05295508681,0.5959941247,0.3177323998,0,-1.221322743,4.404136542,-3.182813799
193.5,-64.99637933,0.05295508681,0.5959941247,0.3177323998,0,-1.221322743,4.404136542,-3.182813799
193.51,-64.99637933,0.05295508681,0.5959941247,0.3177323998,0,-1.221322743,4.404136542,-3.182813799
193.52,-64.99637933,0.05295508681,0.5959941247,0.3177323998,0,-1.221322743,4.404136542,-3.182813799
193.53,-64.99637933,0.05295508681,0.5959941247,0.3177323998,0,-1.221322743,4.404136542,-3.182813799
193.54,-64.99637933,0.05295508681,0.5959941247,0.3177323998,0,-1.221322743,4.404136542,-3.182813799
193.55,-64.99637933,0.05295508681,0.5959941247,0.3177323998,0,-1.221322743,4.404136542,-3.182813799
193.56,-64.99637933,0.05295508681,0.5959941247,0.3177323998,0,-1.221322743,4.404136542,-3.182813799
193.57,-64.99637933,0.05295508681,0.5959941247,0.3177323998,0,-1.221322743,4.404136542,-3.182813799
193.58,-64.99637933,0.05295508681,0.5959941247,0.3177323998,0,-1.221322743,4.404136542,-3.182813799
193.59,-64.99637933,0.05295508681,0.5959941247,0.3177323998,0,-1.221322743,4.404136542,-3.182813799
193.6,-64.99637933,0.05295508681,0.5959941247,0.3177323998,0,-1.221322743,4.404136542,-3.182813799
193.61,-64.99637933,0.05295508681,0.5959941247,0.3177323998,0,-1.221322743,4.404136542,-3.182813799
193.62,-64.99637933,0.05295508681,0.5959941247,0.3177323998,0,-1.221322743,4.404136542,-3.182813799
193.63,-64.99637933,0.05295508681,0.5959941247,0.3177323998,0,-1.221322743,4.404136542,-3.182813799
193.64,-64.99637933,0.05295508681,0.5959941247,0.3177323998,0,-1.221322743,4.404136542,-3.182813799
193.65,-64.99637933,0.05295508681,0.5959941247,0.3177323998,0,-1.221322743,4.404136542,-3.182813799
193.66,-64.99637933,0.05295508681,0.5959941247,0.3177323998,0,-1.221322743,4.404136542,-3.182813799
193.67,-64.99637933,0.05295508681,0.5959941247,0.3177323998,0,-1.221322743,4.404136542,-3.182813799
193.68,-64.99637933,0.05295508681,0.5959941247,0.3177323998,0,-1.221322743,4.404136542,-3.182813799
193.69,-64.99637933,0.05295508681,0.5959941247,0.3177323998,0,-1.221322743,4.404136542,-3.182813799
193.7,-64.99637933,0.05295508681,0.5959941247,0.3177323998,0,-1.221322743,4.404136542,-3.182813799
193.71,-64.99637933,0.05295508681,0.5959941247,0.3177323998,0,-1.221322743,4.404136542,-3.182813799
193.72,-64.99637933,0.05295508681,0.5959941247,0.3177323998,0,-1.221322743,4.404136542,-3.182813799
193.73,-64.99637933,0.05295508681,0.5959941247,0.3177323998,0,-1.221322743,4.404136542,-3.182813799
193.74,-64.99637933,0.05295508681,0.5959941247,0.3177323998,0,-1.221322743,4.404136542,-3.182813799
193.75,-64.99637933,0.05295508681,0.5959941247,0.3177323998,0,-1.221322743,4.404136542,-3.182813799
193.76,-64.99637933,0.05295508681,0.5959941247,0.3177323998,0,-1.221322743,4.404136542,-3.182813799
193.77,-64.99637933,0.05295508681,0.5959941247,0.3177323998,0,-1.221322743,4.404136542,-3.182813799
193.78,-64.99637933,0.05295508681,0.5959941247,0.3177323998,0,-1.221322743,4.404136542,-3.182813799
193.79,-64.99637933,0.05295508681,0.5959941247,0.3177323998,0,-1.221322743,4.404136542,-3.182813799
193.8,-64.99637933,0.05295508681,0.5959941247,0.3177323998,0,-1.221322743,4.404136542,-3.182813799
193.81,-64.99637933,0.05295508681,0.5959941247,0.3177323998,0,-1.221322743,4.404136542,-3.182813799
193.82,-64.99637933,0.05295508681,0.5959941247,0.3177323998,0,-1.221322743,4.404136542,-3.182813799
193.83,-64.99637933,0.05295508681,0.5959941247,0.3177323998,0,-1.221322743,4.404136542,-3.182813799
193.84,-64.99637933,0.05295508681,0.5959941247,0.3177323998,0,-1.221322743,4.404136542,-3.182813799
193.85,-64.99637933,0.05295508681,0.5959941247,0.3177323998,0,-1.221322743,4.404136542,-3.182813799
193.86,-64.99637933,0.05295508681,0.5959941247,0.3177323998,0,-1.221322743,4.404136542,-3.182813799
193.87,-64.99637933,0.05295508681,0.5959941247,0.3177323998,0,-1.221322743,4.404136542,-3.182813799
193.88,-64.99637933,0.05295508681,0.5959941247,0.3177323998,0,-1.221322743,4.404136542,-3.182813799
193.89,-64.99637933,0.05295508681,0.5959941247,0.3177323998,0,-1.221322743,4.404136542,-3.182813799
193.9,-64.99637933,0.05295508681,0.5959941247,0.3177323998,0,-1.221322743,4.404136542,-3.182813799
193.91,-64.99637933,0.05295508681,0.5959941247,0.3177323998,0,-1.221322743,4.404136542,-3.182813799
193.92,-64.99637933,0.05295508681,0.5959941247,0.3177323998,0,-1.221322743,4.404136542,-3.182813799
193.93,-64.99637933,0.05295508681,0.5959941247,0.3177323998,0,-1.221322743,4.404136542,-3.182813799
193.94,-64.99637933,0.05295508681,0.5959941247,0.3177323998,0,-1.221322743,4.404136542,-3.182813799
193.95,-64.99637933,0.05295508681,0.5959941247,0.3177323998,0,-1.221322743,4.404136542,-3.182813799
193.96,-64.99637933,0.05295508681,0.5959941247,0.3177323998,0,-1.221322743,4.404136542,-3.182813799
193.97,-64.99637933,0.05295508681,0.5959941247,0.3177323998,0,-1.221322743,4.404136542,-3.182813799
193.98,-64.99637933,0.05295508681,0.5959941247,0.3177323998,0,-1.221322743,4.404136542,-3.182813799
193.99,-64.99637933,0.05295508681,0.5959941247,0.3177323998,0,-1.221322743,4.404136542,-3.182813799
194,-64.99637933,0.05295508681,0.5959941247,0.3177323998,0,-1.221322743,4.404136542,-3.182813799
194.01,-64.99637933,0.05295508681,0.5959941247,0.3177323998,0,-1.221322743,4.404136542,-3.182813799
194.02,-64.99637933,0.05295508681,0.5959941247,0.3177323998,0,-1.221322743,4.404136542,-3.182813799
194.03,-64.99637933,0.05295508681,0.5959941247,0.3177323998,0,-1.221322743,4.404136542,-3.182813799
194.04,-64.99637933,0.05295508681,0.5959941247,0.3177323998,0,-1.221322743,4.404136542,-3.182813799
194.05,-64.99637933,0.05295508681,0.5959941247,0.3177323998,0,-1.221322743,4.404136542,-3.182813799
194.06,-64.99637933,0.05295508681,0.5959941247,0.3177323998,0,-1.221322743,4.404136542,-3.182813799
194.07,-64.99637933,0.05295508681,0.5959941247,0.3177323998,0,-1.221322743,4.404136542,-3.182813799
194.08,-64.99637933,0.05295508681,0.5959941247,0.3177323998,0,-1.221322743,4.404136542,-3.182813799
194.09,-64.99637933,0.05295508681,0.5959941247,0.3177323998,0,-1.221322743,4.404136542,-3.182813799
194.1,-64.99637933,0.05295508681,0.5959941247,0.3177323998,0,-1.221322743,4.404136542,-3.182813799
194.11,-64.99637933,0.05295508681,0.5959941247,0.3177323998,0,-1.221322743,4.404136542,-3.182813799
194.12,-64.99637933,0.05295508681,0.5959941247,0.3177323998,0,-1.221322743,4.404136542,-3.182813799
194.13,-64.99637933,0.05295508681,0.5959941247,0.3177323998,0,-1.221322743,4.404136542,-3.182813799
194.14,-64.99637933,0.05295508681,0.5959941247,0.3177323998,0,-1.221322743,4.404136542,-3.182813799
194.15,-64.99637933,0.05295508681,0.5959941247,0.3177323998,0,-1.221322743,4.404136542,-3.182813799
194.16,-64.99637933,0.05295508681,0.5959941247,0.3177323998,0,-1.221322743,4.404136542,-3.182813799
194.17,-64.99637933,0.05295508681,0.5959941247,0.3177323998,0,-1.221322743,4.404136542,-3.182813799
194.18,-64.99637933,0.05295508681,0.5959941247,0.3177323998,0,-1.221322743,4.404136542,-3.182813799
194.19,-64.99637933,0.05295508681,0.5959941247,0.3177323998,0,-1.221322743,4.404136542,-3.182813799
194.2,-64.99637933,0.05295508681,0.5959941247,0.3177323998,0,-1.221322743,4.404136542,-3.182813799
194.21,-64.99637933,0.05295508681,0.5959941247,0.3177323998,0,-1.221322743,4.404136542,-3.182813799
194.22,-64.99637933,0.05295508681,0.5959941247,0.3177323998,0,-1.221322743,4.404136542,-3.182813799
194.23,-64.99637933,0.05295508681,0.5959941247,0.3177323998,0,-1.221322743,4.404136542,-3.182813799
194.24,-64.99637933,0.05295508681,0.5959941247,0.3177323998,0,-1.221322743,4.404136542,-3.182813799
194.25,-64.99637933,0.05295508681,0.5959941247,0.3177323998,0,-1.221322743,4.404136542,-3.182813799
194.26,-64.99637933,0.05295508681,0.5959941247,0.3177323998,0,-1.221322743,4.404136542,-3.182813799
194.27,-64.99637933,0.05295508681,0.5959941247,0.3177323998,0,-1.221322743,4.404136542,-3.182813799
194.28,-64.99637933,0.05295508681,0.5959941247,0.3177323998,0,-1.221322743,4.404136542,-3.182813799
194.29,-64.99637933,0.05295508681,0.5959941247,0.3177323998,0,-1.221322743,4.404136542,-3.182813799
194.3,-64.99637933,0.05295508681,0.5959941247,0.3177323998,0,-1.221322743,4.404136542,-3.182813799
194.31,-64.99637933,0.05295508681,0.5959941247,0.3177323998,0,-1.221322743,4.404136542,-3.182813799
194.32,-64.99637933,0.05295508681,0.5959941247,0.3177323998,0,-1.221322743,4.404136542,-3.182813799
194.33,-64.99637933,0.05295508681,0.5959941247,0.3177323998,0,-1.221322743,4.404136542,-3.182813799
194.34,-64.99637933,0.05295508681,0.5959941247,0.3177323998,0,-1.221322743,4.404136542,-3.182813799
194.35,-64.99637933,0.05295508681,0.5959941247,0.3177323998,0,-1.221322743,4.404136542,-3.182813799
194.36,-64.99637933,0.05295508681,0.5959941247,0.3177323998,0,-1.221322743,4.404136542,-3.182813799
194.37,-64.99637933,0.05295508681,0.5959941247,0.3177323998,0,-1.221322743,4.404136542,-3.182813799
194.38,-64.99637933,0.05295508681,0.5959941247,0.3177323998,0,-1.221322743,4.404136542,-3.182813799
194.39,-64.99637933,0.05295508681,0.5959941247,0.3177323998,0,-1.221322743,4.404136542,-3.182813799
194.4,-64.99637933,0.05295508681,0.5959941247,0.3177323998,0,-1.221322743,4.404136542,-3.182813799
194.41,-64.99637933,0.05295508681,0.5959941247,0.3177323998,0,-1.221322743,4.404136542,-3.182813799
194.42,-64.99637933,0.05295508681,0.5959941247,0.3177323998,0,-1.221322743,4.404136542,-3.182813799
194.43,-64.99637933,0.05295508681,0.5959941247,0.3177323998,0,-1.221322743,4.404136542,-3.182813799
194.44,-64.99637933,0.05295508681,0.5959941247,0.3177323998,0,-1.221322743,4.404136542,-3.182813799
194.45,-64.99637933,0.05295508681,0.5959941247,0.3177323998,0,-1.221322743,4.404136542,-3.182813799
194.46,-64.99637933,0.05295508681,0.5959941247,0.3177323998,0,-1.221322743,4.404136542,-3.182813799
194.47,-64.99637933,0.05295508681,0.5959941247,0.3177323998,0,-1.221322743,4.404136542,-3.182813799
194.48,-64.99637933,0.05295508681,0.5959941247,0.3177323998,0,-1.221322743,4.404136542,-3.182813799
194.49,-64.99637933,0.05295508681,0.5959941247,0.3177323998,0,-1.221322743,4.404136542,-3.182813799
194.5,-64.99637933,0.05295508681,0.5959941247,0.3177323998,0,-1.221322743,4.404136542,-3.182813799
194.51,-64.99637933,0.05295508681,0.5959941247,0.3177323998,0,-1.221322743,4.404136542,-3.182813799
194.52,-64.99637933,0.05295508681,0.5959941247,0.3177323998,0,-1.221322743,4.404136542,-3.182813799
194.53,-64.99637933,0.05295508681,0.5959941247,0.3177323998,0,-1.221322743,4.404136542,-3.182813799
194.54,-64.99637933,0.05295508681,0.5959941247,0.3177323998,0,-1.221322743,4.404136542,-3.182813799
194.55,-64.99637933,0.05295508681,0.5959941247,0.3177323998,0,-1.221322743,4.404136542,-3.182813799
194.56,-64.99637933,0.05295508681,0.5959941247,0.3177323998,0,-1.221322743,4.404136542,-3.182813799
194.57,-64.99637933,0.05295508681,0.5959941247,0.3177323998,0,-1.221322743,4.404136542,-3.182813799
194.58,-64.99637933,0.05295508681,0.5959941247,0.3177323998,0,-1.221322743,4.404136542,-3.182813799
194.59,-64.99637933,0.05295508681,0.5959941247,0.3177323998,0,-1.221322743,4.404136542,-3.182813799
194.6,-64.99637933,0.05295508681,0.5959941247,0.3177323998,0,-1.221322743,4.404136542,-3.182813799
194.61,-64.99637933,0.05295508681,0.5959941247,0.3177323998,0,-1.221322743,4.404136542,-3.182813799
194.62,-64.99637933,0.05295508681,0.5959941247,0.3177323998,0,-1.221322743,4.404136542,-3.182813799
194.63,-64.99637933,0.05295508681,0.5959941247,0.3177323998,0,-1.221322743,4.404136542,-3.182813799
194.64,-64.99637933,0.05295508681,0.5959941247,0.3177323998,0,-1.221322743,4.404136542,-3.182813799
194.65,-64.99637933,0.05295508681,0.5959941247,0.3177323998,0,-1.221322743,4.404136542,-3.182813799
194.66,-64.99637933,0.05295508681,0.5959941247,0.3177323998,0,-1.221322743,4.404136542,-3.182813799
194.67,-64.99637933,0.05295508681,0.5959941247,0.3177323998,0,-1.221322743,4.404136542,-3.182813799
194.68,-64.99637933,0.05295508681,0.5959941247,0.3177323998,0,-1.221322743,4.404136542,-3.182813799
194.69,-64.99637933,0.05295508681,0.5959941247,0.3177323998,0,-1.221322743,4.404136542,-3.182813799
194.7,-64.99637933,0.05295508681,0.5959941247,0.3177323998,0,-1.221322743,4.404136542,-3.182813799
194.71,-64.99637933,0.05295508681,0.5959941247,0.3177323998,0,-1.221322743,4.404136542,-3.182813799
194.72,-64.99637933,0.05295508681,0.5959941247,0.3177323998,0,-1.221322743,4.404136542,-3.182813799
194.73,-64.99637933,0.05295508681,0.5959941247,0.3177323998,0,-1.221322743,4.404136542,-3.182813799
194.74,-64.99637933,0.05295508681,0.5959941247,0.3177323998,0,-1.221322743,4.404136542,-3.182813799
194.75,-64.99637933,0.05295508681,0.5959941247,0.3177323998,0,-1.221322743,4.404136542,-3.182813799
194.76,-64.99637933,0.05295508681,0.5959941247,0.3177323998,0,-1.221322743,4.404136542,-3.182813799
194.77,-64.99637933,0.05295508681,0.5959941247,0.3177323998,0,-1.221322743,4.404136542,-3.182813799
194.78,-64.99637933,0.05295508681,0.5959941247,0.3177323998,0,-1.221322743,4.404136542,-3.182813799
194.79,-64.99637933,0.05295508681,0.5959941247,0.3177323998,0,-1.221322743,4.404136542,-3.182813799
194.8,-64.99637933,0.05295508681,0.5959941247,0.3177323998,0,-1.221322743,4.404136542,-3.182813799
194.81,-64.99637933,0.05295508681,0.5959941247,0.3177323998,0,-1.221322743,4.404136542,-3.182813799
194.82,-64.99637933,0.05295508681,0.5959941247,0.3177323998,0,-1.221322743,4.404136542,-3.182813799
194.83,-64.99637933,0.05295508681,0.5959941247,0.3177323998,0,-1.221322743,4.404136542,-3.182813799
194.84,-64.99637933,0.05295508681,0.5959941247,0.3177323998,0,-1.221322743,4.404136542,-3.182813799
194.85,-64.99637933,0.05295508681,0.5959941247,0.3177323998,0,-1.221322743,4.404136542,-3.182813799
194.86,-64.99637933,0.05295508681,0.5959941247,0.3177323998,0,-1.221322743,4.404136542,-3.182813799
194.87,-64.99637933,0.05295508681,0.5959941247,0.3177323998,0,-1.221322743,4.404136542,-3.182813799
194.88,-64.99637933,0.05295508681,0.5959941247,0.3177323998,0,-1.221322743,4.404136542,-3.182813799
194.89,-64.99637933,0.05295508681,0.5959941247,0.3177323998,0,-1.221322743,4.404136542,-3.182813799
194.9,-64.99637933,0.05295508681,0.5959941247,0.3177323998,0,-1.221322743,4.404136542,-3.182813799
194.91,-64.99637933,0.05295508681,0.5959941247,0.3177323998,0,-1.221322743,4.404136542,-3.182813799
194.92,-64.99637933,0.05295508681,0.5959941247,0.3177323998,0,-1.221322743,4.404136542,-3.182813799
194.93,-64.99637933,0.05295508681,0.5959941247,0.3177323998,0,-1.221322743,4.404136542,-3.182813799
194.94,-64.99637933,0.05295508681,0.5959941247,0.3177323998,0,-1.221322743,4.404136542,-3.182813799
194.95,-64.99637933,0.05295508681,0.5959941247,0.3177323998,0,-1.221322743,4.404136542,-3.182813799
194.96,-64.99637933,0.05295508681,0.5959941247,0.3177323998,0,-1.221322743,4.404136542,-3.182813799
194.97,-64.99637933,0.05295508681,0.5959941247,0.3177323998,0,-1.221322743,4.404136542,-3.182813799
194.98,-64.99637933,0.05295508681,0.5959941247,0.3177323998,0,-1.221322743,4.404136542,-3.182813799
194.99,-64.99637933,0.05295508681,0.5959941247,0.3177323998,0,-1.221322743,4.404136542,-3.182813799
195,-64.99637933,0.05295508681,0.5959941247,0.3177323998,0,-1.221322743,4.404136542,-3.182813799
195.01,-64.99637933,0.05295508681,0.5959941247,0.3177323998,0,-1.221322743,4.404136542,-3.182813799
195.02,-64.99637933,0.05295508681,0.5959941247,0.3177323998,0,-1.221322743,4.404136542,-3.182813799
195.03,-64.99637933,0.05295508681,0.5959941247,0.3177323998,0,-1.221322743,4.404136542,-3.182813799
195.04,-64.99637933,0.05295508681,0.5959941247,0.3177323998,0,-1.221322743,4.404136542,-3.182813799
195.05,-64.99637933,0.05295508681,0.5959941247,0.3177323998,0,-1.221322743,4.404136542,-3.182813799
195.06,-64.99637933,0.05295508681,0.5959941247,0.3177323998,0,-1.221322743,4.404136542,-3.182813799
195.07,-64.99637933,0.05295508681,0.5959941247,0.3177323998,0,-1.221322743,4.404136542,-3.182813799
195.08,-64.99637933,0.05295508681,0.5959941247,0.3177323998,0,-1.221322743,4.404136542,-3.182813799
195.09,-64.99637933,0.05295508681,0.5959941247,0.3177323998,0,-1.221322743,4.404136542,-3.182813799
195.1,-64.99637933,0.05295508681,0.5959941247,0.3177323998,0,-1.221322743,4.404136542,-3.182813799
195.11,-64.99637933,0.05295508681,0.5959941247,0.3177323998,0,-1.221322743,4.404136542,-3.182813799
195.12,-64.99637933,0.05295508681,0.5959941247,0.3177323998,0,-1.221322743,4.404136542,-3.182813799
195.13,-64.99637933,0.05295508681,0.5959941247,0.3177323998,0,-1.221322743,4.404136542,-3.182813799
195.14,-64.99637933,0.05295508681,0.5959941247,0.3177323998,0,-1.221322743,4.404136542,-3.182813799
195.15,-64.99637933,0.05295508681,0.5959941247,0.3177323998,0,-1.221322743,4.404136542,-3.182813799
195.16,-64.99637933,0.05295508681,0.5959941247,0.3177323998,0,-1.221322743,4.404136542,-3.182813799
195.17,-64.99637933,0.05295508681,0.5959941247,0.3177323998,0,-1.221322743,4.404136542,-3.182813799
195.18,-64.99637933,0.05295508681,0.5959941247,0.3177323998,0,-1.221322743,4.404136542,-3.182813799
195.19,-64.99637933,0.05295508681,0.5959941247,0.3177323998,0,-1.221322743,4.404136542,-3.182813799
195.2,-64.99637933,0.05295508681,0.5959941247,0.3177323998,0,-1.221322743,4.404136542,-3.182813799
195.21,-64.99637933,0.05295508681,0.5959941247,0.3177323998,0,-1.221322743,4.404136542,-3.182813799
195.22,-64.99637933,0.05295508681,0.5959941247,0.3177323998,0,-1.221322743,4.404136542,-3.182813799
195.23,-64.99637933,0.05295508681,0.5959941247,0.3177323998,0,-1.221322743,4.404136542,-3.182813799
195.24,-64.99637933,0.05295508681,0.5959941247,0.3177323998,0,-1.221322743,4.404136542,-3.182813799
195.25,-64.99637933,0.05295508681,0.5959941247,0.3177323998,0,-1.221322743,4.404136542,-3.182813799
195.26,-64.99637933,0.05295508681,0.5959941247,0.3177323998,0,-1.221322743,4.404136542,-3.182813799
195.27,-64.99637933,0.05295508681,0.5959941247,0.3177323998,0,-1.221322743,4.404136542,-3.182813799
195.28,-64.99637933,0.05295508681,0.5959941247,0.3177323998,0,-1.221322743,4.404136542,-3.182813799
195.29,-64.99637933,0.05295508681,0.5959941247,0.3177323998,0,-1.221322743,4.404136542,-3.182813799
195.3,-64.99637933,0.05295508681,0.5959941247,0.3177323998,0,-1.221322743,4.404136542,-3.182813799
195.31,-64.99637933,0.05295508681,0.5959941247,0.3177323998,0,-1.221322743,4.404136542,-3.182813799
195.32,-64.99637933,0.05295508681,0.5959941247,0.3177323998,0,-1.221322743,4.404136542,-3.182813799
195.33,-64.99637933,0.05295508681,0.5959941247,0.3177323998,0,-1.221322743,4.404136542,-3.182813799
195.34,-64.99637933,0.05295508681,0.5959941247,0.3177323998,0,-1.221322743,4.404136542,-3.182813799
195.35,-64.99637933,0.05295508681,0.5959941247,0.3177323998,0,-1.221322743,4.404136542,-3.182813799
195.36,-64.99637933,0.05295508681,0.5959941247,0.3177323998,0,-1.221322743,4.404136542,-3.182813799
195.37,-64.99637933,0.05295508681,0.5959941247,0.3177323998,0,-1.221322743,4.404136542,-3.182813799
195.38,-64.99637933,0.05295508681,0.5959941247,0.3177323998,0,-1.221322743,4.404136542,-3.182813799
195.39,-64.99637933,0.05295508681,0.5959941247,0.3177323998,0,-1.221322743,4.404136542,-3.182813799
195.4,-64.99637933,0.05295508681,0.5959941247,0.3177323998,0,-1.221322743,4.404136542,-3.182813799
195.41,-64.99637933,0.05295508681,0.5959941247,0.3177323998,0,-1.221322743,4.404136542,-3.182813799
195.42,-64.99637933,0.05295508681,0.5959941247,0.3177323998,0,-1.221322743,4.404136542,-3.182813799
195.43,-64.99637933,0.05295508681,0.5959941247,0.3177323998,0,-1.221322743,4.404136542,-3.182813799
195.44,-64.99637933,0.05295508681,0.5959941247,0.3177323998,0,-1.221322743,4.404136542,-3.182813799
195.45,-64.99637933,0.05295508681,0.5959941247,0.3177323998,0,-1.221322743,4.404136542,-3.182813799
195.46,-64.99637933,0.05295508681,0.5959941247,0.3177323998,0,-1.221322743,4.404136542,-3.182813799
195.47,-64.99637933,0.05295508681,0.5959941247,0.3177323998,0,-1.221322743,4.404136542,-3.182813799
195.48,-64.99637933,0.05295508681,0.5959941247,0.3177323998,0,-1.221322743,4.404136542,-3.182813799
195.49,-64.99637933,0.05295508681,0.5959941247,0.3177323998,0,-1.221322743,4.404136542,-3.182813799
195.5,-64.99637933,0.05295508681,0.5959941247,0.3177323998,0,-1.221322743,4.404136542,-3.182813799
195.51,-64.99637933,0.05295508681,0.5959941247,0.3177323998,0,-1.221322743,4.404136542,-3.182813799
195.52,-64.99637933,0.05295508681,0.5959941247,0.3177323998,0,-1.221322743,4.404136542,-3.182813799
195.53,-64.99637933,0.05295508681,0.5959941247,0.3177323998,0,-1.221322743,4.404136542,-3.182813799
195.54,-64.99637933,0.05295508681,0.5959941247,0.3177323998,0,-1.221322743,4.404136542,-3.182813799
195.55,-64.99637933,0.05295508681,0.5959941247,0.3177323998,0,-1.221322743,4.404136542,-3.182813799
195.56,-64.99637933,0.05295508681,0.5959941247,0.3177323998,0,-1.221322743,4.404136542,-3.182813799
195.57,-64.99637933,0.05295508681,0.5959941247,0.3177323998,0,-1.221322743,4.404136542,-3.182813799
195.58,-64.99637933,0.05295508681,0.5959941247,0.3177323998,0,-1.221322743,4.404136542,-3.182813799
195.59,-64.99637933,0.05295508681,0.5959941247,0.3177323998,0,-1.221322743,4.404136542,-3.182813799
195.6,-64.99637933,0.05295508681,0.5959941247,0.3177323998,0,-1.221322743,4.404136542,-3.182813799
195.61,-64.99637933,0.05295508681,0.5959941247,0.3177323998,0,-1.221322743,4.404136542,-3.182813799
195.62,-64.99637933,0.05295508681,0.5959941247,0.3177323998,0,-1.221322743,4.404136542,-3.182813799
195.63,-64.99637933,0.05295508681,0.5959941247,0.3177323998,0,-1.221322743,4.404136542,-3.182813799
195.64,-64.99637933,0.05295508681,0.5959941247,0.3177323998,0,-1.221322743,4.404136542,-3.182813799
195.65,-64.99637933,0.05295508681,0.5959941247,0.3177323998,0,-1.221322743,4.404136542,-3.182813799
195.66,-64.99637933,0.05295508681,0.5959941247,0.3177323998,0,-1.221322743,4.404136542,-3.182813799
195.67,-64.99637933,0.05295508681,0.5959941247,0.3177323998,0,-1.221322743,4.404136542,-3.182813799
195.68,-64.99637933,0.05295508681,0.5959941247,0.3177323998,0,-1.221322743,4.404136542,-3.182813799
195.69,-64.99637933,0.05295508681,0.5959941247,0.3177323998,0,-1.221322743,4.404136542,-3.182813799
195.7,-64.99637933,0.05295508681,0.5959941247,0.3177323998,0,-1.221322743,4.404136542,-3.182813799
195.71,-64.99637933,0.05295508681,0.5959941247,0.3177323998,0,-1.221322743,4.404136542,-3.182813799
195.72,-64.99637933,0.05295508681,0.5959941247,0.3177323998,0,-1.221322743,4.404136542,-3.182813799
195.73,-64.99637933,0.05295508681,0.5959941247,0.3177323998,0,-1.221322743,4.404136542,-3.182813799
195.74,-64.99637933,0.05295508681,0.5959941247,0.3177323998,0,-1.221322743,4.404136542,-3.182813799
195.75,-64.99637933,0.05295508681,0.5959941247,0.3177323998,0,-1.221322743,4.404136542,-3.182813799
195.76,-64.99637933,0.05295508681,0.5959941247,0.3177323998,0,-1.221322743,4.404136542,-3.182813799
195.77,-64.99637933,0.05295508681,0.5959941247,0.3177323998,0,-1.221322743,4.404136542,-3.182813799
195.78,-64.99637933,0.05295508681,0.5959941247,0.3177323998,0,-1.221322743,4.404136542,-3.182813799
195.79,-64.99637933,0.05295508681,0.5959941247,0.3177323998,0,-1.221322743,4.404136542,-3.182813799
195.8,-64.99637933,0.05295508681,0.5959941247,0.3177323998,0,-1.221322743,4.404136542,-3.182813799
195.81,-64.99637933,0.05295508681,0.5959941247,0.3177323998,0,-1.221322743,4.404136542,-3.182813799
195.82,-64.99637933,0.05295508681,0.5959941247,0.3177323998,0,-1.221322743,4.404136542,-3.182813799
195.83,-64.99637933,0.05295508681,0.5959941247,0.3177323998,0,-1.221322743,4.404136542,-3.182813799
195.84,-64.99637933,0.05295508681,0.5959941247,0.3177323998,0,-1.221322743,4.404136542,-3.182813799
195.85,-64.99637933,0.05295508681,0.5959941247,0.3177323998,0,-1.221322743,4.404136542,-3.182813799
195.86,-64.99637933,0.05295508681,0.5959941247,0.3177323998,0,-1.221322743,4.404136542,-3.182813799
195.87,-64.99637933,0.05295508681,0.5959941247,0.3177323998,0,-1.221322743,4.404136542,-3.182813799
195.88,-64.99637933,0.05295508681,0.5959941247,0.3177323998,0,-1.221322743,4.404136542,-3.182813799
195.89,-64.99637933,0.05295508681,0.5959941247,0.3177323998,0,-1.221322743,4.404136542,-3.182813799
195.9,-64.99637933,0.05295508681,0.5959941247,0.3177323998,0,-1.221322743,4.404136542,-3.182813799
195.91,-64.99637933,0.05295508681,0.5959941247,0.3177323998,0,-1.221322743,4.404136542,-3.182813799
195.92,-64.99637933,0.05295508681,0.5959941247,0.3177323998,0,-1.221322743,4.404136542,-3.182813799
195.93,-64.99637933,0.05295508681,0.5959941247,0.3177323998,0,-1.221322743,4.404136542,-3.182813799
195.94,-64.99637933,0.05295508681,0.5959941247,0.3177323998,0,-1.221322743,4.404136542,-3.182813799
195.95,-64.99637933,0.05295508681,0.5959941247,0.3177323998,0,-1.221322743,4.404136542,-3.182813799
195.96,-64.99637933,0.05295508681,0.5959941247,0.3177323998,0,-1.221322743,4.404136542,-3.182813799
195.97,-64.99637933,0.05295508681,0.5959941247,0.3177323998,0,-1.221322743,4.404136542,-3.182813799
195.98,-64.99637933,0.05295508681,0.5959941247,0.3177323998,0,-1.221322743,4.404136542,-3.182813799
195.99,-64.99637933,0.05295508681,0.5959941247,0.3177323998,0,-1.221322743,4.404136542,-3.182813799
196,-64.99637933,0.05295508681,0.5959941247,0.3177323998,0,-1.221322743,4.404136542,-3.182813799
196.01,-64.99637933,0.05295508681,0.5959941247,0.3177323998,0,-1.221322743,4.404136542,-3.182813799
196.02,-64.99637933,0.05295508681,0.5959941247,0.3177323998,0,-1.221322743,4.404136542,-3.182813799
196.03,-64.99637933,0.05295508681,0.5959941247,0.3177323998,0,-1.221322743,4.404136542,-3.182813799
196.04,-64.99637933,0.05295508681,0.5959941247,0.3177323998,0,-1.221322743,4.404136542,-3.182813799
196.05,-64.99637933,0.05295508681,0.5959941247,0.3177323998,0,-1.221322743,4.404136542,-3.182813799
196.06,-64.99637933,0.05295508681,0.5959941247,0.3177323998,0,-1.221322743,4.404136542,-3.182813799
196.07,-64.99637933,0.05295508681,0.5959941247,0.3177323998,0,-1.221322743,4.404136542,-3.182813799
196.08,-64.99637933,0.05295508681,0.5959941247,0.3177323998,0,-1.221322743,4.404136542,-3.182813799
196.09,-64.99637933,0.05295508681,0.5959941247,0.3177323998,0,-1.221322743,4.404136542,-3.182813799
196.1,-64.99637933,0.05295508681,0.5959941247,0.3177323998,0,-1.221322743,4.404136542,-3.182813799
196.11,-64.99637933,0.05295508681,0.5959941247,0.3177323998,0,-1.221322743,4.404136542,-3.182813799
196.12,-64.99637933,0.05295508681,0.5959941247,0.3177323998,0,-1.221322743,4.404136542,-3.182813799
196.13,-64.99637933,0.05295508681,0.5959941247,0.3177323998,0,-1.221322743,4.404136542,-3.182813799
196.14,-64.99637933,0.05295508681,0.5959941247,0.3177323998,0,-1.221322743,4.404136542,-3.182813799
196.15,-64.99637933,0.05295508681,0.5959941247,0.3177323998,0,-1.221322743,4.404136542,-3.182813799
196.16,-64.99637933,0.05295508681,0.5959941247,0.3177323998,0,-1.221322743,4.404136542,-3.182813799
196.17,-64.99637933,0.05295508681,0.5959941247,0.3177323998,0,-1.221322743,4.404136542,-3.182813799
196.18,-64.99637933,0.05295508681,0.5959941247,0.3177323998,0,-1.221322743,4.404136542,-3.182813799
196.19,-64.99637933,0.05295508681,0.5959941247,0.3177323998,0,-1.221322743,4.404136542,-3.182813799
196.2,-64.99637933,0.05295508681,0.5959941247,0.3177323998,0,-1.221322743,4.404136542,-3.182813799
196.21,-64.99637933,0.05295508681,0.5959941247,0.3177323998,0,-1.221322743,4.404136542,-3.182813799
196.22,-64.99637933,0.05295508681,0.5959941247,0.3177323998,0,-1.221322743,4.404136542,-3.182813799
196.23,-64.99637933,0.05295508681,0.5959941247,0.3177323998,0,-1.221322743,4.404136542,-3.182813799
196.24,-64.99637933,0.05295508681,0.5959941247,0.3177323998,0,-1.221322743,4.404136542,-3.182813799
196.25,-64.99637933,0.05295508681,0.5959941247,0.3177323998,0,-1.221322743,4.404136542,-3.182813799
196.26,-64.99637933,0.05295508681,0.5959941247,0.3177323998,0,-1.221322743,4.404136542,-3.182813799
196.27,-64.99637933,0.05295508681,0.5959941247,0.3177323998,0,-1.221322743,4.404136542,-3.182813799
196.28,-64.99637933,0.05295508681,0.5959941247,0.3177323998,0,-1.221322743,4.404136542,-3.182813799
196.29,-64.99637933,0.05295508681,0.5959941247,0.3177323998,0,-1.221322743,4.404136542,-3.182813799
196.3,-64.99637933,0.05295508681,0.5959941247,0.3177323998,0,-1.221322743,4.404136542,-3.182813799
196.31,-64.99637933,0.05295508681,0.5959941247,0.3177323998,0,-1.221322743,4.404136542,-3.182813799
196.32,-64.99637933,0.05295508681,0.5959941247,0.3177323998,0,-1.221322743,4.404136542,-3.182813799
196.33,-64.99637933,0.05295508681,0.5959941247,0.3177323998,0,-1.221322743,4.404136542,-3.182813799
196.34,-64.99637933,0.05295508681,0.5959941247,0.3177323998,0,-1.221322743,4.404136542,-3.182813799
196.35,-64.99637933,0.05295508681,0.5959941247,0.3177323998,0,-1.221322743,4.404136542,-3.182813799
196.36,-64.99637933,0.05295508681,0.5959941247,0.3177323998,0,-1.221322743,4.404136542,-3.182813799
196.37,-64.99637933,0.05295508681,0.5959941247,0.3177323998,0,-1.221322743,4.404136542,-3.182813799
196.38,-64.99637933,0.05295508681,0.5959941247,0.3177323998,0,-1.221322743,4.404136542,-3.182813799
196.39,-64.99637933,0.05295508681,0.5959941247,0.3177323998,0,-1.221322743,4.404136542,-3.182813799
196.4,-64.99637933,0.05295508681,0.5959941247,0.3177323998,0,-1.221322743,4.404136542,-3.182813799
196.41,-64.99637933,0.05295508681,0.5959941247,0.3177323998,0,-1.221322743,4.404136542,-3.182813799
196.42,-64.99637933,0.05295508681,0.5959941247,0.3177323998,0,-1.221322743,4.404136542,-3.182813799
196.43,-64.99637933,0.05295508681,0.5959941247,0.3177323998,0,-1.221322743,4.404136542,-3.182813799
196.44,-64.99637933,0.05295508681,0.5959941247,0.3177323998,0,-1.221322743,4.404136542,-3.182813799
196.45,-64.99637933,0.05295508681,0.5959941247,0.3177323998,0,-1.221322743,4.404136542,-3.182813799
196.46,-64.99637933,0.05295508681,0.5959941247,0.3177323998,0,-1.221322743,4.404136542,-3.182813799
196.47,-64.99637933,0.05295508681,0.5959941247,0.3177323998,0,-1.221322743,4.404136542,-3.182813799
196.48,-64.99637933,0.05295508681,0.5959941247,0.3177323998,0,-1.221322743,4.404136542,-3.182813799
196.49,-64.99637933,0.05295508681,0.5959941247,0.3177323998,0,-1.221322743,4.404136542,-3.182813799
196.5,-64.99637933,0.05295508681,0.5959941247,0.3177323998,0,-1.221322743,4.404136542,-3.182813799
196.51,-64.99637933,0.05295508681,0.5959941247,0.3177323998,0,-1.221322743,4.404136542,-3.182813799
196.52,-64.99637933,0.05295508681,0.5959941247,0.3177323998,0,-1.221322743,4.404136542,-3.182813799
196.53,-64.99637933,0.05295508681,0.5959941247,0.3177323998,0,-1.221322743,4.404136542,-3.182813799
196.54,-64.99637933,0.05295508681,0.5959941247,0.3177323998,0,-1.221322743,4.404136542,-3.182813799
196.55,-64.99637933,0.05295508681,0.5959941247,0.3177323998,0,-1.221322743,4.404136542,-3.182813799
196.56,-64.99637933,0.05295508681,0.5959941247,0.3177323998,0,-1.221322743,4.404136542,-3.182813799
196.57,-64.99637933,0.05295508681,0.5959941247,0.3177323998,0,-1.221322743,4.404136542,-3.182813799
196.58,-64.99637933,0.05295508681,0.5959941247,0.3177323998,0,-1.221322743,4.404136542,-3.182813799
196.59,-64.99637933,0.05295508681,0.5959941247,0.3177323998,0,-1.221322743,4.404136542,-3.182813799
196.6,-64.99637933,0.05295508681,0.5959941247,0.3177323998,0,-1.221322743,4.404136542,-3.182813799
196.61,-64.99637933,0.05295508681,0.5959941247,0.3177323998,0,-1.221322743,4.404136542,-3.182813799
196.62,-64.99637933,0.05295508681,0.5959941247,0.3177323998,0,-1.221322743,4.404136542,-3.182813799
196.63,-64.99637933,0.05295508681,0.5959941247,0.3177323998,0,-1.221322743,4.404136542,-3.182813799
196.64,-64.99637933,0.05295508681,0.5959941247,0.3177323998,0,-1.221322743,4.404136542,-3.182813799
196.65,-64.99637933,0.05295508681,0.5959941247,0.3177323998,0,-1.221322743,4.404136542,-3.182813799
196.66,-64.99637933,0.05295508681,0.5959941247,0.3177323998,0,-1.221322743,4.404136542,-3.182813799
196.67,-64.99637933,0.05295508681,0.5959941247,0.3177323998,0,-1.221322743,4.404136542,-3.182813799
196.68,-64.99637933,0.05295508681,0.5959941247,0.3177323998,0,-1.221322743,4.404136542,-3.182813799
196.69,-64.99637933,0.05295508681,0.5959941247,0.3177323998,0,-1.221322743,4.404136542,-3.182813799
196.7,-64.99637933,0.05295508681,0.5959941247,0.3177323998,0,-1.221322743,4.404136542,-3.182813799
196.71,-64.99637933,0.05295508681,0.5959941247,0.3177323998,0,-1.221322743,4.404136542,-3.182813799
196.72,-64.99637933,0.05295508681,0.5959941247,0.3177323998,0,-1.221322743,4.404136542,-3.182813799
196.73,-64.99637933,0.05295508681,0.5959941247,0.3177323998,0,-1.221322743,4.404136542,-3.182813799
196.74,-64.99637933,0.05295508681,0.5959941247,0.3177323998,0,-1.221322743,4.404136542,-3.182813799
196.75,-64.99637933,0.05295508681,0.5959941247,0.3177323998,0,-1.221322743,4.404136542,-3.182813799
196.76,-64.99637933,0.05295508681,0.5959941247,0.3177323998,0,-1.221322743,4.404136542,-3.182813799
196.77,-64.99637933,0.05295508681,0.5959941247,0.3177323998,0,-1.221322743,4.404136542,-3.182813799
196.78,-64.99637933,0.05295508681,0.5959941247,0.3177323998,0,-1.221322743,4.404136542,-3.182813799
196.79,-64.99637933,0.05295508681,0.5959941247,0.3177323998,0,-1.221322743,4.404136542,-3.182813799
196.8,-64.99637933,0.05295508681,0.5959941247,0.3177323998,0,-1.221322743,4.404136542,-3.182813799
196.81,-64.99637933,0.05295508681,0.5959941247,0.3177323998,0,-1.221322743,4.404136542,-3.182813799
196.82,-64.99637933,0.05295508681,0.5959941247,0.3177323998,0,-1.221322743,4.404136542,-3.182813799
196.83,-64.99637933,0.05295508681,0.5959941247,0.3177323998,0,-1.221322743,4.404136542,-3.182813799
196.84,-64.99637933,0.05295508681,0.5959941247,0.3177323998,0,-1.221322743,4.404136542,-3.182813799
196.85,-64.99637933,0.05295508681,0.5959941247,0.3177323998,0,-1.221322743,4.404136542,-3.182813799
196.86,-64.99637933,0.05295508681,0.5959941247,0.3177323998,0,-1.221322743,4.404136542,-3.182813799
196.87,-64.99637933,0.05295508681,0.5959941247,0.3177323998,0,-1.221322743,4.404136542,-3.182813799
196.88,-64.99637933,0.05295508681,0.5959941247,0.3177323998,0,-1.221322743,4.404136542,-3.182813799
196.89,-64.99637933,0.05295508681,0.5959941247,0.3177323998,0,-1.221322743,4.404136542,-3.182813799
196.9,-64.99637933,0.05295508681,0.5959941247,0.3177323998,0,-1.221322743,4.404136542,-3.182813799
196.91,-64.99637933,0.05295508681,0.5959941247,0.3177323998,0,-1.221322743,4.404136542,-3.182813799
196.92,-64.99637933,0.05295508681,0.5959941247,0.3177323998,0,-1.221322743,4.404136542,-3.182813799
196.93,-64.99637933,0.05295508681,0.5959941247,0.3177323998,0,-1.221322743,4.404136542,-3.182813799
196.94,-64.99637933,0.05295508681,0.5959941247,0.3177323998,0,-1.221322743,4.404136542,-3.182813799
196.95,-64.99637933,0.05295508681,0.5959941247,0.3177323998,0,-1.221322743,4.404136542,-3.182813799
196.96,-64.99637933,0.05295508681,0.5959941247,0.3177323998,0,-1.221322743,4.404136542,-3.182813799
196.97,-64.99637933,0.05295508681,0.5959941247,0.3177323998,0,-1.221322743,4.404136542,-3.182813799
196.98,-64.99637933,0.05295508681,0.5959941247,0.3177323998,0,-1.221322743,4.404136542,-3.182813799
196.99,-64.99637933,0.05295508681,0.5959941247,0.3177323998,0,-1.221322743,4.404136542,-3.182813799
197,-64.99637933,0.05295508681,0.5959941247,0.3177323998,0,-1.221322743,4.404136542,-3.182813799
197.01,-64.99637933,0.05295508681,0.5959941247,0.3177323998,0,-1.221322743,4.404136542,-3.182813799
197.02,-64.99637933,0.05295508681,0.5959941247,0.3177323998,0,-1.221322743,4.404136542,-3.182813799
197.03,-64.99637933,0.05295508681,0.5959941247,0.3177323998,0,-1.221322743,4.404136542,-3.182813799
197.04,-64.99637933,0.05295508681,0.5959941247,0.3177323998,0,-1.221322743,4.404136542,-3.182813799
197.05,-64.99637933,0.05295508681,0.5959941247,0.3177323998,0,-1.221322743,4.404136542,-3.182813799
197.06,-64.99637933,0.05295508681,0.5959941247,0.3177323998,0,-1.221322743,4.404136542,-3.182813799
197.07,-64.99637933,0.05295508681,0.5959941247,0.3177323998,0,-1.221322743,4.404136542,-3.182813799
197.08,-64.99637933,0.05295508681,0.5959941247,0.3177323998,0,-1.221322743,4.404136542,-3.182813799
197.09,-64.99637933,0.05295508681,0.5959941247,0.3177323998,0,-1.221322743,4.404136542,-3.182813799
197.1,-64.99637933,0.05295508681,0.5959941247,0.3177323998,0,-1.221322743,4.404136542,-3.182813799
197.11,-64.99637933,0.05295508681,0.5959941247,0.3177323998,0,-1.221322743,4.404136542,-3.182813799
197.12,-64.99637933,0.05295508681,0.5959941247,0.3177323998,0,-1.221322743,4.404136542,-3.182813799
197.13,-64.99637933,0.05295508681,0.5959941247,0.3177323998,0,-1.221322743,4.404136542,-3.182813799
197.14,-64.99637933,0.05295508681,0.5959941247,0.3177323998,0,-1.221322743,4.404136542,-3.182813799
197.15,-64.99637933,0.05295508681,0.5959941247,0.3177323998,0,-1.221322743,4.404136542,-3.182813799
197.16,-64.99637933,0.05295508681,0.5959941247,0.3177323998,0,-1.221322743,4.404136542,-3.182813799
197.17,-64.99637933,0.05295508681,0.5959941247,0.3177323998,0,-1.221322743,4.404136542,-3.182813799
197.18,-64.99637933,0.05295508681,0.5959941247,0.3177323998,0,-1.221322743,4.404136542,-3.182813799
197.19,-64.99637933,0.05295508681,0.5959941247,0.3177323998,0,-1.221322743,4.404136542,-3.182813799
197.2,-64.99637933,0.05295508681,0.5959941247,0.3177323998,0,-1.221322743,4.404136542,-3.182813799
197.21,-64.99637933,0.05295508681,0.5959941247,0.3177323998,0,-1.221322743,4.404136542,-3.182813799
197.22,-64.99637933,0.05295508681,0.5959941247,0.3177323998,0,-1.221322743,4.404136542,-3.182813799
197.23,-64.99637933,0.05295508681,0.5959941247,0.3177323998,0,-1.221322743,4.404136542,-3.182813799
197.24,-64.99637933,0.05295508681,0.5959941247,0.3177323998,0,-1.221322743,4.404136542,-3.182813799
197.25,-64.99637933,0.05295508681,0.5959941247,0.3177323998,0,-1.221322743,4.404136542,-3.182813799
197.26,-64.99637933,0.05295508681,0.5959941247,0.3177323998,0,-1.221322743,4.404136542,-3.182813799
197.27,-64.99637933,0.05295508681,0.5959941247,0.3177323998,0,-1.221322743,4.404136542,-3.182813799
197.28,-64.99637933,0.05295508681,0.5959941247,0.3177323998,0,-1.221322743,4.404136542,-3.182813799
197.29,-64.99637933,0.05295508681,0.5959941247,0.3177323998,0,-1.221322743,4.404136542,-3.182813799
197.3,-64.99637933,0.05295508681,0.5959941247,0.3177323998,0,-1.221322743,4.404136542,-3.182813799
197.31,-64.99637933,0.05295508681,0.5959941247,0.3177323998,0,-1.221322743,4.404136542,-3.182813799
197.32,-64.99637933,0.05295508681,0.5959941247,0.3177323998,0,-1.221322743,4.404136542,-3.182813799
197.33,-64.99637933,0.05295508681,0.5959941247,0.3177323998,0,-1.221322743,4.404136542,-3.182813799
197.34,-64.99637933,0.05295508681,0.5959941247,0.3177323998,0,-1.221322743,4.404136542,-3.182813799
197.35,-64.99637933,0.05295508681,0.5959941247,0.3177323998,0,-1.221322743,4.404136542,-3.182813799
197.36,-64.99637933,0.05295508681,0.5959941247,0.3177323998,0,-1.221322743,4.404136542,-3.182813799
197.37,-64.99637933,0.05295508681,0.5959941247,0.3177323998,0,-1.221322743,4.404136542,-3.182813799
197.38,-64.99637933,0.05295508681,0.5959941247,0.3177323998,0,-1.221322743,4.404136542,-3.182813799
197.39,-64.99637933,0.05295508681,0.5959941247,0.3177323998,0,-1.221322743,4.404136542,-3.182813799
197.4,-64.99637933,0.05295508681,0.5959941247,0.3177323998,0,-1.221322743,4.404136542,-3.182813799
197.41,-64.99637933,0.05295508681,0.5959941247,0.3177323998,0,-1.221322743,4.404136542,-3.182813799
197.42,-64.99637933,0.05295508681,0.5959941247,0.3177323998,0,-1.221322743,4.404136542,-3.182813799
197.43,-64.99637933,0.05295508681,0.5959941247,0.3177323998,0,-1.221322743,4.404136542,-3.182813799
197.44,-64.99637933,0.05295508681,0.5959941247,0.3177323998,0,-1.221322743,4.404136542,-3.182813799
197.45,-64.99637933,0.05295508681,0.5959941247,0.3177323998,0,-1.221322743,4.404136542,-3.182813799
197.46,-64.99637933,0.05295508681,0.5959941247,0.3177323998,0,-1.221322743,4.404136542,-3.182813799
197.47,-64.99637933,0.05295508681,0.5959941247,0.3177323998,0,-1.221322743,4.404136542,-3.182813799
197.48,-64.99637933,0.05295508681,0.5959941247,0.3177323998,0,-1.221322743,4.404136542,-3.182813799
197.49,-64.99637933,0.05295508681,0.5959941247,0.3177323998,0,-1.221322743,4.404136542,-3.182813799
197.5,-64.99637933,0.05295508681,0.5959941247,0.3177323998,0,-1.221322743,4.404136542,-3.182813799
197.51,-64.99637933,0.05295508681,0.5959941247,0.3177323998,0,-1.221322743,4.404136542,-3.182813799
197.52,-64.99637933,0.05295508681,0.5959941247,0.3177323998,0,-1.221322743,4.404136542,-3.182813799
197.53,-64.99637933,0.05295508681,0.5959941247,0.3177323998,0,-1.221322743,4.404136542,-3.182813799
197.54,-64.99637933,0.05295508681,0.5959941247,0.3177323998,0,-1.221322743,4.404136542,-3.182813799
197.55,-64.99637933,0.05295508681,0.5959941247,0.3177323998,0,-1.221322743,4.404136542,-3.182813799
197.56,-64.99637933,0.05295508681,0.5959941247,0.3177323998,0,-1.221322743,4.404136542,-3.182813799
197.57,-64.99637933,0.05295508681,0.5959941247,0.3177323998,0,-1.221322743,4.404136542,-3.182813799
197.58,-64.99637933,0.05295508681,0.5959941247,0.3177323998,0,-1.221322743,4.404136542,-3.182813799
197.59,-64.99637933,0.05295508681,0.5959941247,0.3177323998,0,-1.221322743,4.404136542,-3.182813799
197.6,-64.99637933,0.05295508681,0.5959941247,0.3177323998,0,-1.221322743,4.404136542,-3.182813799
197.61,-64.99637933,0.05295508681,0.5959941247,0.3177323998,0,-1.221322743,4.404136542,-3.182813799
197.62,-64.99637933,0.05295508681,0.5959941247,0.3177323998,0,-1.221322743,4.404136542,-3.182813799
197.63,-64.99637933,0.05295508681,0.5959941247,0.3177323998,0,-1.221322743,4.404136542,-3.182813799
197.64,-64.99637933,0.05295508681,0.5959941247,0.3177323998,0,-1.221322743,4.404136542,-3.182813799
197.65,-64.99637933,0.05295508681,0.5959941247,0.3177323998,0,-1.221322743,4.404136542,-3.182813799
197.66,-64.99637933,0.05295508681,0.5959941247,0.3177323998,0,-1.221322743,4.404136542,-3.182813799
197.67,-64.99637933,0.05295508681,0.5959941247,0.3177323998,0,-1.221322743,4.404136542,-3.182813799
197.68,-64.99637933,0.05295508681,0.5959941247,0.3177323998,0,-1.221322743,4.404136542,-3.182813799
197.69,-64.99637933,0.05295508681,0.5959941247,0.3177323998,0,-1.221322743,4.404136542,-3.182813799
197.7,-64.99637933,0.05295508681,0.5959941247,0.3177323998,0,-1.221322743,4.404136542,-3.182813799
197.71,-64.99637933,0.05295508681,0.5959941247,0.3177323998,0,-1.221322743,4.404136542,-3.182813799
197.72,-64.99637933,0.05295508681,0.5959941247,0.3177323998,0,-1.221322743,4.404136542,-3.182813799
197.73,-64.99637933,0.05295508681,0.5959941247,0.3177323998,0,-1.221322743,4.404136542,-3.182813799
197.74,-64.99637933,0.05295508681,0.5959941247,0.3177323998,0,-1.221322743,4.404136542,-3.182813799
197.75,-64.99637933,0.05295508681,0.5959941247,0.3177323998,0,-1.221322743,4.404136542,-3.182813799
197.76,-64.99637933,0.05295508681,0.5959941247,0.3177323998,0,-1.221322743,4.404136542,-3.182813799
197.77,-64.99637933,0.05295508681,0.5959941247,0.3177323998,0,-1.221322743,4.404136542,-3.182813799
197.78,-64.99637933,0.05295508681,0.5959941247,0.3177323998,0,-1.221322743,4.404136542,-3.182813799
197.79,-64.99637933,0.05295508681,0.5959941247,0.3177323998,0,-1.221322743,4.404136542,-3.182813799
197.8,-64.99637933,0.05295508681,0.5959941247,0.3177323998,0,-1.221322743,4.404136542,-3.182813799
197.81,-64.99637933,0.05295508681,0.5959941247,0.3177323998,0,-1.221322743,4.404136542,-3.182813799
197.82,-64.99637933,0.05295508681,0.5959941247,0.3177323998,0,-1.221322743,4.404136542,-3.182813799
197.83,-64.99637933,0.05295508681,0.5959941247,0.3177323998,0,-1.221322743,4.404136542,-3.182813799
197.84,-64.99637933,0.05295508681,0.5959941247,0.3177323998,0,-1.221322743,4.404136542,-3.182813799
197.85,-64.99637933,0.05295508681,0.5959941247,0.3177323998,0,-1.221322743,4.404136542,-3.182813799
197.86,-64.99637933,0.05295508681,0.5959941247,0.3177323998,0,-1.221322743,4.404136542,-3.182813799
197.87,-64.99637933,0.05295508681,0.5959941247,0.3177323998,0,-1.221322743,4.404136542,-3.182813799
197.88,-64.99637933,0.05295508681,0.5959941247,0.3177323998,0,-1.221322743,4.404136542,-3.182813799
197.89,-64.99637933,0.05295508681,0.5959941247,0.3177323998,0,-1.221322743,4.404136542,-3.182813799
197.9,-64.99637933,0.05295508681,0.5959941247,0.3177323998,0,-1.221322743,4.404136542,-3.182813799
197.91,-64.99637933,0.05295508681,0.5959941247,0.3177323998,0,-1.221322743,4.404136542,-3.182813799
197.92,-64.99637933,0.05295508681,0.5959941247,0.3177323998,0,-1.221322743,4.404136542,-3.182813799
197.93,-64.99637933,0.05295508681,0.5959941247,0.3177323998,0,-1.221322743,4.404136542,-3.182813799
197.94,-64.99637933,0.05295508681,0.5959941247,0.3177323998,0,-1.221322743,4.404136542,-3.182813799
197.95,-64.99637933,0.05295508681,0.5959941247,0.3177323998,0,-1.221322743,4.404136542,-3.182813799
197.96,-64.99637933,0.05295508681,0.5959941247,0.3177323998,0,-1.221322743,4.404136542,-3.182813799
197.97,-64.99637933,0.05295508681,0.5959941247,0.3177323998,0,-1.221322743,4.404136542,-3.182813799
197.98,-64.99637933,0.05295508681,0.5959941247,0.3177323998,0,-1.221322743,4.404136542,-3.182813799
197.99,-64.99637933,0.05295508681,0.5959941247,0.3177323998,0,-1.221322743,4.404136542,-3.182813799
198,-64.99637933,0.05295508681,0.5959941247,0.3177323998,0,-1.221322743,4.404136542,-3.182813799
198.01,-64.99637933,0.05295508681,0.5959941247,0.3177323998,0,-1.221322743,4.404136542,-3.182813799
198.02,-64.99637933,0.05295508681,0.5959941247,0.3177323998,0,-1.221322743,4.404136542,-3.182813799
198.03,-64.99637933,0.05295508681,0.5959941247,0.3177323998,0,-1.221322743,4.404136542,-3.182813799
198.04,-64.99637933,0.05295508681,0.5959941247,0.3177323998,0,-1.221322743,4.404136542,-3.182813799
198.05,-64.99637933,0.05295508681,0.5959941247,0.3177323998,0,-1.221322743,4.404136542,-3.182813799
198.06,-64.99637933,0.05295508681,0.5959941247,0.3177323998,0,-1.221322743,4.404136542,-3.182813799
198.07,-64.99637933,0.05295508681,0.5959941247,0.3177323998,0,-1.221322743,4.404136542,-3.182813799
198.08,-64.99637933,0.05295508681,0.5959941247,0.3177323998,0,-1.221322743,4.404136542,-3.182813799
198.09,-64.99637933,0.05295508681,0.5959941247,0.3177323998,0,-1.221322743,4.404136542,-3.182813799
198.1,-64.99637933,0.05295508681,0.5959941247,0.3177323998,0,-1.221322743,4.404136542,-3.182813799
198.11,-64.99637933,0.05295508681,0.5959941247,0.3177323998,0,-1.221322743,4.404136542,-3.182813799
198.12,-64.99637933,0.05295508681,0.5959941247,0.3177323998,0,-1.221322743,4.404136542,-3.182813799
198.13,-64.99637933,0.05295508681,0.5959941247,0.3177323998,0,-1.221322743,4.404136542,-3.182813799
198.14,-64.99637933,0.05295508681,0.5959941247,0.3177323998,0,-1.221322743,4.404136542,-3.182813799
198.15,-64.99637933,0.05295508681,0.5959941247,0.3177323998,0,-1.221322743,4.404136542,-3.182813799
198.16,-64.99637933,0.05295508681,0.5959941247,0.3177323998,0,-1.221322743,4.404136542,-3.182813799
198.17,-64.99637933,0.05295508681,0.5959941247,0.3177323998,0,-1.221322743,4.404136542,-3.182813799
198.18,-64.99637933,0.05295508681,0.5959941247,0.3177323998,0,-1.221322743,4.404136542,-3.182813799
198.19,-64.99637933,0.05295508681,0.5959941247,0.3177323998,0,-1.221322743,4.404136542,-3.182813799
198.2,-64.99637933,0.05295508681,0.5959941247,0.3177323998,0,-1.221322743,4.404136542,-3.182813799
198.21,-64.99637933,0.05295508681,0.5959941247,0.3177323998,0,-1.221322743,4.404136542,-3.182813799
198.22,-64.99637933,0.05295508681,0.5959941247,0.3177323998,0,-1.221322743,4.404136542,-3.182813799
198.23,-64.99637933,0.05295508681,0.5959941247,0.3177323998,0,-1.221322743,4.404136542,-3.182813799
198.24,-64.99637933,0.05295508681,0.5959941247,0.3177323998,0,-1.221322743,4.404136542,-3.182813799
198.25,-64.99637933,0.05295508681,0.5959941247,0.3177323998,0,-1.221322743,4.404136542,-3.182813799
198.26,-64.99637933,0.05295508681,0.5959941247,0.3177323998,0,-1.221322743,4.404136542,-3.182813799
198.27,-64.99637933,0.05295508681,0.5959941247,0.3177323998,0,-1.221322743,4.404136542,-3.182813799
198.28,-64.99637933,0.05295508681,0.5959941247,0.3177323998,0,-1.221322743,4.404136542,-3.182813799
198.29,-64.99637933,0.05295508681,0.5959941247,0.3177323998,0,-1.221322743,4.404136542,-3.182813799
198.3,-64.99637933,0.05295508681,0.5959941247,0.3177323998,0,-1.221322743,4.404136542,-3.182813799
198.31,-64.99637933,0.05295508681,0.5959941247,0.3177323998,0,-1.221322743,4.404136542,-3.182813799
198.32,-64.99637933,0.05295508681,0.5959941247,0.3177323998,0,-1.221322743,4.404136542,-3.182813799
198.33,-64.99637933,0.05295508681,0.5959941247,0.3177323998,0,-1.221322743,4.404136542,-3.182813799
198.34,-64.99637933,0.05295508681,0.5959941247,0.3177323998,0,-1.221322743,4.404136542,-3.182813799
198.35,-64.99637933,0.05295508681,0.5959941247,0.3177323998,0,-1.221322743,4.404136542,-3.182813799
198.36,-64.99637933,0.05295508681,0.5959941247,0.3177323998,0,-1.221322743,4.404136542,-3.182813799
198.37,-64.99637933,0.05295508681,0.5959941247,0.3177323998,0,-1.221322743,4.404136542,-3.182813799
198.38,-64.99637933,0.05295508681,0.5959941247,0.3177323998,0,-1.221322743,4.404136542,-3.182813799
198.39,-64.99637933,0.05295508681,0.5959941247,0.3177323998,0,-1.221322743,4.404136542,-3.182813799
198.4,-64.99637933,0.05295508681,0.5959941247,0.3177323998,0,-1.221322743,4.404136542,-3.182813799
198.41,-64.99637933,0.05295508681,0.5959941247,0.3177323998,0,-1.221322743,4.404136542,-3.182813799
198.42,-64.99637933,0.05295508681,0.5959941247,0.3177323998,0,-1.221322743,4.404136542,-3.182813799
198.43,-64.99637933,0.05295508681,0.5959941247,0.3177323998,0,-1.221322743,4.404136542,-3.182813799
198.44,-64.99637933,0.05295508681,0.5959941247,0.3177323998,0,-1.221322743,4.404136542,-3.182813799
198.45,-64.99637933,0.05295508681,0.5959941247,0.3177323998,0,-1.221322743,4.404136542,-3.182813799
198.46,-64.99637933,0.05295508681,0.5959941247,0.3177323998,0,-1.221322743,4.404136542,-3.182813799
198.47,-64.99637933,0.05295508681,0.5959941247,0.3177323998,0,-1.221322743,4.404136542,-3.182813799
198.48,-64.99637933,0.05295508681,0.5959941247,0.3177323998,0,-1.221322743,4.404136542,-3.182813799
198.49,-64.99637933,0.05295508681,0.5959941247,0.3177323998,0,-1.221322743,4.404136542,-3.182813799
198.5,-64.99637933,0.05295508681,0.5959941247,0.3177323998,0,-1.221322743,4.404136542,-3.182813799
198.51,-64.99637933,0.05295508681,0.5959941247,0.3177323998,0,-1.221322743,4.404136542,-3.182813799
198.52,-64.99637933,0.05295508681,0.5959941247,0.3177323998,0,-1.221322743,4.404136542,-3.182813799
198.53,-64.99637933,0.05295508681,0.5959941247,0.3177323998,0,-1.221322743,4.404136542,-3.182813799
198.54,-64.99637933,0.05295508681,0.5959941247,0.3177323998,0,-1.221322743,4.404136542,-3.182813799
198.55,-64.99637933,0.05295508681,0.5959941247,0.3177323998,0,-1.221322743,4.404136542,-3.182813799
198.56,-64.99637933,0.05295508681,0.5959941247,0.3177323998,0,-1.221322743,4.404136542,-3.182813799
198.57,-64.99637933,0.05295508681,0.5959941247,0.3177323998,0,-1.221322743,4.404136542,-3.182813799
198.58,-64.99637933,0.05295508681,0.5959941247,0.3177323998,0,-1.221322743,4.404136542,-3.182813799
198.59,-64.99637933,0.05295508681,0.5959941247,0.3177323998,0,-1.221322743,4.404136542,-3.182813799
198.6,-64.99637933,0.05295508681,0.5959941247,0.3177323998,0,-1.221322743,4.404136542,-3.182813799
198.61,-64.99637933,0.05295508681,0.5959941247,0.3177323998,0,-1.221322743,4.404136542,-3.182813799
198.62,-64.99637933,0.05295508681,0.5959941247,0.3177323998,0,-1.221322743,4.404136542,-3.182813799
198.63,-64.99637933,0.05295508681,0.5959941247,0.3177323998,0,-1.221322743,4.404136542,-3.182813799
198.64,-64.99637933,0.05295508681,0.5959941247,0.3177323998,0,-1.221322743,4.404136542,-3.182813799
198.65,-64.99637933,0.05295508681,0.5959941247,0.3177323998,0,-1.221322743,4.404136542,-3.182813799
198.66,-64.99637933,0.05295508681,0.5959941247,0.3177323998,0,-1.221322743,4.404136542,-3.182813799
198.67,-64.99637933,0.05295508681,0.5959941247,0.3177323998,0,-1.221322743,4.404136542,-3.182813799
198.68,-64.99637933,0.05295508681,0.5959941247,0.3177323998,0,-1.221322743,4.404136542,-3.182813799
198.69,-64.99637933,0.05295508681,0.5959941247,0.3177323998,0,-1.221322743,4.404136542,-3.182813799
198.7,-64.99637933,0.05295508681,0.5959941247,0.3177323998,0,-1.221322743,4.404136542,-3.182813799
198.71,-64.99637933,0.05295508681,0.5959941247,0.3177323998,0,-1.221322743,4.404136542,-3.182813799
198.72,-64.99637933,0.05295508681,0.5959941247,0.3177323998,0,-1.221322743,4.404136542,-3.182813799
198.73,-64.99637933,0.05295508681,0.5959941247,0.3177323998,0,-1.221322743,4.404136542,-3.182813799
198.74,-64.99637933,0.05295508681,0.5959941247,0.3177323998,0,-1.221322743,4.404136542,-3.182813799
198.75,-64.99637933,0.05295508681,0.5959941247,0.3177323998,0,-1.221322743,4.404136542,-3.182813799
198.76,-64.99637933,0.05295508681,0.5959941247,0.3177323998,0,-1.221322743,4.404136542,-3.182813799
198.77,-64.99637933,0.05295508681,0.5959941247,0.3177323998,0,-1.221322743,4.404136542,-3.182813799
198.78,-64.99637933,0.05295508681,0.5959941247,0.3177323998,0,-1.221322743,4.404136542,-3.182813799
198.79,-64.99637933,0.05295508681,0.5959941247,0.3177323998,0,-1.221322743,4.404136542,-3.182813799
198.8,-64.99637933,0.05295508681,0.5959941247,0.3177323998,0,-1.221322743,4.404136542,-3.182813799
198.81,-64.99637933,0.05295508681,0.5959941247,0.3177323998,0,-1.221322743,4.404136542,-3.182813799
198.82,-64.99637933,0.05295508681,0.5959941247,0.3177323998,0,-1.221322743,4.404136542,-3.182813799
198.83,-64.99637933,0.05295508681,0.5959941247,0.3177323998,0,-1.221322743,4.404136542,-3.182813799
198.84,-64.99637933,0.05295508681,0.5959941247,0.3177323998,0,-1.221322743,4.404136542,-3.182813799
198.85,-64.99637933,0.05295508681,0.5959941247,0.3177323998,0,-1.221322743,4.404136542,-3.182813799
198.86,-64.99637933,0.05295508681,0.5959941247,0.3177323998,0,-1.221322743,4.404136542,-3.182813799
198.87,-64.99637933,0.05295508681,0.5959941247,0.3177323998,0,-1.221322743,4.404136542,-3.182813799
198.88,-64.99637933,0.05295508681,0.5959941247,0.3177323998,0,-1.221322743,4.404136542,-3.182813799
198.89,-64.99637933,0.05295508681,0.5959941247,0.3177323998,0,-1.221322743,4.404136542,-3.182813799
198.9,-64.99637933,0.05295508681,0.5959941247,0.3177323998,0,-1.221322743,4.404136542,-3.182813799
198.91,-64.99637933,0.05295508681,0.5959941247,0.3177323998,0,-1.221322743,4.404136542,-3.182813799
198.92,-64.99637933,0.05295508681,0.5959941247,0.3177323998,0,-1.221322743,4.404136542,-3.182813799
198.93,-64.99637933,0.05295508681,0.5959941247,0.3177323998,0,-1.221322743,4.404136542,-3.182813799
198.94,-64.99637933,0.05295508681,0.5959941247,0.3177323998,0,-1.221322743,4.404136542,-3.182813799
198.95,-64.99637933,0.05295508681,0.5959941247,0.3177323998,0,-1.221322743,4.404136542,-3.182813799
198.96,-64.99637933,0.05295508681,0.5959941247,0.3177323998,0,-1.221322743,4.404136542,-3.182813799
198.97,-64.99637933,0.05295508681,0.5959941247,0.3177323998,0,-1.221322743,4.404136542,-3.182813799
198.98,-64.99637933,0.05295508681,0.5959941247,0.3177323998,0,-1.221322743,4.404136542,-3.182813799
198.99,-64.99637933,0.05295508681,0.5959941247,0.3177323998,0,-1.221322743,4.404136542,-3.182813799
199,-64.99637933,0.05295508681,0.5959941247,0.3177323998,0,-1.221322743,4.404136542,-3.182813799
199.01,-64.99637933,0.05295508681,0.5959941247,0.3177323998,0,-1.221322743,4.404136542,-3.182813799
199.02,-64.99637933,0.05295508681,0.5959941247,0.3177323998,0,-1.221322743,4.404136542,-3.182813799
199.03,-64.99637933,0.05295508681,0.5959941247,0.3177323998,0,-1.221322743,4.404136542,-3.182813799
199.04,-64.99637933,0.05295508681,0.5959941247,0.3177323998,0,-1.221322743,4.404136542,-3.182813799
199.05,-64.99637933,0.05295508681,0.5959941247,0.3177323998,0,-1.221322743,4.404136542,-3.182813799
199.06,-64.99637933,0.05295508681,0.5959941247,0.3177323998,0,-1.221322743,4.404136542,-3.182813799
199.07,-64.99637933,0.05295508681,0.5959941247,0.3177323998,0,-1.221322743,4.404136542,-3.182813799
199.08,-64.99637933,0.05295508681,0.5959941247,0.3177323998,0,-1.221322743,4.404136542,-3.182813799
199.09,-64.99637933,0.05295508681,0.5959941247,0.3177323998,0,-1.221322743,4.404136542,-3.182813799
199.1,-64.99637933,0.05295508681,0.5959941247,0.3177323998,0,-1.221322743,4.404136542,-3.182813799
199.11,-64.99637933,0.05295508681,0.5959941247,0.3177323998,0,-1.221322743,4.404136542,-3.182813799
199.12,-64.99637933,0.05295508681,0.5959941247,0.3177323998,0,-1.221322743,4.404136542,-3.182813799
199.13,-64.99637933,0.05295508681,0.5959941247,0.3177323998,0,-1.221322743,4.404136542,-3.182813799
199.14,-64.99637933,0.05295508681,0.5959941247,0.3177323998,0,-1.221322743,4.404136542,-3.182813799
199.15,-64.99637933,0.05295508681,0.5959941247,0.3177323998,0,-1.221322743,4.404136542,-3.182813799
199.16,-64.99637933,0.05295508681,0.5959941247,0.3177323998,0,-1.221322743,4.404136542,-3.182813799
199.17,-64.99637933,0.05295508681,0.5959941247,0.3177323998,0,-1.221322743,4.404136542,-3.182813799
199.18,-64.99637933,0.05295508681,0.5959941247,0.3177323998,0,-1.221322743,4.404136542,-3.182813799
199.19,-64.99637933,0.05295508681,0.5959941247,0.3177323998,0,-1.221322743,4.404136542,-3.182813799
199.2,-64.99637933,0.05295508681,0.5959941247,0.3177323998,0,-1.221322743,4.404136542,-3.182813799
199.21,-64.99637933,0.05295508681,0.5959941247,0.3177323998,0,-1.221322743,4.404136542,-3.182813799
199.22,-64.99637933,0.05295508681,0.5959941247,0.3177323998,0,-1.221322743,4.404136542,-3.182813799
199.23,-64.99637933,0.05295508681,0.5959941247,0.3177323998,0,-1.221322743,4.404136542,-3.182813799
199.24,-64.99637933,0.05295508681,0.5959941247,0.3177323998,0,-1.221322743,4.404136542,-3.182813799
199.25,-64.99637933,0.05295508681,0.5959941247,0.3177323998,0,-1.221322743,4.404136542,-3.182813799
199.26,-64.99637933,0.05295508681,0.5959941247,0.3177323998,0,-1.221322743,4.404136542,-3.182813799
199.27,-64.99637933,0.05295508681,0.5959941247,0.3177323998,0,-1.221322743,4.404136542,-3.182813799
199.28,-64.99637933,0.05295508681,0.5959941247,0.3177323998,0,-1.221322743,4.404136542,-3.182813799
199.29,-64.99637933,0.05295508681,0.5959941247,0.3177323998,0,-1.221322743,4.404136542,-3.182813799
199.3,-64.99637933,0.05295508681,0.5959941247,0.3177323998,0,-1.221322743,4.404136542,-3.182813799
199.31,-64.99637933,0.05295508681,0.5959941247,0.3177323998,0,-1.221322743,4.404136542,-3.182813799
199.32,-64.99637933,0.05295508681,0.5959941247,0.3177323998,0,-1.221322743,4.404136542,-3.182813799
199.33,-64.99637933,0.05295508681,0.5959941247,0.3177323998,0,-1.221322743,4.404136542,-3.182813799
199.34,-64.99637933,0.05295508681,0.5959941247,0.3177323998,0,-1.221322743,4.404136542,-3.182813799
199.35,-64.99637933,0.05295508681,0.5959941247,0.3177323998,0,-1.221322743,4.404136542,-3.182813799
199.36,-64.99637933,0.05295508681,0.5959941247,0.3177323998,0,-1.221322743,4.404136542,-3.182813799
199.37,-64.99637933,0.05295508681,0.5959941247,0.3177323998,0,-1.221322743,4.404136542,-3.182813799
199.38,-64.99637933,0.05295508681,0.5959941247,0.3177323998,0,-1.221322743,4.404136542,-3.182813799
199.39,-64.99637933,0.05295508681,0.5959941247,0.3177323998,0,-1.221322743,4.404136542,-3.182813799
199.4,-64.99637933,0.05295508681,0.5959941247,0.3177323998,0,-1.221322743,4.404136542,-3.182813799
199.41,-64.99637933,0.05295508681,0.5959941247,0.3177323998,0,-1.221322743,4.404136542,-3.182813799
199.42,-64.99637933,0.05295508681,0.5959941247,0.3177323998,0,-1.221322743,4.404136542,-3.182813799
199.43,-64.99637933,0.05295508681,0.5959941247,0.3177323998,0,-1.221322743,4.404136542,-3.182813799
199.44,-64.99637933,0.05295508681,0.5959941247,0.3177323998,0,-1.221322743,4.404136542,-3.182813799
199.45,-64.99637933,0.05295508681,0.5959941247,0.3177323998,0,-1.221322743,4.404136542,-3.182813799
199.46,-64.99637933,0.05295508681,0.5959941247,0.3177323998,0,-1.221322743,4.404136542,-3.182813799
199.47,-64.99637933,0.05295508681,0.5959941247,0.3177323998,0,-1.221322743,4.404136542,-3.182813799
199.48,-64.99637933,0.05295508681,0.5959941247,0.3177323998,0,-1.221322743,4.404136542,-3.182813799
199.49,-64.99637933,0.05295508681,0.5959941247,0.3177323998,0,-1.221322743,4.404136542,-3.182813799
199.5,-64.99637933,0.05295508681,0.5959941247,0.3177323998,0,-1.221322743,4.404136542,-3.182813799
199.51,-64.99637933,0.05295508681,0.5959941247,0.3177323998,0,-1.221322743,4.404136542,-3.182813799
199.52,-64.99637933,0.05295508681,0.5959941247,0.3177323998,0,-1.221322743,4.404136542,-3.182813799
199.53,-64.99637933,0.05295508681,0.5959941247,0.3177323998,0,-1.221322743,4.404136542,-3.182813799
199.54,-64.99637933,0.05295508681,0.5959941247,0.3177323998,0,-1.221322743,4.404136542,-3.182813799
199.55,-64.99637933,0.05295508681,0.5959941247,0.3177323998,0,-1.221322743,4.404136542,-3.182813799
199.56,-64.99637933,0.05295508681,0.5959941247,0.3177323998,0,-1.221322743,4.404136542,-3.182813799
199.57,-64.99637933,0.05295508681,0.5959941247,0.3177323998,0,-1.221322743,4.404136542,-3.182813799
199.58,-64.99637933,0.05295508681,0.5959941247,0.3177323998,0,-1.221322743,4.404136542,-3.182813799
199.59,-64.99637933,0.05295508681,0.5959941247,0.3177323998,0,-1.221322743,4.404136542,-3.182813799
199.6,-64.99637933,0.05295508681,0.5959941247,0.3177323998,0,-1.221322743,4.404136542,-3.182813799
199.61,-64.99637933,0.05295508681,0.5959941247,0.3177323998,0,-1.221322743,4.404136542,-3.182813799
199.62,-64.99637933,0.05295508681,0.5959941247,0.3177323998,0,-1.221322743,4.404136542,-3.182813799
199.63,-64.99637933,0.05295508681,0.5959941247,0.3177323998,0,-1.221322743,4.404136542,-3.182813799
199.64,-64.99637933,0.05295508681,0.5959941247,0.3177323998,0,-1.221322743,4.404136542,-3.182813799
199.65,-64.99637933,0.05295508681,0.5959941247,0.3177323998,0,-1.221322743,4.404136542,-3.182813799
199.66,-64.99637933,0.05295508681,0.5959941247,0.3177323998,0,-1.221322743,4.404136542,-3.182813799
199.67,-64.99637933,0.05295508681,0.5959941247,0.3177323998,0,-1.221322743,4.404136542,-3.182813799
199.68,-64.99637933,0.05295508681,0.5959941247,0.3177323998,0,-1.221322743,4.404136542,-3.182813799
199.69,-64.99637933,0.05295508681,0.5959941247,0.3177323998,0,-1.221322743,4.404136542,-3.182813799
199.7,-64.99637933,0.05295508681,0.5959941247,0.3177323998,0,-1.221322743,4.404136542,-3.182813799
199.71,-64.99637933,0.05295508681,0.5959941247,0.3177323998,0,-1.221322743,4.404136542,-3.182813799
199.72,-64.99637933,0.05295508681,0.5959941247,0.3177323998,0,-1.221322743,4.404136542,-3.182813799
199.73,-64.99637933,0.05295508681,0.5959941247,0.3177323998,0,-1.221322743,4.404136542,-3.182813799
199.74,-64.99637933,0.05295508681,0.5959941247,0.3177323998,0,-1.221322743,4.404136542,-3.182813799
199.75,-64.99637933,0.05295508681,0.5959941247,0.3177323998,0,-1.221322743,4.404136542,-3.182813799
199.76,-64.99637933,0.05295508681,0.5959941247,0.3177323998,0,-1.221322743,4.404136542,-3.182813799
199.77,-64.99637933,0.05295508681,0.5959941247,0.3177323998,0,-1.221322743,4.404136542,-3.182813799
199.78,-64.99637933,0.05295508681,0.5959941247,0.3177323998,0,-1.221322743,4.404136542,-3.182813799
199.79,-64.99637933,0.05295508681,0.5959941247,0.3177323998,0,-1.221322743,4.404136542,-3.182813799
199.8,-64.99637933,0.05295508681,0.5959941247,0.3177323998,0,-1.221322743,4.404136542,-3.182813799
199.81,-64.99637933,0.05295508681,0.5959941247,0.3177323998,0,-1.221322743,4.404136542,-3.182813799
199.82,-64.99637933,0.05295508681,0.5959941247,0.3177323998,0,-1.221322743,4.404136542,-3.182813799
199.83,-64.99637933,0.05295508681,0.5959941247,0.3177323998,0,-1.221322743,4.404136542,-3.182813799
199.84,-64.99637933,0.05295508681,0.5959941247,0.3177323998,0,-1.221322743,4.404136542,-3.182813799
199.85,-64.99637933,0.05295508681,0.5959941247,0.3177323998,0,-1.221322743,4.404136542,-3.182813799
199.86,-64.99637933,0.05295508681,0.5959941247,0.3177323998,0,-1.221322743,4.404136542,-3.182813799
199.87,-64.99637933,0.05295508681,0.5959941247,0.3177323998,0,-1.221322743,4.404136542,-3.182813799
199.88,-64.99637933,0.05295508681,0.5959941247,0.3177323998,0,-1.221322743,4.404136542,-3.182813799
199.89,-64.99637933,0.05295508681,0.5959941247,0.3177323998,0,-1.221322743,4.404136542,-3.182813799
199.9,-64.99637933,0.05295508681,0.5959941247,0.3177323998,0,-1.221322743,4.404136542,-3.182813799
199.91,-64.99637933,0.05295508681,0.5959941247,0.3177323998,0,-1.221322743,4.404136542,-3.182813799
199.92,-64.99637933,0.05295508681,0.5959941247,0.3177323998,0,-1.221322743,4.404136542,-3.182813799
199.93,-64.99637933,0.05295508681,0.5959941247,0.3177323998,0,-1.221322743,4.404136542,-3.182813799
199.94,-64.99637933,0.05295508681,0.5959941247,0.3177323998,0,-1.221322743,4.404136542,-3.182813799
199.95,-64.99637933,0.05295508681,0.5959941247,0.3177323998,0,-1.221322743,4.404136542,-3.182813799
199.96,-64.99637933,0.05295508681,0.5959941247,0.3177323998,0,-1.221322743,4.404136542,-3.182813799
199.97,-64.99637933,0.05295508681,0.5959941247,0.3177323998,0,-1.221322743,4.404136542,-3.182813799
199.98,-64.99637933,0.05295508681,0.5959941247,0.3177323998,0,-1.221322743,4.404136542,-3.182813799
199.99,-64.99637933,0.05295508681,0.5959941247,0.3177323998,0,-1.221322743,4.404136542,-3.182813799
200,-64.99637933,0.05295508681,0.5959941247,0.3177323998,0,-1.221322743,4.404136542,-3.182813799
